	质量 A					
t	x	y	vx	vy	v	
0.000	1.214E-3	3.113E-2			
0.017	4.213E-3	2.770E-2	0.180	-0.116	0.214
0.033	7.211E-3	2.727E-2	1.285E-2	2.570E-2	2.874E-2
0.050	4.641E-3	2.856E-2	-6.426E-2	8.996E-2	0.111
0.067	5.069E-3	3.027E-2	2.085E-2	5.602E-2	5.977E-2
0.083	5.336E-3	3.042E-2	6.502E-4	9.417E-4	1.144E-3
0.100	5.091E-3	3.030E-2	-4.468E-3	-3.338E-3	5.577E-3
0.117	5.187E-3	3.031E-2	-4.418E-3	-5.779E-4	4.455E-3
0.133	4.944E-3	3.028E-2	-1.266E-2	-1.838E-3	1.280E-2
0.150	4.765E-3	3.025E-2	3.521E-2	-5.400E-3	3.562E-2
0.167	6.118E-3	3.010E-2	-0.152	9.745E-2	0.181
0.183	-3.172E-4	3.350E-2	-5.434E-2	-9.517E-2	0.110
0.200	4.306E-3	2.693E-2	0.157	-0.131	0.205
0.217	4.921E-3	2.913E-2	9.771E-2	1.344E-2	9.863E-2
0.233	7.563E-3	2.738E-2	-7.616E-3	-0.180	0.180
0.250	4.668E-3	2.313E-2	7.127E-2	-0.305	0.313
0.267	9.939E-3	1.721E-2	0.316	-0.290	0.429
0.283	1.519E-2	1.344E-2	0.410	-0.340	0.533
0.300	2.362E-2	5.892E-3	0.507	-0.577	0.767
0.317	3.207E-2	-5.776E-3	0.439	-0.666	0.798
0.333	3.824E-2	-1.632E-2	0.445	-0.493	0.664
0.350	4.690E-2	-2.222E-2	0.494	-0.298	0.577
0.367	5.471E-2	-2.624E-2	0.624	-0.328	0.705
0.383	6.769E-2	-3.314E-2	0.678	-0.405	0.789
0.400	7.730E-2	-3.974E-2	0.644	-0.394	0.755
0.417	8.917E-2	-4.626E-2	0.672	-0.539	0.861
0.433	9.969E-2	-5.770E-2	0.785	-0.557	0.963
0.450	0.115	-6.483E-2	0.767	-0.285	0.819
0.467	0.125	-6.720E-2	0.436	3.191E-3	0.436
0.483	0.130	-6.473E-2	0.273	0.128	0.302
0.500	0.134	-6.293E-2	0.150	-9.247E-2	0.176
0.517	0.135	-6.781E-2	0.542	-0.713	0.895
0.533	0.152	-8.668E-2			
0.550					
0.567	0.152	-8.113E-2			
0.583	0.146	-9.089E-2	-9.317E-2	-0.274	0.289
0.600	0.149	-9.026E-2	0.352	6.952E-2	0.359
0.617	0.158	-8.857E-2	0.336	-5.751E-2	0.341
0.633	0.160	-9.217E-2	9.734E-2	-0.276	0.293
0.650	0.161	-9.777E-2	-0.311	-0.422	0.524
0.667	0.150	-0.106	-0.502	-0.329	0.600
0.683	0.144	-0.109	-0.251	-0.106	0.272
0.700	0.142	-0.110	-0.161	0.167	0.232
0.717	0.139	-0.103	-0.389	4.720E-2	0.391
0.733	0.129	-0.108	-0.383	-0.148	0.411
0.750	0.126	-0.108	-0.123	0.462	0.479
0.767	0.125	-9.278E-2	-0.313	0.321	0.448
0.783	0.116	-9.743E-2	-0.403	0.100	0.416
0.800	0.111	-8.944E-2	-0.627	3.006E-2	0.628
0.817	9.485E-2	-9.643E-2	-0.479	0.170	0.508
0.833	9.513E-2	-8.378E-2	-0.533	0.199	0.569
0.850	7.709E-2	-8.980E-2	-0.625	-3.467E-3	0.625
0.867	7.431E-2	-8.389E-2	-0.135	0.487	0.505
0.883	7.259E-2	-7.358E-2	-0.401	0.396	0.564
0.900	6.094E-2	-7.069E-2	-0.615	0.186	0.643
0.917	5.207E-2	-6.738E-2	-0.540	0.151	0.561
0.933	4.295E-2	-6.564E-2	-0.806	0.310	0.864
0.950	2.520E-2	-5.704E-2	-0.804	0.547	0.972
0.967	1.614E-2	-4.741E-2	-0.482	0.487	0.685
0.983	9.146E-3	-4.081E-2	-0.486	0.542	0.728
1.000	-5.842E-5	-2.933E-2	-0.602	0.396	0.720
1.017	-1.091E-2	-2.762E-2	-0.468	0.250	0.530
1.033	-1.565E-2	-2.099E-2	-4.564E-2	0.582	0.584
1.050	-1.243E-2	-8.211E-3	5.536E-3	0.529	0.529
1.067	-1.546E-2	-3.366E-3	-0.229	0.125	0.261
1.083	-2.007E-2	-4.042E-3	-0.176	8.854E-2	0.197
1.100	-2.134E-2	-4.149E-4	-0.119	-9.609E-2	0.153
1.117	-2.404E-2	-7.245E-3	-4.204E-2	0.227	0.231
1.133	-2.274E-2	7.154E-3	0.219	0.297	0.370
1.150	-1.673E-2	2.665E-3	0.256	-8.085E-2	0.268
1.167	-1.422E-2	4.460E-3	-7.256E-2	0.188	0.201
1.183	-1.914E-2	8.919E-3	-7.640E-2	0.159	0.176
1.200	-1.677E-2	9.751E-3	7.407E-2	-3.076E-2	8.020E-2
1.217	-1.668E-2	7.893E-3	0.234	-0.116	0.261
1.233	-8.985E-3	5.874E-3	0.664	4.926E-2	0.666
1.250	5.464E-3	9.535E-3	0.659	-0.206	0.690
1.267	1.297E-2	-1.004E-3	0.425	-0.411	0.591
1.283	1.962E-2	-4.157E-3	0.539	-2.626E-2	0.539
1.300	3.093E-2	-1.880E-3	0.574	0.148	0.592
1.317	3.874E-2	7.706E-4	0.523	-0.135	0.540
1.333	4.835E-2	-6.371E-3	0.532	-0.281	0.601
1.350	5.646E-2	-8.596E-3	0.132	-0.339	0.364
1.367	5.274E-2	-1.768E-2	0.563	-0.398	0.689
1.383	7.521E-2	-2.185E-2	1.103	-0.332	1.152
1.400	8.951E-2	-2.874E-2	0.770	-0.221	0.801
1.417	0.101	-2.922E-2	0.470	-8.602E-3	0.470
1.433	0.105	-2.903E-2	0.395	-0.278	0.483
1.450	0.114	-3.848E-2	0.459	-0.524	0.697
1.467	0.120	-4.650E-2	0.363	-5.062E-2	0.366
1.483	0.126	-4.017E-2	0.368	0.159	0.401
1.500	0.133	-4.119E-2	0.384	-2.561E-2	0.385
1.517	0.139	-4.102E-2	0.381	5.509E-3	0.381
1.533	0.145	-4.101E-2	0.366	-5.491E-4	0.366
1.550	0.151	-4.104E-2	0.304	-8.080E-2	0.314
1.567	0.156	-4.370E-2	0.164	-0.113	0.199
1.583	0.157	-4.481E-2	0.134	-7.131E-2	0.152
1.600	0.160	-4.608E-2	-3.139E-2	-9.444E-2	9.952E-2
1.617	0.156	-4.795E-2	-6.506E-2	-0.133	0.148
1.633	0.158	-5.050E-2	-9.579E-3	-0.132	0.133
1.650	0.155	-5.236E-2	-0.306	-0.176	0.353
1.667	0.148	-5.638E-2	-0.274	-0.278	0.390
1.683	0.146	-6.164E-2	-0.346	-0.203	0.401
1.700	0.136	-6.316E-2	-0.146	-0.100	0.177
1.717	0.141	-6.498E-2	-0.258	-8.269E-2	0.271
1.733	0.128	-6.591E-2	-0.656	-2.890E-2	0.656
1.750	0.119	-6.595E-2	-0.496	4.162E-3	0.496
1.767	0.111	-6.577E-2	-0.370	-0.252	0.448
1.783	0.107	-7.434E-2	-0.475	-0.460	0.661
1.800	9.517E-2	-8.109E-2	-0.509	-0.132	0.526
1.817	9.008E-2	-7.873E-2	-0.428	0.466	0.633
1.833	8.089E-2	-6.555E-2	-0.793	0.677	1.043
1.850	6.366E-2	-5.615E-2	-0.849	0.305	0.902
1.867	5.260E-2	-5.537E-2	-0.446	-0.141	0.468
1.883	4.878E-2	-6.084E-2	-0.373	-0.352	0.513
1.900	4.015E-2	-6.710E-2	-0.507	-0.179	0.538
1.917	3.188E-2	-6.679E-2	-0.361	0.408	0.545
1.933	2.810E-2	-5.349E-2	-0.648	0.762	1.000
1.950	1.026E-2	-4.140E-2	-0.609	0.395	0.726
1.967	7.812E-3	-4.033E-2	-0.426	0.193	0.467
1.983	-3.921E-3	-3.498E-2	-0.491	4.962E-2	0.493
2.000	-8.539E-3	-3.867E-2	-0.653	-4.652E-2	0.654
2.017	-2.567E-2	-3.653E-2	-0.148	0.290	0.326
2.033	-1.349E-2	-2.900E-2	0.324	0.191	0.376
2.050	-1.486E-2	-3.017E-2	-0.208	-1.980E-2	0.209
2.067	-2.043E-2	-2.966E-2	-0.473	6.298E-3	0.473
2.083	-3.062E-2	-2.996E-2	-0.529	-0.193	0.563
2.100	-3.805E-2	-3.611E-2	-0.206	-0.167	0.265
2.117	-3.749E-2	-3.551E-2	7.612E-2	0.316	0.325
2.133	-3.551E-2	-2.558E-2	0.350	0.453	0.573
2.150	-2.581E-2	-2.041E-2	0.281	8.502E-2	0.293
2.167	-2.615E-2	-2.274E-2	-6.417E-2	-1.756E-2	6.653E-2
2.183	-2.795E-2	-2.099E-2	4.959E-2	0.258	0.263
2.200	-2.450E-2	-1.413E-2	0.185	0.117	0.219
2.217	-2.179E-2	-1.709E-2	0.546	-0.482	0.728
2.233	-6.305E-3	-3.019E-2	0.760	-0.382	0.850
2.250	3.548E-3	-2.981E-2	0.393	3.115E-2	0.394
2.267	6.780E-3	-2.915E-2	0.268	-0.239	0.359
2.283	1.247E-2	-3.779E-2	0.774	-4.851E-3	0.774
2.300	3.258E-2	-2.932E-2	0.537	-2.954E-2	0.538
2.317	3.037E-2	-3.877E-2	0.568	1.111E-2	0.568
2.333	5.151E-2	-2.894E-2	0.538	3.727E-2	0.540
2.350	4.832E-2	-3.753E-2	0.463	-0.461	0.654
2.367	6.696E-2	-4.432E-2	0.826	-8.767E-2	0.830
2.383	7.585E-2	-4.045E-2	0.621	0.160	0.641
2.400	8.766E-2	-3.900E-2	0.587	0.112	0.597
2.417	9.540E-2	-3.672E-2	0.621	0.149	0.639
2.433	0.108	-3.404E-2	0.731	0.395	0.831
2.450	0.120	-2.354E-2	0.568	0.368	0.677
2.467	0.127	-2.176E-2	0.334	7.554E-2	0.343
2.483	0.131	-2.102E-2	0.176	9.362E-2	0.199
2.500	0.133	-1.864E-2	0.255	0.267	0.369
2.517	0.139	-1.213E-2	0.298	0.257	0.394
2.533	0.143	-1.008E-2	0.298	0.167	0.342
2.550	0.149	-6.556E-3	0.118	5.500E-2	0.130
2.567	0.147	-8.250E-3	-9.394E-2	-3.162E-2	9.912E-2
2.583	0.146	-7.610E-3	-1.605E-2	7.235E-2	7.411E-2
2.600	0.146	-5.838E-3	-8.705E-2	2.577E-2	9.078E-2
2.617	0.143	-6.751E-3	-9.676E-2	-0.193	0.216
2.633	0.143	-1.226E-2	-0.139	-0.219	0.260
2.650	0.139	-1.406E-2	-0.278	-4.686E-2	0.282
2.667	0.134	-1.382E-2	-0.382	5.489E-3	0.382
2.683	0.126	-1.387E-2	-0.491	-0.157	0.515
2.700	0.118	-1.907E-2	-0.487	-0.201	0.527
2.717	0.110	-2.057E-2	-0.756	-0.333	0.826
2.733	9.244E-2	-3.016E-2	-1.014	-8.677E-2	1.018
2.750	7.592E-2	-2.347E-2	-0.794	-4.293E-2	0.795
2.767	6.597E-2	-3.159E-2	-0.338	9.422E-2	0.351
2.783	6.464E-2	-2.033E-2	-0.218	0.248	0.330
2.800	5.870E-2	-2.332E-2	-0.487	-4.410E-2	0.489
2.817	4.841E-2	-2.179E-2	-0.646	0.128	0.658
2.833	3.718E-2	-1.906E-2	-0.721	-0.113	0.729
2.850	2.439E-2	-2.556E-2	-0.628	-0.164	0.650
2.867	1.623E-2	-2.454E-2	-0.325	1.323E-2	0.326
2.883	1.354E-2	-2.511E-2	-0.425	0.178	0.461
2.900	2.073E-3	-1.859E-2	-0.334	0.258	0.422
2.917	2.421E-3	-1.652E-2	-0.217	-0.250	0.331
2.933	-5.170E-3	-2.691E-2	-0.476	-0.561	0.736
2.950	-1.345E-2	-3.520E-2	-0.594	-0.139	0.610
2.967	-2.496E-2	-3.153E-2	-0.462	0.107	0.475
2.983	-2.886E-2	-3.164E-2	-0.169	0.148	0.225
3.000	-3.060E-2	-2.659E-2	-0.158	8.498E-2	0.180
3.017	-3.414E-2	-2.880E-2	3.440E-2	-0.433	0.434
3.033	-2.945E-2	-4.102E-2	0.388	-0.600	0.714
3.050	-2.121E-2	-4.880E-2	0.379	-6.324E-2	0.384
3.067	-1.683E-2	-4.313E-2	-0.155	0.234	0.280
3.083	-2.636E-2	-4.101E-2	-0.167	-5.497E-2	0.176
3.100	-2.241E-2	-4.496E-2	0.243	-0.217	0.326
3.117	-1.825E-2	-4.824E-2	0.188	-0.175	0.257
3.133	-1.614E-2	-5.080E-2	0.254	-8.766E-2	0.269
3.150	-9.783E-3	-5.116E-2	0.362	-0.149	0.391
3.167	-4.093E-3	-5.578E-2	0.442	-0.265	0.515
3.183	4.937E-3	-6.001E-2	0.382	-0.215	0.438
3.200	8.629E-3	-6.293E-2	0.540	-0.366	0.652
3.217	2.294E-2	-7.219E-2	0.469	-0.111	0.482
3.233	2.425E-2	-6.665E-2	0.704	-0.149	0.720
3.250	4.642E-2	-7.716E-2	0.633	-0.300	0.700
3.267	4.535E-2	-7.663E-2	0.462	2.641E-2	0.463
3.283	6.183E-2	-7.628E-2	0.481	-0.165	0.508
3.300	6.137E-2	-8.213E-2	0.394	-0.305	0.498
3.317	7.496E-2	-8.645E-2	0.699	-3.109E-2	0.700
3.333	8.467E-2	-8.316E-2	0.584	0.239	0.631
3.350	9.443E-2	-7.847E-2	0.578	0.208	0.615
3.367	0.104	-7.622E-2	0.494	0.121	0.509
3.383	0.111	-7.446E-2	0.408	4.321E-2	0.410
3.400	0.118	-7.478E-2	0.269	6.382E-2	0.277
3.417	0.120	-7.233E-2	0.229	0.153	0.275
3.433	0.125	-6.967E-2	0.337	0.167	0.376
3.450	0.131	-6.676E-2	0.421	0.157	0.449
3.467	0.139	-6.443E-2	0.340	0.302	0.455
3.483	0.142	-5.668E-2	0.137	0.281	0.313
3.500	0.144	-5.506E-2	0.106	6.506E-2	0.124
3.517	0.146	-5.452E-2	4.079E-2	0.166	0.170
3.533	0.145	-4.954E-2	-8.919E-3	0.255	0.255
3.550	0.146	-4.602E-2	-8.259E-2	0.129	0.153
3.567	0.142	-4.523E-2	-0.131	0.132	0.186
3.583	0.141	-4.163E-2	-0.187	0.136	0.231
3.600	0.136	-4.071E-2	-0.176	0.148	0.230
3.617	0.135	-3.669E-2	-0.177	0.164	0.241
3.633	0.130	-3.525E-2	-4.012E-2	0.119	0.126
3.650	0.134	-3.272E-2	-0.122	8.879E-2	0.151
3.667	0.126	-3.230E-2	-0.386	0.173	0.423
3.683	0.121	-2.696E-2	-0.742	-0.104	0.750
3.700	0.101	-3.576E-2	-0.781	0.133	0.792
3.717	9.518E-2	-2.252E-2	-0.435	0.594	0.737
3.733	8.689E-2	-1.595E-2	-0.615	0.265	0.669
3.750	7.469E-2	-1.369E-2	-0.875	0.208	0.900
3.767	5.772E-2	-9.002E-3	-0.926	0.122	0.934
3.783	4.382E-2	-9.610E-3	-0.449	-1.290E-2	0.449
3.800	4.276E-2	-9.432E-3	-0.418	6.437E-2	0.423
3.817	2.987E-2	-7.464E-3	-0.442	1.120E-2	0.442
3.833	2.802E-2	-9.059E-3	-0.334	6.345E-2	0.340
3.850	1.874E-2	-5.349E-3	-0.398	9.778E-2	0.410
3.867	1.474E-2	-5.800E-3	-0.359	-6.571E-2	0.365
3.883	6.762E-3	-7.539E-3	-0.104	5.843E-3	0.104
3.900	1.129E-2	-5.605E-3	-0.237	0.240	0.337
3.917	-1.136E-3	4.666E-4	-0.682	0.212	0.714
3.933	-1.144E-2	1.470E-3	-0.499	-0.312	0.588
3.950	-1.776E-2	-9.942E-3	-0.188	-0.657	0.684
3.967	-1.771E-2	-2.044E-2	-6.523E-2	-0.265	0.272
3.983	-1.993E-2	-1.876E-2	0.297	0.135	0.326
4.000	-7.805E-3	-1.594E-2	0.444	-3.852E-2	0.446
4.017	-5.128E-3	-2.004E-2	9.477E-2	-0.314	0.328
4.033	-4.646E-3	-2.641E-2	9.471E-2	-0.344	0.357
4.050	-1.971E-3	-3.151E-2	0.117	-0.339	0.359
4.067	-7.540E-4	-3.771E-2	0.125	-0.522	0.536
4.083	2.180E-3	-4.890E-2	0.227	-0.666	0.703
4.100	6.818E-3	-5.991E-2	0.411	-0.590	0.719
4.117	1.588E-2	-6.856E-2	0.633	-0.315	0.707
4.133	2.790E-2	-7.040E-2	0.580	-0.195	0.612
4.150	3.523E-2	-7.505E-2	0.247	-0.199	0.317
4.167	3.613E-2	-7.702E-2	3.361E-2	-8.601E-2	9.235E-2
4.183	3.635E-2	-7.792E-2	0.420	-0.348	0.545
4.200	5.012E-2	-8.862E-2	0.433	-0.375	0.573
4.217	5.079E-2	-9.041E-2	0.385	-0.140	0.409
4.233	6.294E-2	-9.329E-2	0.734	-9.920E-2	0.741
4.250	7.526E-2	-9.371E-2	0.458	-0.212	0.505
4.267	7.820E-2	-0.100	0.359	-9.288E-2	0.370
4.283	8.721E-2	-9.681E-2	0.582	8.719E-2	0.588
4.300	9.759E-2	-9.746E-2	0.282	-0.209	0.351
4.317	9.661E-2	-0.104	0.139	-0.157	0.210
4.333	0.102	-0.103	0.401	-2.884E-2	0.402
4.350	0.110	-0.105	0.346	5.985E-3	0.346
4.367	0.114	-0.102	0.245	0.132	0.278
4.383	0.118	-0.100	0.251	0.113	0.275
4.400	0.122	-9.873E-2	0.226	0.276	0.357
4.417	0.126	-9.117E-2	0.270	0.323	0.421
4.433	0.131	-8.796E-2	0.129	0.141	0.191
4.450	0.130	-8.648E-2	6.367E-2	0.203	0.213
4.467	0.133	-8.120E-2	0.198	0.258	0.326
4.483	0.137	-7.787E-2	9.330E-2	0.243	0.260
4.500	0.136	-7.310E-2	-4.775E-2	0.277	0.281
4.517	0.135	-6.863E-2	-5.623E-2	0.257	0.263
4.533	0.134	-6.452E-2	4.608E-3	0.134	0.134
4.550	0.135	-6.417E-2	-0.139	0.262	0.297
4.567	0.130	-5.579E-2	-0.293	8.086E-2	0.304
4.583	0.125	-6.147E-2	-0.122	0.134	0.181
4.600	0.126	-5.132E-2	-4.089E-2	0.416	0.418
4.617	0.124	-4.761E-2	-0.432	7.621E-2	0.439
4.633	0.111	-4.878E-2	-0.598	0.135	0.613
4.650	0.104	-4.310E-2	-0.549	0.308	0.629
4.667	9.307E-2	-3.850E-2	-0.427	0.448	0.618
4.683	8.988E-2	-2.818E-2	-0.320	0.638	0.713
4.700	8.241E-2	-1.725E-2	-0.628	0.707	0.946
4.717	6.896E-2	-4.603E-3	-0.680	0.369	0.773
4.733	5.975E-2	-4.959E-3	-0.441	0.375	0.579
4.750	5.427E-2	7.894E-3	-0.391	0.637	0.747
4.767	4.673E-2	1.628E-2	-0.390	0.130	0.411
4.783	4.129E-2	1.224E-2	-0.122	-0.197	0.232
4.800	4.266E-2	9.712E-3	-0.353	-5.972E-2	0.358
4.817	2.952E-2	1.025E-2	-0.752	0.284	0.804
4.833	1.758E-2	1.916E-2	-0.338	0.211	0.399
4.850	1.825E-2	1.728E-2	6.829E-2	-6.457E-2	9.398E-2
4.867	1.985E-2	1.701E-2	0.379	0.391	0.545
4.883	3.089E-2	3.031E-2	1.186E-2	0.116	0.116
4.900	2.025E-2	2.087E-2	-0.367	-0.164	0.402
4.917	1.866E-2	2.484E-2	0.173	0.117	0.209
4.933	2.601E-2	2.477E-2	0.346	-0.154	0.379
4.950	3.019E-2	1.971E-2	-2.008E-2	-0.431	0.431
4.967	2.534E-2	1.041E-2	-0.155	-0.709	0.726
4.983	2.503E-2	-3.924E-3	0.185	-0.655	0.681
5.000	3.152E-2	-1.144E-2	0.458	-0.602	0.756
5.017	4.029E-2	-2.398E-2	0.434	-0.537	0.690
5.033	4.600E-2	-2.933E-2	0.567	1.374E-2	0.567
5.050	5.918E-2	-2.353E-2	0.541	-0.116	0.554
5.067	6.404E-2	-3.320E-2	0.447	-0.429	0.620
5.083	7.409E-2	-3.782E-2	0.572	-0.261	0.629
5.100	8.312E-2	-4.189E-2	0.744	-0.594	0.952
5.117	9.888E-2	-5.761E-2	0.610	-0.398	0.728
5.133	0.103	-5.517E-2	0.219	3.875E-2	0.222
5.150	0.106	-5.632E-2	0.520	-7.125E-2	0.525
5.167	0.121	-5.755E-2	0.360	-0.103	0.375
5.183	0.118	-5.977E-2	0.259	-0.347	0.433
5.200	0.129	-6.913E-2	0.313	-2.023E-2	0.314
5.217	0.129	-6.044E-2	5.116E-2	-5.121E-2	7.239E-2
5.233	0.131	-7.083E-2	5.812E-2	-0.277	0.283
5.250	0.131	-6.969E-2	1.584E-2	8.277E-2	8.427E-2
5.267	0.132	-6.807E-2	0.174	0.221	0.282
5.283	0.136	-6.231E-2	0.101	0.234	0.255
5.300	0.135	-6.027E-2	0.147	1.419E-2	0.148
5.317	0.141	-6.184E-2	6.303E-2	7.108E-2	9.500E-2
5.333	0.137	-5.791E-2	-0.289	8.893E-2	0.302
5.350	0.132	-5.887E-2	2.466E-3	3.083E-2	3.093E-2
5.367	0.137	-5.688E-2	3.765E-2	-0.278	0.280
5.383	0.133	-6.813E-2	-0.170	-0.160	0.234
5.400	0.131	-6.221E-2	-0.176	0.255	0.310
5.417	0.127	-5.963E-2	-0.531	-0.160	0.554
5.433	0.114	-6.754E-2	-0.630	-3.088E-4	0.630
5.450	0.106	-5.964E-2	-0.470	0.369	0.597
5.467	9.815E-2	-5.523E-2	-0.538	8.920E-2	0.545
5.483	8.810E-2	-5.667E-2	-0.696	-9.993E-2	0.703
5.500	7.496E-2	-5.856E-2	-0.759	0.147	0.773
5.517	6.279E-2	-5.178E-2	-0.299	0.290	0.416
5.533	6.499E-2	-4.890E-2	-0.109	0.343	0.360
5.550	5.915E-2	-4.034E-2	-0.487	0.289	0.567
5.567	4.874E-2	-3.928E-2	-0.439	0.454	0.632
5.583	4.450E-2	-2.520E-2	-0.597	0.670	0.897
5.600	2.884E-2	-1.694E-2	-0.666	0.541	0.858
5.617	2.228E-2	-7.181E-3	1.665E-2	0.590	0.590
5.633	2.940E-2	2.709E-3	0.420	0.152	0.447
5.650	3.629E-2	-2.105E-3	-1.296E-2	0.249	0.250
5.667	2.896E-2	1.102E-2	-0.145	0.436	0.460
5.683	3.147E-2	1.244E-2	6.456E-2	-0.110	0.128
5.700	3.112E-2	7.340E-3	-0.435	-0.149	0.460
5.717	1.698E-2	7.464E-3	-0.230	1.736E-2	0.230
5.733	2.346E-2	7.919E-3	0.371	6.507E-2	0.376
5.750	2.934E-2	9.633E-3	-3.155E-4	0.166	0.166
5.767	2.345E-2	1.347E-2	-7.561E-2	0.192	0.206
5.783	2.682E-2	1.602E-2	0.261	-5.918E-2	0.267
5.800	3.214E-2	1.149E-2	0.235	-0.214	0.318
5.817	3.465E-2	8.901E-3	0.428	-0.146	0.452
5.833	4.641E-2	6.635E-3	0.562	-0.246	0.614
5.850	5.339E-2	6.994E-4	0.436	-0.524	0.681
5.867	6.093E-2	-1.082E-2	0.565	-0.644	0.857
5.883	7.223E-2	-2.078E-2	0.431	-0.303	0.526
5.900	7.529E-2	-2.090E-2	0.691	-0.384	0.790
5.917	9.526E-2	-3.358E-2	0.610	-0.479	0.776
5.933	9.563E-2	-3.688E-2	7.989E-2	-0.212	0.227
5.950	9.792E-2	-4.066E-2	0.435	-0.112	0.449
5.967	0.110	-4.062E-2	0.375	-3.888E-2	0.377
5.983	0.110	-4.196E-2	0.241	-3.421E-2	0.243
6.000	0.118	-4.176E-2	0.326	-8.992E-2	0.338
6.017	0.121	-4.495E-2	3.621E-2	-0.470	0.472
6.033	0.119	-5.744E-2	-1.750E-3	-0.620	0.620
6.050	0.121	-6.561E-2	1.635E-2	-0.117	0.118
6.067	0.120	-6.135E-2	0.323	0.308	0.446
6.083	0.132	-5.534E-2	0.344	1.506E-2	0.344
6.100	0.131	-6.085E-2	-0.136	-0.121	0.182
6.117	0.127	-5.936E-2	-0.360	-0.215	0.419
6.133	0.119	-6.800E-2	-0.337	-0.476	0.584
6.150	0.116	-7.524E-2	-0.209	-0.480	0.524
6.167	0.112	-8.400E-2	-0.297	-0.108	0.316
6.183	0.106	-7.884E-2	-0.330	0.241	0.409
6.200	0.101	-7.596E-2	3.724E-2	-0.199	0.203
6.217	0.108	-8.548E-2	-0.338	-0.298	0.451
6.233	9.012E-2	-8.589E-2	-0.334	-1.218E-2	0.334
6.250	9.640E-2	-8.589E-2	-9.387E-2	-2.118E-2	9.623E-2
6.267	8.699E-2	-8.659E-2	-0.377	0.125	0.397
6.283	8.383E-2	-8.171E-2	-0.328	0.313	0.453
6.300	7.607E-2	-7.615E-2	-0.862	-2.875E-2	0.862
6.317	5.510E-2	-8.267E-2	-0.521	0.304	0.604
6.333	5.869E-2	-6.602E-2	-1.475E-2	0.360	0.361
6.350	5.461E-2	-7.066E-2	-0.577	-0.362	0.681
6.367	3.946E-2	-7.811E-2	-0.887	0.101	0.892
6.383	2.505E-2	-6.730E-2	-0.432	0.761	0.875
6.400	2.506E-2	-5.274E-2	-0.207	0.524	0.564
6.417	1.815E-2	-4.982E-2	-0.394	-0.298	0.494
6.433	1.192E-2	-6.266E-2	-0.400	-0.270	0.483
6.450	4.818E-3	-5.883E-2	-0.318	0.236	0.396
6.467	1.321E-3	-5.478E-2	0.128	0.598	0.612
6.483	9.083E-3	-3.888E-2	-0.171	0.359	0.398
6.500	-4.387E-3	-4.282E-2	-0.410	-6.030E-2	0.414
6.517	-4.568E-3	-4.089E-2	7.357E-2	-5.988E-2	9.486E-2
6.533	-1.935E-3	-4.482E-2	1.739E-2	-3.566E-2	3.967E-2
6.550	-3.989E-3	-4.208E-2	-0.139	0.433	0.455
6.567	-6.580E-3	-3.038E-2	0.257	0.605	0.657
6.583	4.562E-3	-2.190E-2	0.337	0.444	0.557
6.600	4.647E-3	-1.559E-2	-0.299	-0.112	0.320
6.617	-5.410E-3	-2.565E-2	-0.183	-0.188	0.263
6.633	-1.463E-3	-2.186E-2	0.183	0.245	0.306
6.650	6.927E-4	-1.749E-2	0.232	6.880E-2	0.242
6.667	6.270E-3	-1.956E-2	0.355	-1.386E-2	0.355
6.683	1.251E-2	-1.795E-2	0.786	0.389	0.877
6.700	3.248E-2	-6.605E-3	0.554	0.533	0.769
6.717	3.098E-2	-1.838E-4	0.300	0.123	0.324
6.733	4.248E-2	-2.505E-3	0.503	-1.398E-2	0.503
6.750	4.774E-2	-6.497E-4	0.295	-0.484	0.567
6.767	5.231E-2	-1.864E-2	0.495	-0.588	0.769
6.783	6.425E-2	-2.026E-2	0.543	4.296E-2	0.545
6.800	7.042E-2	-1.721E-2	0.764	-1.715E-2	0.764
6.817	8.971E-2	-2.083E-2	0.610	-0.113	0.620
6.833	9.074E-2	-2.097E-2	0.342	-1.292E-2	0.343
6.850	0.101	-2.126E-2	0.879	-0.169	0.895
6.867	0.120	-2.659E-2	1.011	-4.074E-2	1.011
6.883	0.135	-2.262E-2	0.488	0.383	0.620
6.900	0.136	-1.383E-2	-0.177	0.289	0.339
6.917	0.129	-1.298E-2	-0.468	-0.188	0.505
6.933	0.121	-2.010E-2	-9.802E-3	-0.235	0.236
6.950	0.129	-2.083E-2	0.295	-8.400E-2	0.306
6.967	0.131	-2.290E-2	-2.506E-2	-0.101	0.104
6.983	0.128	-2.419E-2	-0.281	-0.181	0.335
7.000	0.121	-2.894E-2	-0.284	-0.218	0.358
7.017	0.118	-3.146E-2	-0.161	0.115	0.198
7.033	0.116	-2.510E-2	-0.335	-6.648E-2	0.341
7.050	0.107	-3.367E-2	-0.471	-5.862E-2	0.474
7.067	0.100	-2.706E-2	-0.595	-0.185	0.623
7.083	8.732E-2	-3.985E-2	-0.678	-0.472	0.827
7.100	7.745E-2	-4.280E-2	-0.535	-0.191	0.568
7.117	6.948E-2	-4.622E-2	-0.667	0.103	0.675
7.133	5.521E-2	-3.937E-2	-0.712	0.260	0.758
7.150	4.575E-2	-3.756E-2	-0.474	7.087E-2	0.480
7.167	3.940E-2	-3.701E-2	-0.491	-4.358E-2	0.492
7.183	2.940E-2	-3.901E-2	-0.516	-1.577E-2	0.516
7.200	2.221E-2	-3.754E-2	-0.392	0.242	0.461
7.217	1.634E-2	-3.093E-2	-3.641E-2	0.400	0.402
7.233	2.100E-2	-2.421E-2	-0.181	4.300E-2	0.186
7.250	1.030E-2	-2.949E-2	-0.143	3.571E-4	0.143
7.267	1.623E-2	-2.420E-2	4.072E-2	0.181	0.186
7.283	1.166E-2	-2.346E-2	-0.240	2.742E-2	0.242
7.300	8.230E-3	-2.328E-2	-0.129	7.554E-2	0.150
7.317	7.351E-3	-2.094E-2	-0.106	3.192E-2	0.111
7.333	4.701E-3	-2.222E-2	-2.267E-2	-4.927E-2	5.423E-2
7.350	6.595E-3	-2.259E-2	0.274	0.131	0.304
7.367	1.383E-2	-1.786E-2	0.235	0.123	0.266
7.383	1.444E-2	-1.847E-2	0.128	-0.310	0.335
7.400	1.809E-2	-2.818E-2	0.131	-0.422	0.442
7.417	1.882E-2	-3.253E-2	-0.157	-0.195	0.250
7.433	1.287E-2	-3.470E-2	-0.191	-6.963E-2	0.204
7.450	1.244E-2	-3.485E-2	0.301	0.407	0.506
7.467	2.291E-2	-2.113E-2	0.604	0.288	0.669
7.483	3.257E-2	-2.524E-2	0.350	-0.134	0.375
7.500	3.459E-2	-2.559E-2	0.335	-0.135	0.361
7.517	4.372E-2	-2.975E-2	0.517	-0.206	0.557
7.533	5.183E-2	-3.245E-2	0.514	-0.581	0.775
7.550	6.084E-2	-4.911E-2	0.467	-0.384	0.605
7.567	6.741E-2	-4.526E-2	0.518	-0.161	0.542
7.583	7.810E-2	-5.447E-2	0.403	2.595E-2	0.404
7.600	8.083E-2	-4.440E-2	0.687	0.397	0.793
7.617	0.101	-4.125E-2	0.503	-1.484E-2	0.503
7.633	9.760E-2	-4.489E-2	0.211	-6.911E-2	0.222
7.650	0.108	-4.355E-2	0.448	0.115	0.462
7.667	0.113	-4.105E-2	0.313	0.186	0.364
7.683	0.118	-3.737E-2	0.315	0.234	0.393
7.700	0.123	-3.324E-2	0.204	0.246	0.320
7.717	0.125	-2.916E-2	0.112	0.532	0.544
7.733	0.127	-1.551E-2	-4.509E-2	0.258	0.262
7.750	0.124	-2.057E-2	-0.225	-3.346E-2	0.227
7.767	0.119	-1.662E-2	-0.220	0.440	0.492
7.783	0.116	-5.912E-3	-0.124	0.415	0.433
7.800	0.115	-2.801E-3	-0.200	-7.760E-2	0.214
7.817	0.110	-8.499E-3	-0.430	-0.210	0.479
7.833	0.101	-9.809E-3	-0.546	-7.345E-2	0.551
7.850	9.159E-2	-1.095E-2	-0.745	1.029E-2	0.745
7.867	7.597E-2	-9.466E-3	-0.732	-0.190	0.756
7.883	6.720E-2	-1.727E-2	-0.135	-7.164E-2	0.152
7.900	7.149E-2	-1.185E-2	-0.390	-0.230	0.453
7.917	5.420E-2	-2.495E-2	-0.869	-0.419	0.965
7.933	4.250E-2	-2.581E-2	-0.487	-0.152	0.510
7.950	3.797E-2	-3.002E-2	3.336E-2	-0.150	0.154
7.967	4.362E-2	-3.081E-2	3.904E-2	-0.296	0.299
7.983	3.927E-2	-3.989E-2	-0.731	-0.308	0.793
8.000	1.924E-2	-4.107E-2	-4.619E-2	-0.205	0.210
8.017	3.773E-2	-4.671E-2	0.264	-0.191	0.326
8.033	2.805E-2	-4.744E-2	-0.377	1.871E-3	0.377
8.050	2.517E-2	-4.664E-2	-0.303	-0.212	0.370
8.067	1.796E-2	-5.450E-2	-0.326	-0.485	0.585
8.083	1.430E-2	-6.282E-2	0.160	-0.204	0.260
8.100	2.330E-2	-6.131E-2	-7.233E-2	-0.376	0.383
8.117	1.189E-2	-7.536E-2	-0.151	-0.384	0.413
8.133	1.827E-2	-7.412E-2	0.237	-7.841E-2	0.250
8.150	1.979E-2	-7.797E-2	-6.336E-2	-0.218	0.227
8.167	1.616E-2	-8.139E-2	-3.894E-2	-0.247	0.250
8.183	1.849E-2	-8.619E-2	0.246	-0.584	0.634
8.200	2.435E-2	-0.101	0.311	-0.515	0.601
8.217	2.884E-2	-0.103	1.943E-3	0.212	0.212
8.233	2.441E-2	-9.380E-2	-0.108	0.234	0.258
8.250	2.523E-2	-9.555E-2	0.539	-0.315	0.624
8.267	4.237E-2	-0.104	0.751	-0.184	0.773
8.283	5.026E-2	-0.102	-5.376E-2	-0.179	0.187
8.300	4.058E-2	-0.110	-5.810E-2	-0.258	0.265
8.317	4.833E-2	-0.110	0.520	0.164	0.545
8.333	5.793E-2	-0.105	0.231	0.208	0.311
8.350	5.604E-2	-0.103	0.222	-3.356E-2	0.225
8.367	6.533E-2	-0.106	0.548	0.287	0.619
8.383	7.433E-2	-9.379E-2	0.339	0.158	0.374
8.400	7.665E-2	-0.101	0.260	-0.142	0.296
8.417	8.298E-2	-9.853E-2	0.296	0.176	0.345
8.433	8.653E-2	-9.480E-2	0.149	0.545	0.565
8.450	8.795E-2	-8.036E-2	0.135	0.546	0.562
8.467	9.104E-2	-7.661E-2	0.206	0.222	0.303
8.483	9.480E-2	-7.295E-2	0.146	0.115	0.186
8.500	9.590E-2	-7.278E-2	4.906E-2	0.180	0.187
8.517	9.643E-2	-6.695E-2	-1.559E-2	0.311	0.312
8.533	9.538E-2	-6.240E-2	0.322	0.511	0.604
8.550	0.107	-4.993E-2	0.306	0.563	0.641
8.567	0.106	-4.363E-2	-0.183	0.294	0.346
8.583	0.101	-4.015E-2	-3.061E-2	0.331	0.332
8.600	0.105	-3.260E-2	0.103	0.361	0.375
8.617	0.104	-2.813E-2	-0.321	0.563	0.648
8.633	9.384E-2	-1.383E-2	-0.642	0.856	1.070
8.650	8.306E-2	4.135E-4	-0.320	0.472	0.571
8.667	8.318E-2	1.912E-3	-0.263	0.279	0.383
8.683	7.431E-2	9.720E-3	-0.565	3.916E-2	0.566
8.700	6.434E-2	3.217E-3	-0.364	-0.176	0.404
8.717	6.218E-2	3.855E-3	-0.279	0.363	0.458
8.733	5.505E-2	1.532E-2	-0.498	0.261	0.562
8.750	4.558E-2	1.256E-2	-0.323	0.138	0.351
8.767	4.429E-2	1.992E-2	-0.425	-0.199	0.469
8.783	3.143E-2	5.913E-3	-0.471	-0.582	0.749
8.800	2.859E-2	5.233E-4	0.297	8.714E-4	0.297
8.817	4.132E-2	5.942E-3	-3.942E-2	-0.373	0.375
8.833	2.727E-2	-1.191E-2	-0.291	-0.491	0.571
8.850	3.161E-2	-1.042E-2	0.386	-0.120	0.404
8.867	4.014E-2	-1.591E-2	0.183	-0.253	0.312
8.883	3.771E-2	-1.885E-2	-0.139	-0.248	0.284
8.900	3.549E-2	-2.418E-2	0.176	-0.709	0.731
8.917	4.357E-2	-4.250E-2	0.175	-0.550	0.577
8.933	4.131E-2	-4.251E-2	0.612	-0.226	0.652
8.950	6.397E-2	-5.002E-2	0.329	-0.495	0.594
8.967	5.228E-2	-5.901E-2	7.005E-2	-0.407	0.413
8.983	6.631E-2	-6.359E-2	0.440	-0.365	0.572
9.000	6.694E-2	-7.119E-2	0.369	-0.166	0.405
9.017	7.860E-2	-6.914E-2	0.413	-0.191	0.455
9.033	8.070E-2	-7.754E-2	8.652E-2	-0.218	0.234
9.050	8.149E-2	-7.640E-2	0.318	-9.794E-2	0.332
9.067	9.129E-2	-8.081E-2	0.412	-9.747E-2	0.423
9.083	9.522E-2	-7.965E-2	0.136	0.122	0.182
9.100	9.582E-2	-7.675E-2	0.304	9.811E-2	0.319
9.117	0.105	-7.638E-2	0.305	0.133	0.333
9.133	0.106	-7.231E-2	6.330E-2	9.552E-2	0.115
9.150	0.107	-7.320E-2	0.357	4.011E-2	0.359
9.167	0.118	-7.098E-2	0.406	0.103	0.419
9.183	0.121	-6.975E-2	-7.947E-3	0.185	0.185
9.200	0.118	-6.482E-2	-7.525E-3	0.143	0.144
9.217	0.121	-6.497E-2	3.797E-2	0.178	0.182
9.233	0.119	-5.889E-2	-4.660E-2	0.126	0.134
9.250	0.119	-6.078E-2	3.166E-3	-6.110E-4	3.224E-3
9.267	0.119	-5.892E-2	8.977E-2	0.129	0.157
9.283	0.122	-5.649E-2	5.809E-2	0.220	0.228
9.300	0.121	-5.158E-2	-0.232	0.304	0.383
9.317	0.114	-4.634E-2	-0.654	5.011E-2	0.656
9.333	9.913E-2	-4.991E-2	-0.799	7.908E-2	0.803
9.350	8.782E-2	-4.371E-2	-0.291	0.439	0.526
9.367	8.943E-2	-3.529E-2	-0.254	0.156	0.298
9.383	7.936E-2	-3.851E-2	-0.180	0.367	0.408
9.400	8.344E-2	-2.306E-2	-0.101	0.668	0.675
9.417	7.599E-2	-1.625E-2	-0.485	0.854	0.982
9.433	6.726E-2	5.397E-3	-0.466	0.462	0.656
9.450	6.044E-2	-8.544E-4	-0.280	5.254E-2	0.285
9.467	5.793E-2	7.148E-3	-0.265	0.380	0.463
9.483	5.161E-2	1.182E-2	-0.255	0.218	0.336
9.500	4.942E-2	1.443E-2	-0.137	0.123	0.184
9.517	4.705E-2	1.591E-2	-5.030E-2	-6.153E-2	7.948E-2
9.533	4.774E-2	1.238E-2	-3.758E-2	-0.192	0.195
9.550	4.579E-2	9.523E-3	-5.711E-2	-0.114	0.127
9.567	4.584E-2	8.586E-3	-0.214	0.179	0.279
9.583	3.867E-2	1.550E-2	-0.106	3.685E-2	0.112
9.600	4.232E-2	9.814E-3	0.459	-0.626	0.777
9.617	5.398E-2	-5.376E-3	0.554	-0.796	0.970
9.633	6.079E-2	-1.672E-2	0.278	-0.263	0.382
9.650	6.323E-2	-1.414E-2	0.202	-0.235	0.310
9.667	6.754E-2	-2.457E-2	0.512	-0.214	0.555
9.683	8.031E-2	-2.127E-2	0.395	-9.178E-2	0.406
9.700	8.071E-2	-2.763E-2	0.166	-0.256	0.305
9.717	8.584E-2	-2.979E-2	0.101	-0.398	0.411
9.733	8.409E-2	-4.091E-2	0.557	-0.225	0.601
9.750	0.104	-3.730E-2	0.526	-0.623	0.815
9.767	0.102	-6.167E-2	8.388E-2	-0.622	0.627
9.783	0.107	-5.802E-2	0.332	0.304	0.450
9.800	0.113	-5.152E-2	0.386	0.117	0.404
9.817	0.120	-5.411E-2	0.175	-0.344	0.386
9.833	0.119	-6.300E-2	-0.259	-0.560	0.617
9.850	0.111	-7.278E-2	-0.106	-0.250	0.271
9.867	0.115	-7.133E-2	6.522E-2	0.116	0.133
9.883	0.114	-6.890E-2	-9.486E-3	0.108	0.109
9.900	0.115	-6.772E-2	-0.223	3.482E-2	0.226
9.917	0.106	-6.774E-2	-0.366	0.363	0.515
9.933	0.102	-5.563E-2	9.898E-2	0.397	0.410
9.950	0.109	-5.450E-2	9.247E-2	0.247	0.264
9.967	0.106	-4.739E-2	-0.382	0.224	0.443
9.983	9.675E-2	-4.702E-2	-0.298	-3.209E-3	0.298
10.000	9.561E-2	-4.750E-2	-0.350	0.401	0.533
10.017	8.507E-2	-3.365E-2	-0.413	0.387	0.566
10.033	8.184E-2	-3.461E-2	-0.354	-0.117	0.373
10.050	7.326E-2	-3.755E-2	-0.638	3.437E-3	0.638
10.067	6.057E-2	-3.450E-2	-0.608	0.457	0.760
10.083	5.300E-2	-2.233E-2	-0.215	1.053	1.075
10.100	5.340E-2	5.993E-4	-9.763E-2	0.935	0.940
10.117	4.974E-2	8.847E-3	-0.128	0.434	0.453
10.133	4.914E-2	1.508E-2	-0.131	-8.102E-2	0.154
10.150	4.537E-2	6.146E-3	-0.121	-0.185	0.221
10.167	4.509E-2	8.913E-3	0.443	0.500	0.668
10.183	6.015E-2	2.282E-2	0.133	7.877E-2	0.155
10.200	4.953E-2	1.154E-2	-0.328	-0.258	0.417
10.217	4.921E-2	1.424E-2	0.543	0.418	0.685
10.233	6.762E-2	2.546E-2	0.409	0.140	0.432
10.250	6.283E-2	1.891E-2	0.276	-0.525	0.594
10.267	7.683E-2	7.948E-3	0.421	-0.165	0.452
10.283	7.685E-2	1.341E-2	0.434	-0.422	0.605
10.300	9.130E-2	-6.126E-3	0.635	-0.964	1.154
10.317	9.803E-2	-1.870E-2	0.306	-0.482	0.571
10.333	0.101	-2.220E-2	0.198	-0.309	0.368
10.350	0.105	-2.902E-2	-5.103E-2	-0.756	0.758
10.367	9.978E-2	-4.742E-2	7.145E-2	-0.523	0.528
10.383	0.107	-4.644E-2	-0.125	6.028E-2	0.139
10.400	9.562E-2	-4.541E-2	-0.345	-0.338	0.484
10.417	9.551E-2	-5.772E-2	0.212	-0.347	0.407
10.433	0.103	-5.697E-2	0.365	-0.372	0.521
10.450	0.108	-7.012E-2	-3.856E-2	-0.465	0.466
10.467	0.101	-7.245E-2	-0.150	-0.193	0.245
10.483	0.103	-7.657E-2	-0.389	-0.230	0.451
10.500	8.845E-2	-8.010E-2	-0.364	-0.352	0.506
10.517	9.056E-2	-8.830E-2	0.162	-0.149	0.220
10.533	9.384E-2	-8.507E-2	-9.250E-2	7.639E-2	0.120
10.550	8.747E-2	-8.576E-2	-0.255	-3.141E-2	0.257
10.567	8.535E-2	-8.611E-2	-0.171	-2.891E-2	0.173
10.583	8.178E-2	-8.672E-2	-0.261	-0.200	0.329
10.600	7.666E-2	-9.278E-2	-0.310	-0.184	0.360
10.617	7.145E-2	-9.284E-2	-0.667	0.135	0.680
10.633	5.444E-2	-8.827E-2	-0.360	-2.002E-2	0.361
10.650	5.945E-2	-9.351E-2	0.191	-5.668E-2	0.199
10.667	6.081E-2	-9.016E-2	-0.101	0.240	0.260
10.683	5.608E-2	-8.552E-2	-9.062E-2	0.420	0.430
10.700	5.779E-2	-7.616E-2	-0.116	0.457	0.471
10.717	5.221E-2	-7.030E-2	-0.487	-1.233E-2	0.487
10.733	4.158E-2	-7.657E-2	-0.464	-2.969E-2	0.465
10.750	3.675E-2	-7.129E-2	5.432E-2	9.983E-2	0.114
10.767	4.339E-2	-7.324E-2	-0.243	0.279	0.370
10.783	2.865E-2	-6.199E-2	-0.324	0.218	0.390
10.800	3.260E-2	-6.596E-2	5.849E-2	1.964E-2	6.170E-2
10.817	3.060E-2	-6.133E-2	-9.653E-2	0.280	0.296
10.833	2.938E-2	-5.663E-2	-0.110	0.476	0.489
10.850	2.693E-2	-4.547E-2	-3.207E-2	0.503	0.504
10.867	2.832E-2	-3.987E-2	9.072E-2	0.319	0.331
10.883	2.995E-2	-3.485E-2	0.166	0.237	0.289
10.900	3.384E-2	-3.196E-2	0.234	0.212	0.316
10.917	3.775E-2	-2.779E-2	0.276	0.218	0.352
10.933	4.305E-2	-2.469E-2	0.327	0.282	0.432
10.950	4.865E-2	-1.839E-2	0.229	0.316	0.390
10.967	5.067E-2	-1.414E-2	0.361	0.209	0.417
10.983	6.068E-2	-1.144E-2	0.601	0.157	0.621
11.000	7.070E-2	-8.899E-3	0.391	0.105	0.405
11.017	7.373E-2	-7.938E-3	0.594	0.240	0.641
11.033	9.050E-2	-9.080E-4	0.480	-1.972E-2	0.480
11.050	8.973E-2	-8.595E-3	0.283	-8.986E-2	0.297
11.067	9.994E-2	-3.903E-3	0.487	-0.203	0.527
11.083	0.106	-1.535E-2	0.377	-7.861E-3	0.377
11.100	0.113	-4.165E-3	0.201	-0.254	0.324
11.117	0.113	-2.382E-2	-0.145	-0.407	0.432
11.133	0.108	-1.774E-2	-0.131	-0.191	0.232
11.150	0.108	-3.021E-2	2.375E-2	-0.548	0.548
11.167	0.108	-3.600E-2	-0.329	-0.346	0.478
11.183	9.732E-2	-4.175E-2	-0.330	-0.353	0.483
11.200	9.749E-2	-4.776E-2	-0.416	-2.295E-2	0.416
11.217	8.346E-2	-4.252E-2	-0.570	3.231E-2	0.571
11.233	7.850E-2	-4.669E-2	-3.015E-2	-6.684E-2	7.332E-2
11.250	8.245E-2	-4.475E-2	-0.120	5.413E-2	0.131
11.267	7.450E-2	-4.488E-2	-0.240	-7.611E-2	0.251
11.283	7.447E-2	-4.728E-2	-0.538	0.376	0.656
11.300	5.656E-2	-3.236E-2	-0.596	0.332	0.682
11.317	5.461E-2	-3.623E-2	-7.234E-2	-0.257	0.267
11.333	5.415E-2	-4.092E-2	-0.233	0.134	0.269
11.350	4.685E-2	-3.177E-2	-0.346	0.490	0.600
11.367	4.261E-2	-2.459E-2	-0.202	0.370	0.422
11.383	4.011E-2	-1.943E-2	-0.565	0.186	0.595
11.400	2.379E-2	-1.837E-2	-0.333	-0.102	0.348
11.417	2.901E-2	-2.282E-2	0.214	-6.325E-2	0.223
11.433	3.091E-2	-2.048E-2	0.227	0.174	0.286
11.450	3.659E-2	-1.701E-2	8.391E-2	0.171	0.190
11.467	3.371E-2	-1.480E-2	-5.694E-2	0.212	0.220
11.483	3.469E-2	-9.931E-3	0.281	0.115	0.303
11.500	4.306E-2	-1.095E-2	0.366	0.114	0.383
11.517	4.688E-2	-6.141E-3	0.427	0.168	0.459
11.533	5.728E-2	-5.338E-3	0.648	2.027E-2	0.648
11.550	6.846E-2	-5.466E-3	0.578	-0.104	0.587
11.567	7.654E-2	-8.817E-3	0.364	3.693E-2	0.366
11.583	8.059E-2	-4.235E-3	0.406	7.344E-2	0.413
11.600	9.009E-2	-6.369E-3	0.397	-0.315	0.506
11.617	9.381E-2	-1.472E-2	0.686	-0.388	0.789
11.633	0.113	-1.931E-2	0.564	-0.354	0.666
11.650	0.113	-2.651E-2	-0.129	-0.144	0.193
11.667	0.109	-2.410E-2	-6.541E-2	-0.259	0.267
11.683	0.110	-3.514E-2	-0.208	-0.408	0.458
11.700	0.102	-3.770E-2	-1.924E-2	0.140	0.142
11.717	0.110	-3.047E-2	-0.232	0.110	0.257
11.733	9.398E-2	-3.402E-2	-0.648	4.069E-2	0.650
11.750	8.818E-2	-2.911E-2	-2.574E-2	-1.823E-2	3.155E-2
11.767	9.312E-2	-3.463E-2	0.162	-0.339	0.375
11.783	9.357E-2	-4.040E-2	-0.517	0.141	0.535
11.800	7.591E-2	-2.993E-2	-0.502	0.385	0.633
11.817	7.682E-2	-2.757E-2	-4.420E-2	-6.022E-2	7.470E-2
11.833	7.443E-2	-3.194E-2	-0.480	-4.639E-2	0.482
11.850	6.083E-2	-2.912E-2	-0.720	0.153	0.736
11.867	5.045E-2	-2.685E-2	-0.526	0.351	0.632
11.883	4.331E-2	-1.742E-2	5.300E-2	0.275	0.280
11.900	5.221E-2	-1.769E-2	-8.238E-2	0.199	0.216
11.917	4.056E-2	-1.077E-2	-0.280	0.177	0.332
11.933	4.287E-2	-1.179E-2	8.987E-2	-2.075E-2	9.224E-2
11.950	4.356E-2	-1.146E-2	0.352	0.303	0.464
11.967	5.461E-2	-1.692E-3	0.217	0.109	0.243
11.983	5.078E-2	-7.839E-3	3.285E-2	-0.179	0.182
12.000	5.570E-2	-7.672E-3	0.302	-2.181E-2	0.303
12.017	6.085E-2	-8.566E-3	0.522	0.245	0.577
12.033	7.311E-2	4.839E-4	0.417	-0.180	0.454
12.050	7.474E-2	-1.458E-2	0.207	-0.349	0.406
12.067	8.002E-2	-1.115E-2	4.900E-2	-0.267	0.272
12.083	7.637E-2	-2.348E-2	0.329	-0.555	0.645
12.100	9.097E-2	-2.966E-2	0.743	-0.276	0.792
12.117	0.101	-3.268E-2	0.432	-0.212	0.481
12.133	0.105	-3.671E-2	0.337	7.888E-3	0.337
12.150	0.112	-3.242E-2	0.262	1.115E-2	0.262
12.167	0.114	-3.634E-2	-9.203E-4	-0.247	0.247
12.183	0.112	-4.065E-2	-0.214	-0.401	0.454
12.200	0.107	-4.970E-2	-0.201	-0.356	0.409
12.217	0.106	-5.252E-2	1.936E-2	3.155E-2	3.702E-2
12.233	0.108	-4.864E-2	5.441E-2	0.119	0.131
12.250	0.107	-4.854E-2	-6.642E-2	-5.484E-2	8.613E-2
12.267	0.105	-5.047E-2	-6.281E-2	-0.131	0.145
12.283	0.105	-5.290E-2	1.532E-2	-0.194	0.194
12.300	0.106	-5.692E-2	-0.570	-0.250	0.622
12.317	8.638E-2	-6.122E-2	-0.312	-1.461E-2	0.312
12.333	9.554E-2	-5.741E-2	0.177	0.412	0.448
12.350	9.229E-2	-4.749E-2	-0.252	0.152	0.294
12.367	8.714E-2	-5.234E-2	-0.642	-6.011E-2	0.645
12.383	7.088E-2	-4.949E-2	-0.277	0.294	0.404
12.400	7.790E-2	-4.254E-2	-1.174E-2	0.401	0.401
12.417	7.049E-2	-3.612E-2	-0.385	0.442	0.587
12.433	6.506E-2	-2.780E-2	-0.716	0.398	0.819
12.450	4.663E-2	-2.284E-2	-0.550	0.210	0.589
12.467	4.673E-2	-2.080E-2	-8.304E-3	0.323	0.323
12.483	4.635E-2	-1.207E-2	-1.288E-2	0.407	0.407
12.500	4.630E-2	-7.233E-3	-9.013E-3	0.323	0.323
12.517	4.605E-2	-1.300E-3	0.333	0.173	0.375
12.533	5.740E-2	-1.473E-3	6.486E-2	0.280	0.287
12.550	4.821E-2	8.036E-3	-9.321E-2	6.079E-2	0.111
12.567	5.430E-2	5.533E-4	0.433	-1.234E-2	0.433
12.583	6.263E-2	7.624E-3	0.344	-8.017E-2	0.353
12.600	6.576E-2	-2.119E-3	0.704	0.125	0.715
12.617	8.610E-2	1.180E-2	0.672	0.218	0.706
12.633	8.814E-2	5.156E-3	-7.175E-2	-0.323	0.331
12.650	8.371E-2	1.018E-3	2.695E-3	-0.312	0.312
12.667	8.823E-2	-5.253E-3	0.513	-0.782	0.936
12.683	0.101	-2.506E-2	0.460	-0.696	0.834
12.700	0.104	-2.846E-2	3.520E-2	-0.378	0.380
12.717	0.102	-3.767E-2	-8.169E-2	-0.422	0.430
12.733	0.101	-4.255E-2	-0.155	-0.203	0.255
12.750	9.682E-2	-4.444E-2	-0.239	0.115	0.265
12.767	9.287E-2	-3.871E-2	-0.403	6.953E-2	0.409
12.783	8.339E-2	-4.212E-2	-0.117	-0.531	0.544
12.800	8.897E-2	-5.641E-2	9.899E-2	-0.409	0.421
12.817	8.668E-2	-5.576E-2	-0.369	0.111	0.385
12.833	7.668E-2	-5.270E-2	-0.479	2.222E-2	0.479
12.850	7.073E-2	-5.502E-2	-0.346	7.284E-2	0.354
12.867	6.514E-2	-5.027E-2	-5.386E-2	0.500	0.503
12.883	6.893E-2	-3.835E-2	-0.222	0.563	0.605
12.900	5.774E-2	-3.152E-2	-0.170	-1.202E-2	0.171
12.917	6.325E-2	-3.875E-2	5.064E-2	-0.216	0.222
12.933	5.943E-2	-3.871E-2	-0.349	0.252	0.431
12.950	5.161E-2	-3.034E-2	-0.245	0.453	0.515
12.967	5.128E-2	-2.361E-2	0.139	0.340	0.367
12.983	5.622E-2	-1.900E-2	0.320	0.331	0.461
13.000	6.196E-2	-1.257E-2	0.117	0.494	0.508
13.017	6.014E-2	-2.543E-3	0.114	0.225	0.252
13.033	6.574E-2	-5.068E-3	0.311	-5.714E-3	0.311
13.050	7.050E-2	-2.733E-3	0.324	0.295	0.438
13.067	7.655E-2	4.758E-3	0.158	0.267	0.310
13.083	7.577E-2	6.158E-3	3.977E-2	-0.185	0.190
13.100	7.788E-2	-1.422E-3	0.198	-0.170	0.261
13.117	8.235E-2	4.906E-4	0.698	-1.926E-2	0.698
13.133	0.101	-2.064E-3	0.562	-0.635	0.848
13.150	0.101	-2.066E-2	-0.145	-0.499	0.520
13.167	9.629E-2	-1.870E-2	-0.176	3.332E-2	0.179
13.183	9.524E-2	-1.955E-2	-0.352	-0.571	0.671
13.200	8.456E-2	-3.774E-2	-0.480	-0.391	0.619
13.217	7.925E-2	-3.258E-2	-0.116	-0.204	0.235
13.233	8.069E-2	-4.453E-2	2.145E-2	0.123	0.125
13.250	7.997E-2	-2.847E-2	-0.318	0.329	0.457
13.267	7.010E-2	-3.358E-2	5.789E-3	-0.330	0.330
13.283	8.016E-2	-3.946E-2	7.015E-2	-0.171	0.185
13.300	7.244E-2	-3.928E-2	-0.266	6.103E-3	0.267
13.317	7.128E-2	-3.925E-2	-0.682	0.127	0.694
13.333	4.972E-2	-3.503E-2	-0.280	0.263	0.384
13.350	6.195E-2	-3.047E-2	4.149E-2	7.188E-2	8.299E-2
13.367	5.110E-2	-3.264E-2	-0.259	6.819E-5	0.259
13.383	5.331E-2	-3.047E-2	6.025E-3	0.341	0.341
13.400	5.130E-2	-2.128E-2	-3.216E-3	0.504	0.504
13.417	5.320E-2	-1.368E-2	0.186	0.429	0.467
13.433	5.750E-2	-6.990E-3	-2.620E-2	0.324	0.325
13.450	5.233E-2	-2.889E-3	0.423	9.909E-2	0.435
13.467	7.161E-2	-3.687E-3	0.632	-0.223	0.670
13.483	7.340E-2	-1.034E-2	0.129	-0.167	0.211
13.500	7.591E-2	-9.265E-3	0.449	-7.623E-2	0.456
13.517	8.838E-2	-1.288E-2	0.414	0.260	0.489
13.533	8.970E-2	-5.938E-4	3.718E-2	7.531E-2	8.399E-2
13.550	8.962E-2	-1.037E-2	0.497	-0.441	0.664
13.567	0.106	-1.530E-2	0.434	2.527E-2	0.435
13.583	0.104	-9.526E-3	-0.184	3.485E-2	0.188
13.600	0.100	-1.414E-2	-0.432	-0.332	0.545
13.617	8.969E-2	-2.059E-2	-1.391E-2	-0.594	0.594
13.633	9.965E-2	-3.393E-2	5.296E-2	-0.469	0.471
13.650	9.145E-2	-3.621E-2	-0.511	-0.291	0.588
13.667	8.260E-2	-4.361E-2	-0.442	-0.109	0.455
13.683	7.672E-2	-3.984E-2	-0.434	0.117	0.449
13.700	6.813E-2	-3.972E-2	-0.485	0.168	0.513
13.717	6.057E-2	-3.423E-2	-0.322	0.124	0.345
13.733	5.739E-2	-3.559E-2	-0.334	0.106	0.351
13.750	4.943E-2	-3.069E-2	-0.297	0.204	0.360
13.767	4.749E-2	-2.877E-2	2.879E-2	-0.107	0.111
13.783	5.039E-2	-3.427E-2	0.111	-9.450E-2	0.146
13.800	5.119E-2	-3.192E-2	-3.781E-2	0.192	0.196
13.817	4.912E-2	-2.786E-2	-0.315	0.262	0.410
13.833	4.069E-2	-2.318E-2	-4.303E-2	0.254	0.258
13.850	4.769E-2	-1.938E-2	0.335	0.141	0.363
13.867	5.184E-2	-1.849E-2	0.175	7.952E-2	0.192
13.883	5.351E-2	-1.673E-2	7.907E-4	0.201	0.201
13.900	5.187E-2	-1.179E-2	0.211	0.147	0.257
13.917	6.055E-2	-1.182E-2	0.408	4.836E-2	0.411
13.933	6.547E-2	-1.018E-2	0.391	6.092E-2	0.396
13.950	7.360E-2	-9.794E-3	0.373	0.231	0.439
13.967	7.791E-2	-2.486E-3	0.740	-0.303	0.799
13.983	9.825E-2	-1.989E-2	0.543	-0.118	0.555
14.000	9.600E-2	-6.405E-3	0.136	3.420E-2	0.140
14.017	0.103	-1.875E-2	0.283	-0.208	0.352
14.033	0.105	-1.334E-2	-0.141	9.220E-2	0.168
14.050	9.808E-2	-1.568E-2	-0.301	-0.314	0.435
14.067	9.541E-2	-2.380E-2	0.194	-0.301	0.359
14.083	0.105	-2.573E-2	0.327	-0.154	0.361
14.100	0.106	-2.893E-2	-5.310E-2	-0.279	0.284
14.117	0.103	-3.501E-2	-0.448	-0.356	0.572
14.133	9.138E-2	-4.080E-2	-0.277	-5.966E-2	0.283
14.150	9.355E-2	-3.700E-2	-0.456	0.120	0.471
14.167	7.619E-2	-3.681E-2	-0.724	1.984E-2	0.724
14.183	6.941E-2	-3.634E-2	-0.339	-0.144	0.368
14.200	6.490E-2	-4.159E-2	-0.402	0.117	0.419
14.217	5.600E-2	-3.243E-2	-0.336	0.315	0.461
14.233	5.371E-2	-3.108E-2	-0.229	4.829E-2	0.234
14.250	4.837E-2	-3.082E-2	-0.337	0.261	0.426
14.267	4.248E-2	-2.239E-2	-0.416	0.387	0.568
14.283	3.452E-2	-1.791E-2	-7.699E-2	-0.103	0.128
14.300	3.991E-2	-2.581E-2	0.249	-1.148E-2	0.249
14.317	4.281E-2	-1.829E-2	0.213	0.344	0.405
14.333	4.700E-2	-1.433E-2	0.388	0.473	0.612
14.350	5.573E-2	-2.526E-3	0.209	0.296	0.363
14.367	5.398E-2	-4.448E-3	0.104	-0.297	0.315
14.383	5.920E-2	-1.242E-2	0.618	-0.354	0.712
14.400	7.458E-2	-1.624E-2	0.750	0.373	0.837
14.417	8.419E-2	1.014E-5	0.426	-5.000E-2	0.429
14.433	8.878E-2	-1.790E-2	3.705E-2	-0.377	0.378
14.450	8.543E-2	-1.254E-2	0.127	-0.139	0.188
14.467	9.300E-2	-2.253E-2	0.312	-0.273	0.415
14.483	9.582E-2	-2.165E-2	9.109E-2	0.188	0.209
14.500	9.604E-2	-1.626E-2	4.468E-2	0.158	0.164
14.517	9.731E-2	-1.638E-2	0.277	-0.110	0.298
14.533	0.105	-1.992E-2	3.430E-2	-0.377	0.379
14.550	9.845E-2	-2.894E-2	-0.420	-0.285	0.507
14.567	9.127E-2	-2.943E-2	-0.121	8.430E-2	0.148
14.583	9.441E-2	-2.613E-2	-4.764E-2	1.195E-2	4.912E-2
14.600	8.969E-2	-2.903E-2	-0.542	-0.226	0.587
14.617	7.635E-2	-3.367E-2	-0.790	5.551E-2	0.792
14.633	6.335E-2	-2.718E-2	-0.538	0.165	0.562
14.650	5.842E-2	-2.818E-2	-0.211	-1.400E-2	0.211
14.667	5.632E-2	-2.765E-2	9.898E-2	0.551	0.560
14.683	6.172E-2	-9.825E-3	-1.547E-2	-3.869E-2	4.167E-2
14.700	5.580E-2	-2.894E-2	-0.171	-0.384	0.420
14.717	5.603E-2	-2.263E-2	-7.424E-2	0.276	0.285
14.733	5.333E-2	-1.975E-2	-8.853E-2	0.162	0.184
14.750	5.308E-2	-1.724E-2	-4.247E-2	0.438	0.440
14.767	5.191E-2	-5.138E-3	7.984E-2	0.233	0.246
14.783	5.574E-2	-9.485E-3	0.167	-7.356E-2	0.183
14.800	5.749E-2	-7.590E-3	0.214	-3.222E-2	0.216
14.817	6.287E-2	-1.056E-2	0.444	-0.328	0.552
14.833	7.230E-2	-1.853E-2	0.409	-0.262	0.486
14.850	7.652E-2	-1.929E-2	0.295	-8.756E-2	0.308
14.867	8.215E-2	-2.145E-2	0.466	0.144	0.487
14.883	9.204E-2	-1.448E-2	0.453	0.110	0.466
14.900	9.726E-2	-1.778E-2	9.939E-2	-0.276	0.294
14.917	9.535E-2	-2.369E-2	0.247	-8.874E-2	0.263
14.933	0.106	-2.074E-2	0.114	2.447E-2	0.117
14.950	9.915E-2	-2.288E-2	-0.174	-0.381	0.419
14.967	9.969E-2	-3.345E-2	-4.869E-2	-0.325	0.329
14.983	9.753E-2	-3.371E-2	3.609E-2	5.245E-2	6.367E-2
15.000	0.101	-3.170E-2	-0.486	0.116	0.500
15.017	8.132E-2	-2.983E-2	-0.415	0.301	0.512
15.033	8.706E-2	-2.168E-2	-0.127	-8.161E-2	0.151
15.050	7.708E-2	-3.255E-2	-0.423	-0.217	0.475
15.067	7.296E-2	-2.892E-2	-0.314	0.706	0.773
15.083	6.662E-2	-9.019E-3	-0.374	0.651	0.751
15.100	6.051E-2	-7.208E-3	-0.401	-0.230	0.462
15.117	5.326E-2	-1.668E-2	-0.355	-0.301	0.466
15.133	4.867E-2	-1.725E-2	-0.264	0.313	0.410
15.150	4.445E-2	-6.237E-3	-0.219	0.391	0.448
15.167	4.137E-2	-4.216E-3	-6.257E-2	6.834E-2	9.266E-2
15.183	4.236E-2	-3.959E-3	0.673	-0.150	0.690
15.200	6.381E-2	-9.205E-3	0.516	-0.175	0.545
15.217	5.956E-2	-9.793E-3	1.534E-2	-6.434E-2	6.615E-2
15.233	6.432E-2	-1.135E-2	0.373	-0.318	0.490
15.250	7.200E-2	-2.038E-2	0.331	-0.359	0.488
15.267	7.534E-2	-2.331E-2	0.128	-1.797E-2	0.130
15.283	7.627E-2	-2.098E-2	0.152	7.475E-2	0.169
15.300	8.040E-2	-2.082E-2	0.307	-0.115	0.328
15.317	8.650E-2	-2.480E-2	0.391	-0.362	0.533
15.333	9.344E-2	-3.288E-2	0.424	-0.330	0.537
15.350	0.101	-3.579E-2	0.296	-0.122	0.320
15.367	0.103	-3.695E-2	0.341	0.184	0.388
15.383	0.112	-2.965E-2	0.181	0.251	0.309
15.400	0.109	-2.859E-2	-0.120	-8.822E-2	0.149
15.417	0.108	-3.259E-2	-0.212	-0.118	0.242
15.433	0.102	-3.253E-2	-0.414	-0.270	0.494
15.450	9.417E-2	-4.159E-2	-0.146	-9.453E-2	0.174
15.467	9.740E-2	-3.568E-2	-0.122	0.106	0.161
15.483	9.010E-2	-3.807E-2	-0.308	0.148	0.341
15.500	8.715E-2	-3.075E-2	-0.409	0.442	0.602
15.517	7.647E-2	-2.334E-2	-0.420	0.349	0.546
15.533	7.314E-2	-1.913E-2	-0.156	1.995E-2	0.157
15.550	7.126E-2	-2.267E-2	-0.428	0.116	0.444
15.567	5.887E-2	-1.525E-2	-0.225	0.242	0.330
15.583	6.376E-2	-1.462E-2	-4.798E-2	8.105E-2	9.418E-2
15.600	5.727E-2	-1.255E-2	-0.168	0.671	0.692
15.617	5.815E-2	7.746E-3	-5.307E-2	0.251	0.256
15.633	5.550E-2	-4.199E-3	0.139	-0.522	0.540
15.650	6.280E-2	-9.659E-3	0.151	-0.231	0.276
15.667	6.052E-2	-1.190E-2	-2.972E-2	-4.076E-2	5.045E-2
15.683	6.180E-2	-1.102E-2	0.626	-4.288E-2	0.628
15.700	8.140E-2	-1.333E-2	0.323	-0.182	0.371
15.717	7.257E-2	-1.708E-2	-5.819E-2	-0.231	0.238
15.733	7.946E-2	-2.103E-2	0.366	-0.209	0.422
15.750	8.477E-2	-2.406E-2	0.560	8.400E-2	0.567
15.767	9.814E-2	-1.823E-2	0.316	-0.224	0.387
15.783	9.531E-2	-3.153E-2	-4.343E-3	-0.456	0.456
15.800	9.799E-2	-3.344E-2	-0.128	0.304	0.330
15.817	9.103E-2	-2.140E-2	-8.819E-2	0.515	0.522
15.833	9.506E-2	-1.627E-2	0.145	0.129	0.194
15.850	9.586E-2	-1.711E-2	-0.196	-0.647	0.676
15.867	8.853E-2	-3.783E-2	-0.222	-0.305	0.378
15.883	8.845E-2	-2.729E-2	-0.144	0.160	0.215
15.900	8.375E-2	-3.250E-2	-0.246	-0.238	0.342
15.917	8.027E-2	-3.521E-2	-0.168	0.121	0.207
15.933	7.816E-2	-2.847E-2	-3.338E-2	0.441	0.442
15.950	7.915E-2	-2.053E-2	-0.125	0.255	0.284
15.967	7.399E-2	-1.998E-2	-0.514	6.283E-2	0.518
15.983	6.202E-2	-1.843E-2	-0.315	0.660	0.731
16.000	6.350E-2	2.023E-3	-0.106	0.340	0.356
16.017	5.848E-2	-7.115E-3	-0.137	-0.202	0.244
16.033	5.895E-2	-4.705E-3	9.714E-2	-0.164	0.191
16.050	6.172E-2	-1.258E-2	0.110	0.162	0.196
16.067	6.263E-2	7.109E-4	8.261E-2	-7.184E-2	0.109
16.083	6.448E-2	-1.498E-2	0.282	-0.409	0.497
16.100	7.204E-2	-1.293E-2	0.332	-0.198	0.387
16.117	7.555E-2	-2.158E-2	7.356E-2	-0.247	0.258
16.133	7.449E-2	-2.117E-2	0.147	0.174	0.228
16.150	8.044E-2	-1.577E-2	0.451	0.101	0.462
16.167	8.952E-2	-1.782E-2	0.423	-0.271	0.502
16.183	9.455E-2	-2.480E-2	-8.823E-2	-0.543	0.550
16.200	8.658E-2	-3.592E-2	-8.131E-2	-0.495	0.502
16.217	9.184E-2	-4.129E-2	-4.242E-2	-0.112	0.120
16.233	8.517E-2	-3.965E-2	-0.317	0.233	0.393
16.250	8.126E-2	-3.354E-2	0.147	0.155	0.213
16.267	9.005E-2	-3.450E-2	3.947E-3	0.232	0.232
16.283	8.139E-2	-2.582E-2	-0.404	0.532	0.668
16.300	7.659E-2	-1.678E-2	3.365E-2	8.038E-2	8.714E-2
16.317	8.252E-2	-2.314E-2	0.204	-5.820E-2	0.212
16.333	8.338E-2	-1.872E-2	-8.560E-2	0.413	0.422
16.350	7.966E-2	-9.372E-3	-8.290E-2	0.382	0.391
16.367	8.062E-2	-5.991E-3	-0.134	6.716E-2	0.150
16.383	7.520E-2	-7.133E-3	-0.131	-8.835E-3	0.131
16.400	7.626E-2	-6.286E-3	-0.473	3.864E-2	0.474
16.417	5.945E-2	-5.845E-3	1.711E-2	0.106	0.108
16.433	7.683E-2	-2.743E-3	0.205	-0.123	0.239
16.450	6.627E-2	-9.942E-3	-0.227	-5.088E-2	0.233
16.467	6.925E-2	-4.439E-3	0.230	0.100	0.251
16.483	7.394E-2	-6.595E-3	0.256	-0.160	0.302
16.500	7.779E-2	-9.773E-3	0.447	-0.379	0.586
16.517	8.883E-2	-1.924E-2	0.230	-0.460	0.515
16.533	8.547E-2	-2.512E-2	0.115	-0.192	0.224
16.550	9.267E-2	-2.563E-2	0.193	-4.764E-2	0.199
16.567	9.190E-2	-2.671E-2	0.130	-0.209	0.246
16.583	9.701E-2	-3.260E-2	-6.114E-2	-0.564	0.567
16.600	8.986E-2	-4.551E-2	-0.150	-0.350	0.380
16.617	9.202E-2	-4.426E-2	9.606E-2	3.208E-3	9.612E-2
16.633	9.307E-2	-4.541E-2	-0.355	0.249	0.433
16.650	8.020E-2	-3.595E-2	-0.521	0.347	0.626
16.667	7.570E-2	-3.385E-2	-0.123	5.933E-2	0.137
16.683	7.609E-2	-3.398E-2	0.470	-1.565E-2	0.470
16.700	9.137E-2	-3.437E-2	4.704E-2	0.103	0.113
16.717	7.766E-2	-3.055E-2	-0.539	0.355	0.645
16.733	7.342E-2	-2.254E-2	-5.516E-2	0.226	0.233
16.750	7.582E-2	-2.302E-2	-5.927E-2	0.164	0.175
16.767	7.144E-2	-1.706E-2	4.963E-2	0.612	0.614
16.783	7.748E-2	-2.628E-3	0.101	0.581	0.590
16.800	7.480E-2	2.314E-3	-7.583E-2	0.248	0.259
16.817	7.495E-2	5.630E-3	2.473E-2	0.120	0.122
16.833	7.562E-2	6.311E-3	0.115	-0.202	0.233
16.850	7.879E-2	-1.118E-3	0.125	-0.274	0.302
16.867	7.980E-2	-2.834E-3	-0.279	-4.423E-2	0.283
16.883	6.948E-2	-2.592E-3	-0.137	-0.137	0.194
16.900	7.522E-2	-7.415E-3	0.405	-0.438	0.597
16.917	8.298E-2	-1.720E-2	0.191	-0.563	0.595
16.933	8.160E-2	-2.618E-2	0.274	-0.312	0.415
16.950	9.210E-2	-2.759E-2	0.225	-0.144	0.267
16.967	8.909E-2	-3.099E-2	-0.316	-0.412	0.519
16.983	8.158E-2	-4.131E-2	-2.860E-3	-0.263	0.263
17.000	8.899E-2	-3.974E-2	0.222	-3.558E-2	0.225
17.017	8.900E-2	-4.250E-2	-8.536E-3	-0.289	0.289
17.033	8.871E-2	-4.938E-2	-0.113	-0.202	0.232
17.050	8.524E-2	-4.925E-2	-7.124E-2	7.143E-2	0.101
17.067	8.633E-2	-4.700E-2	-0.122	-4.283E-2	0.129
17.083	8.118E-2	-5.067E-2	2.520E-2	8.078E-2	8.461E-2
17.100	8.717E-2	-4.430E-2	7.699E-2	0.278	0.288
17.117	8.374E-2	-4.142E-2	-0.458	0.135	0.478
17.133	7.190E-2	-3.981E-2	-0.513	0.459	0.689
17.150	6.663E-2	-2.611E-2	-8.999E-2	0.308	0.321
17.167	6.890E-2	-2.953E-2	1.414E-2	0.109	0.110
17.183	6.710E-2	-2.249E-2	-0.150	0.428	0.453
17.200	6.391E-2	-1.527E-2	1.248E-2	0.259	0.259
17.217	6.752E-2	-1.386E-2	0.117	0.158	0.197
17.233	6.782E-2	-1.001E-2	4.298E-2	0.168	0.173
17.250	6.895E-2	-8.265E-3	-3.627E-2	0.201	0.204
17.267	6.661E-2	-3.320E-3	7.491E-3	0.114	0.114
17.283	6.920E-2	-4.472E-3	0.164	-0.101	0.193
17.300	7.208E-2	-6.688E-3	0.162	-0.178	0.241
17.317	7.459E-2	-1.041E-2	8.460E-2	-4.796E-2	9.725E-2
17.333	7.490E-2	-8.286E-3	0.215	-0.217	0.306
17.350	8.178E-2	-1.763E-2	0.104	-0.295	0.313
17.367	7.836E-2	-1.813E-2	9.258E-2	-0.362	0.373
17.383	8.486E-2	-2.969E-2	-1.282E-2	-0.359	0.359
17.400	7.793E-2	-3.010E-2	-0.220	-0.197	0.295
17.417	7.752E-2	-3.625E-2	0.195	-0.538	0.572
17.433	8.441E-2	-4.802E-2	0.229	-0.407	0.467
17.450	8.514E-2	-4.981E-2	-0.118	9.533E-2	0.152
17.467	8.047E-2	-4.484E-2	-0.268	3.312E-2	0.270
17.483	7.620E-2	-4.870E-2	1.804E-2	1.895E-2	2.616E-2
17.500	8.107E-2	-4.421E-2	-2.956E-2	1.225E-2	3.200E-2
17.517	7.521E-2	-4.830E-2	-0.231	-1.098E-2	0.231
17.533	7.338E-2	-4.458E-2	-0.172	0.368	0.406
17.550	6.946E-2	-3.604E-2	0.208	0.449	0.495
17.567	8.033E-2	-2.962E-2	0.213	0.325	0.389
17.583	7.657E-2	-2.522E-2	-0.553	0.463	0.721
17.600	6.189E-2	-1.420E-2	-0.244	0.457	0.518
17.617	6.844E-2	-9.977E-3	0.355	1.596E-4	0.355
17.633	7.374E-2	-1.419E-2	0.290	-0.124	0.315
17.650	7.809E-2	-1.411E-2	5.028E-2	5.960E-2	7.798E-2
17.667	7.542E-2	-1.221E-2	-2.921E-2	0.157	0.159
17.683	7.712E-2	-8.884E-3	-2.210E-2	0.101	0.103
17.700	7.468E-2	-8.844E-3	-0.121	0.541	0.554
17.717	7.308E-2	9.135E-3	0.483	0.202	0.523
17.733	9.077E-2	-2.123E-3	0.458	-0.473	0.658
17.750	8.835E-2	-6.616E-3	-0.223	-9.956E-3	0.223
17.767	8.334E-2	-2.455E-3	-0.178	-5.292E-3	0.178
17.783	8.240E-2	-6.793E-3	-3.882E-3	-0.256	0.256
17.800	8.321E-2	-1.098E-2	-6.250E-4	-0.246	0.246
17.817	8.238E-2	-1.501E-2	0.169	-0.520	0.547
17.833	8.885E-2	-2.831E-2	0.188	-0.411	0.452
17.850	8.865E-2	-2.870E-2	-0.307	0.205	0.369
17.867	7.861E-2	-2.148E-2	-0.479	0.138	0.498
17.883	7.270E-2	-2.411E-2	-8.199E-2	-0.311	0.321
17.900	7.587E-2	-3.183E-2	5.616E-2	-0.331	0.335
17.917	7.457E-2	-3.513E-2	-0.294	0.325	0.438
17.933	6.608E-2	-2.099E-2	-0.212	0.380	0.435
17.950	6.750E-2	-2.247E-2	0.130	-0.220	0.256
17.967	7.041E-2	-2.833E-2	6.261E-2	0.446	0.451
17.983	6.958E-2	-7.591E-3	5.254E-2	0.356	0.359
18.000	7.216E-2	-1.647E-2	-1.188E-2	-0.176	0.177
18.017	6.919E-2	-1.346E-2	-1.263E-2	0.139	0.139
18.033	7.174E-2	-1.185E-2	0.225	-1.070E-2	0.225
18.050	7.667E-2	-1.382E-2	-3.642E-2	0.239	0.241
18.067	7.052E-2	-3.901E-3	7.544E-2	-2.234E-2	7.868E-2
18.083	7.919E-2	-1.456E-2	0.342	-0.360	0.497
18.100	8.193E-2	-1.590E-2	3.875E-2	-3.144E-2	4.990E-2
18.117	8.048E-2	-1.561E-2	-6.801E-2	-8.644E-2	0.110
18.133	7.966E-2	-1.878E-2	6.952E-2	-0.238	0.248
18.150	8.280E-2	-2.355E-2	-0.103	-0.116	0.155
18.167	7.622E-2	-2.264E-2	-0.181	-4.358E-2	0.186
18.183	7.677E-2	-2.500E-2	-8.721E-2	7.413E-2	0.114
18.200	7.331E-2	-2.017E-2	-0.291	-0.300	0.418
18.217	6.708E-2	-3.499E-2	-0.119	-0.539	0.552
18.233	6.936E-2	-3.815E-2	-8.751E-3	0.219	0.219
18.250	6.679E-2	-2.770E-2	-9.844E-5	1.140	1.140
18.267	6.936E-2	-1.294E-4	-0.118	-0.417	0.433
18.283	6.284E-2	-4.159E-2	-0.217	-1.193	1.213
18.300	6.212E-2	-3.989E-2	-1.952E-2	0.139	0.141
18.317	6.219E-2	-3.695E-2	3.245E-2	0.213	0.216
18.333	6.320E-2	-3.278E-2	5.104E-2	0.256	0.261
18.350	6.389E-2	-2.843E-2	5.383E-2	0.275	0.280
18.367	6.500E-2	-2.362E-2	9.737E-2	0.295	0.310
18.383	6.714E-2	-1.860E-2	0.125	0.292	0.318
18.400	6.917E-2	-1.388E-2	0.140	0.264	0.299
18.417	7.179E-2	-9.798E-3	0.220	1.952E-2	0.220
18.433	7.649E-2	-1.323E-2	0.202	-0.171	0.265
18.450	7.854E-2	-1.550E-2	9.086E-2	-9.061E-2	0.128
18.467	7.952E-2	-1.625E-2	5.223E-2	0.308	0.313
18.483	8.028E-2	-5.232E-3	-1.183E-3	-2.505E-2	2.508E-2
18.500	7.948E-2	-1.709E-2	0.341	-9.824E-2	0.355
18.517	9.166E-2	-8.506E-3	0.218	0.525	0.568
18.533	8.673E-2	4.036E-4	-1.039E-2	4.485E-2	4.604E-2
18.550	9.131E-2	-7.011E-3	1.172E-2	-0.331	0.331
18.567	8.712E-2	-1.063E-2	-0.451	-0.624	0.770
18.583	7.626E-2	-2.782E-2	-0.539	-0.460	0.709
18.600	6.915E-2	-2.595E-2	-0.181	-0.180	0.255
18.617	7.024E-2	-3.384E-2	0.127	-0.352	0.374
18.633	7.338E-2	-3.768E-2	0.108	-0.321	0.338
18.650	7.384E-2	-4.453E-2	-6.733E-2	-0.228	0.238
18.667	7.113E-2	-4.529E-2	-0.141	-1.248E-2	0.142
18.683	6.913E-2	-4.495E-2	-7.979E-2	3.564E-2	8.739E-2
18.700	6.847E-2	-4.410E-2	-0.168	0.258	0.308
18.717	6.352E-2	-3.635E-2	0.119	0.179	0.215
18.733	7.243E-2	-3.814E-2	-0.185	0.328	0.376
18.750	5.735E-2	-2.543E-2	-1.416E-2	0.255	0.255
18.767	7.195E-2	-2.965E-2	0.388	0.123	0.407
18.783	7.029E-2	-2.132E-2	-1.633E-2	0.208	0.208
18.800	7.141E-2	-2.273E-2	-0.146	0.105	0.179
18.817	6.544E-2	-1.784E-2	-6.419E-2	0.340	0.346
18.833	6.927E-2	-1.140E-2	0.598	0.190	0.628
18.850	8.539E-2	-1.151E-2	0.710	0.133	0.723
18.867	9.294E-2	-6.967E-3	0.106	6.880E-2	0.127
18.883	8.892E-2	-9.220E-3	-5.468E-2	-9.710E-2	0.111
18.900	9.112E-2	-1.020E-2	3.643E-2	0.291	0.293
18.917	9.014E-2	4.820E-4	-6.073E-2	-0.134	0.147
18.933	8.910E-2	-1.466E-2	-5.602E-3	-0.498	0.498
18.950	8.995E-2	-1.612E-2	9.835E-3	-0.136	0.136
18.967	8.942E-2	-1.918E-2	-0.330	2.927E-2	0.332
18.983	7.894E-2	-1.515E-2	-0.404	7.013E-2	0.410
19.000	7.595E-2	-1.684E-2	-0.167	-0.153	0.226
19.017	7.337E-2	-2.023E-2	-5.376E-2	-0.130	0.141
19.033	7.415E-2	-2.117E-2	0.150	-0.420	0.446
19.050	7.838E-2	-3.425E-2	0.194	-0.233	0.303
19.067	8.063E-2	-2.894E-2	-0.120	0.127	0.174
19.083	7.438E-2	-3.003E-2	-0.539	1.244E-2	0.539
19.100	6.267E-2	-2.852E-2	-0.495	0.258	0.558
19.117	5.790E-2	-2.143E-2	7.502E-2	0.211	0.224
19.133	6.517E-2	-2.150E-2	0.343	-0.233	0.415
19.150	6.934E-2	-2.920E-2	9.074E-2	-0.161	0.185
19.167	6.820E-2	-2.688E-2	-6.737E-2	0.215	0.226
19.183	6.710E-2	-2.202E-2	0.274	0.204	0.342
19.200	7.733E-2	-2.008E-2	-4.668E-2	0.217	0.222
19.217	6.554E-2	-1.478E-2	0.261	0.404	0.481
19.233	8.604E-2	-6.604E-3	0.449	-4.126E-2	0.451
19.250	8.050E-2	-1.615E-2	-0.352	-8.700E-2	0.362
19.267	7.431E-2	-9.504E-3	6.165E-2	0.140	0.153
19.283	8.255E-2	-1.148E-2	0.303	-9.109E-2	0.317
19.300	8.443E-2	-1.254E-2	0.113	-4.973E-2	0.124
19.317	8.634E-2	-1.314E-2	2.153E-2	-9.734E-2	9.969E-2
19.333	8.515E-2	-1.578E-2	6.747E-3	-0.243	0.243
19.350	8.656E-2	-2.122E-2	0.259	0.149	0.299
19.367	9.377E-2	-1.080E-2	-1.273E-2	0.382	0.382
19.383	8.614E-2	-8.487E-3	-0.250	-8.584E-2	0.265
19.400	8.542E-2	-1.366E-2	-0.260	-0.628	0.679
19.417	7.748E-2	-2.941E-2	-0.598	-0.163	0.620
19.433	6.547E-2	-1.909E-2	-0.409	0.213	0.461
19.450	6.385E-2	-2.232E-2	-5.810E-2	-0.310	0.315
19.467	6.353E-2	-2.941E-2	8.553E-2	-0.208	0.225
19.483	6.671E-2	-2.924E-2	0.302	0.331	0.448
19.500	7.360E-2	-1.838E-2	4.074E-2	0.531	0.532
19.517	6.806E-2	-1.155E-2	-0.200	0.241	0.314
19.533	6.691E-2	-1.033E-2	-6.568E-2	-0.102	0.121
19.550	6.587E-2	-1.495E-2	-3.470E-2	-6.914E-3	3.538E-2
19.567	6.576E-2	-1.056E-2	0.103	6.643E-2	0.123
19.583	6.932E-2	-1.274E-2	0.185	-6.251E-2	0.195
19.600	7.191E-2	-1.264E-2	0.642	-0.289	0.704
19.617	9.073E-2	-2.236E-2	0.182	0.191	0.264
19.633	7.799E-2	-6.269E-3	-0.267	0.475	0.545
19.650	8.181E-2	-6.529E-3	0.137	0.118	0.181
19.667	8.255E-2	-2.331E-3	0.298	0.142	0.330
19.683	9.173E-2	-1.787E-3	0.553	0.101	0.563
19.700	0.101	1.037E-3	7.103E-2	-0.245	0.255
19.717	9.410E-2	-9.966E-3	-0.188	-0.308	0.361
19.733	9.474E-2	-9.222E-3	-6.318E-2	-5.788E-2	8.568E-2
19.750	9.200E-2	-1.190E-2	-0.284	-0.238	0.370
19.767	8.529E-2	-1.715E-2	-0.245	-5.473E-2	0.251
19.783	8.383E-2	-1.372E-2	-0.564	-8.088E-2	0.570
19.800	6.648E-2	-1.985E-2	-0.274	-0.354	0.448
19.817	7.470E-2	-2.553E-2	-0.228	-8.735E-2	0.244
19.833	5.888E-2	-2.276E-2	6.975E-2	-0.141	0.157
19.850	7.703E-2	-3.023E-2	0.165	-0.343	0.380
19.867	6.439E-2	-3.418E-2	-0.467	0.191	0.505
19.883	6.146E-2	-2.387E-2	-0.193	5.809E-2	0.202
19.900	5.795E-2	-3.224E-2	-5.540E-2	-0.239	0.245
19.917	5.961E-2	-3.184E-2	9.480E-2	4.526E-4	9.480E-2
19.933	6.111E-2	-3.223E-2	0.228	-9.959E-2	0.248
19.950	6.719E-2	-3.516E-2	0.308	0.134	0.336
19.967	7.138E-2	-2.777E-2	0.547	0.174	0.574
19.983	8.541E-2	-2.935E-2	0.128	7.686E-2	0.149
20.000	7.565E-2	-2.521E-2	0.198	0.426	0.469
20.017	9.200E-2	-1.516E-2	-9.084E-3	0.204	0.204
20.033	7.535E-2	-1.842E-2	-8.794E-2	-2.280E-2	9.085E-2
20.050	8.907E-2	-1.592E-2	0.538	0.299	0.615
20.067	9.327E-2	-8.446E-3	-8.557E-2	0.321	0.332
20.083	8.622E-2	-5.230E-3	-0.401	0.307	0.505
20.100	7.989E-2	1.789E-3	-0.285	0.131	0.313
20.117	7.673E-2	-8.713E-4	3.841E-4	-0.392	0.392
20.133	7.990E-2	-1.128E-2	0.109	-0.444	0.457
20.150	8.036E-2	-1.568E-2	0.417	7.901E-2	0.424
20.167	9.379E-2	-8.644E-3	-0.106	0.228	0.251
20.183	7.684E-2	-8.079E-3	-0.193	-6.851E-2	0.205
20.200	8.735E-2	-1.093E-2	-0.261	-0.502	0.566
20.217	6.815E-2	-2.482E-2	-0.221	-0.102	0.243
20.233	7.999E-2	-1.433E-2	5.461E-2	-0.157	0.166
20.250	6.997E-2	-3.005E-2	-0.341	-8.806E-2	0.352
20.267	6.861E-2	-1.727E-2	-0.118	5.900E-2	0.132
20.283	6.603E-2	-2.809E-2	3.215E-2	-0.245	0.247
20.300	6.968E-2	-2.545E-2	-2.865E-2	0.480	0.481
20.317	6.508E-2	-1.209E-2	-5.355E-2	0.482	0.485
20.333	6.790E-2	-9.374E-3	5.987E-2	8.162E-2	0.101
20.350	6.707E-2	-9.372E-3	5.012E-2	-0.327	0.331
20.367	6.957E-2	-2.028E-2	0.165	2.224E-2	0.167
20.383	7.258E-2	-8.631E-3	9.829E-2	2.958E-2	0.103
20.400	7.284E-2	-1.930E-2	0.167	-0.239	0.292
20.417	7.813E-2	-1.661E-2	0.268	0.171	0.318
20.433	8.179E-2	-1.359E-2	-0.117	0.276	0.300
20.450	7.423E-2	-7.396E-3	-1.850E-2	-1.713E-2	2.522E-2
20.467	8.117E-2	-1.416E-2	0.308	0.166	0.350
20.483	8.451E-2	-1.865E-3	0.366	0.290	0.468
20.500	9.339E-2	-4.484E-3	-8.620E-2	-0.403	0.412
20.517	8.164E-2	-1.530E-2	-0.443	-0.269	0.518
20.533	7.862E-2	-1.346E-2	7.790E-2	5.444E-2	9.503E-2
20.550	8.424E-2	-1.349E-2	8.202E-2	-0.120	0.145
20.567	8.136E-2	-1.746E-2	-0.165	-0.109	0.198
20.583	7.874E-2	-1.712E-2	-5.136E-3	-3.907E-2	3.940E-2
20.600	8.118E-2	-1.877E-2	0.145	-2.438E-2	0.147
20.617	8.357E-2	-1.793E-2	-0.298	-4.863E-2	0.302
20.633	7.124E-2	-2.039E-2	-0.425	-0.327	0.536
20.650	6.939E-2	-2.882E-2	-5.020E-2	-0.336	0.340
20.667	6.956E-2	-3.160E-2	0.250	0.341	0.423
20.683	7.771E-2	-1.745E-2	0.327	0.504	0.601
20.700	8.048E-2	-1.479E-2	-4.033E-2	-0.402	0.404
20.717	7.637E-2	-3.084E-2	2.771E-2	-4.172E-2	5.008E-2
20.733	8.140E-2	-1.618E-2	-0.133	0.537	0.553
20.750	7.193E-2	-1.296E-2	-0.333	-8.326E-2	0.343
20.767	7.030E-2	-1.896E-2	0.176	-9.921E-2	0.202
20.783	7.780E-2	-1.626E-2	0.177	-0.123	0.215
20.800	7.620E-2	-2.304E-2	3.345E-2	0.178	0.181
20.817	7.891E-2	-1.034E-2	-0.102	0.478	0.488
20.833	7.281E-2	-7.125E-3	-4.326E-2	0.120	0.127
20.850	7.747E-2	-6.351E-3	0.170	-0.177	0.245
20.867	7.847E-2	-1.301E-2	-0.108	-0.128	0.168
20.883	7.387E-2	-1.062E-2	0.121	-7.908E-2	0.145
20.900	8.252E-2	-1.565E-2	0.165	-0.240	0.291
20.917	7.938E-2	-1.862E-2	-0.216	-1.741E-2	0.216
20.933	7.533E-2	-1.623E-2	-0.314	0.169	0.356
20.950	6.891E-2	-1.300E-2	-0.104	-0.367	0.382
20.967	7.186E-2	-2.847E-2	0.330	-0.108	0.347
20.983	7.990E-2	-1.659E-2	0.415	0.143	0.439
21.000	8.570E-2	-2.369E-2	-0.159	-8.933E-2	0.182
21.017	7.460E-2	-1.957E-2	5.474E-2	0.172	0.181
21.033	8.753E-2	-1.795E-2	7.035E-2	-0.379	0.385
21.050	7.694E-2	-3.220E-2	-0.363	5.955E-2	0.368
21.067	7.544E-2	-1.597E-2	-0.127	0.536	0.550
21.083	7.271E-2	-1.434E-2	-4.836E-2	-0.201	0.207
21.100	7.382E-2	-2.268E-2	4.506E-2	-0.186	0.191
21.117	7.421E-2	-2.053E-2	0.112	3.729E-2	0.118
21.133	7.755E-2	-2.144E-2	8.848E-2	1.678E-2	9.006E-2
21.150	7.716E-2	-1.997E-2	-7.828E-2	4.954E-2	9.264E-2
21.167	7.494E-2	-1.979E-2	-0.239	0.426	0.489
21.183	6.918E-2	-5.772E-3	-0.148	0.440	0.464
21.200	7.001E-2	-5.116E-3	-0.116	-0.186	0.219
21.217	6.531E-2	-1.197E-2	-3.929E-2	-0.546	0.547
21.233	6.870E-2	-2.331E-2	1.780E-3	-0.242	0.242
21.250	6.537E-2	-2.003E-2	0.500	0.154	0.523
21.267	8.537E-2	-1.819E-2	0.144	-0.121	0.188
21.283	7.017E-2	-2.406E-2	-0.478	0.129	0.495
21.300	6.944E-2	-1.387E-2	0.385	-0.133	0.407
21.317	8.301E-2	-2.849E-2	0.596	-0.329	0.681
21.333	8.932E-2	-2.483E-2	0.189	0.204	0.278
21.350	8.932E-2	-2.171E-2	-0.422	0.212	0.472
21.367	7.527E-2	-1.777E-2	-0.425	0.231	0.484
21.383	7.515E-2	-1.401E-2	9.255E-2	-1.077E-2	9.318E-2
21.400	7.835E-2	-1.813E-2	0.214	-0.213	0.302
21.417	8.230E-2	-2.112E-2	-7.524E-2	0.172	0.188
21.433	7.585E-2	-1.239E-2	-9.964E-2	2.634E-2	0.103
21.450	7.898E-2	-2.024E-2	0.205	5.790E-2	0.213
21.467	8.267E-2	-1.046E-2	-0.330	-0.107	0.347
21.483	6.798E-2	-2.382E-2	-0.435	4.452E-2	0.437
21.500	6.818E-2	-8.980E-3	-6.958E-2	0.464	0.469
21.517	6.566E-2	-8.355E-3	-0.111	-0.398	0.413
21.533	6.449E-2	-2.224E-2	6.451E-2	8.510E-2	0.107
21.550	6.781E-2	-5.518E-3	0.145	0.608	0.625
21.567	6.932E-2	-1.980E-3	-4.675E-2	-0.391	0.394
21.583	6.625E-2	-1.856E-2	3.201E-2	-0.552	0.553
21.600	7.039E-2	-2.039E-2	4.190E-2	-1.062E-2	4.323E-2
21.617	6.765E-2	-1.892E-2	0.112	-2.181E-2	0.114
21.633	7.412E-2	-2.111E-2	9.353E-2	-2.563E-2	9.698E-2
21.650	7.076E-2	-1.977E-2	-0.180	-0.200	0.270
21.667	6.811E-2	-2.779E-2	0.158	-0.244	0.290
21.683	7.603E-2	-2.789E-2	0.471	-2.346E-2	0.472
21.700	8.382E-2	-2.857E-2	0.282	-0.231	0.365
21.717	8.543E-2	-3.560E-2	8.101E-2	-0.222	0.237
21.733	8.652E-2	-3.599E-2	0.267	0.235	0.356
21.750	9.434E-2	-2.777E-2	0.243	0.120	0.271
21.767	9.461E-2	-3.199E-2	2.125E-2	6.492E-2	6.831E-2
21.783	9.505E-2	-2.560E-2	-5.227E-2	8.352E-2	9.852E-2
21.800	9.287E-2	-2.921E-2	-0.299	5.905E-2	0.305
21.817	8.507E-2	-2.363E-2	-0.111	0.298	0.318
21.833	8.918E-2	-1.926E-2	8.528E-2	0.117	0.145
21.850	8.792E-2	-1.973E-2	-0.203	5.851E-2	0.212
21.867	8.239E-2	-1.731E-2	-0.123	0.148	0.192
21.883	8.383E-2	-1.481E-2	-0.271	3.421E-2	0.273
21.900	7.336E-2	-1.617E-2	-0.417	-2.433E-2	0.417
21.917	6.994E-2	-1.562E-2	0.170	0.143	0.222
21.933	7.904E-2	-1.142E-2	0.274	4.684E-3	0.274
21.950	7.908E-2	-1.547E-2	-4.167E-2	-0.341	0.343
21.967	7.765E-2	-2.277E-2	-0.515	-0.219	0.560
21.983	6.192E-2	-2.277E-2	-0.396	0.294	0.494
22.000	6.444E-2	-1.297E-2	0.246	0.288	0.379
22.017	7.010E-2	-1.317E-2	0.251	-6.931E-2	0.260
22.033	7.280E-2	-1.528E-2	-0.106	-0.441	0.454
22.050	6.657E-2	-2.787E-2	0.137	-9.894E-2	0.169
22.067	7.737E-2	-1.858E-2	0.353	-0.166	0.390
22.083	7.833E-2	-3.339E-2	-8.187E-2	-0.135	0.158
22.100	7.464E-2	-2.308E-2	0.109	0.118	0.161
22.117	8.196E-2	-2.946E-2	0.156	1.879E-2	0.157
22.133	7.983E-2	-2.246E-2	-0.117	2.627E-2	0.120
22.150	7.805E-2	-2.858E-2	0.179	-0.131	0.222
22.167	8.580E-2	-2.684E-2	0.284	0.284	0.402
22.183	8.750E-2	-1.910E-2	1.456E-2	5.827E-2	6.006E-2
22.200	8.629E-2	-2.490E-2	6.592E-3	0.232	0.232
22.217	8.772E-2	-1.137E-2	-0.423	0.642	0.769
22.233	7.218E-2	-3.491E-3	-0.483	9.244E-2	0.492
22.250	7.162E-2	-8.293E-3	0.150	-0.374	0.403
22.267	7.717E-2	-1.596E-2	0.500	6.598E-2	0.504
22.283	8.828E-2	-6.094E-3	0.269	0.324	0.421
22.300	8.614E-2	-5.155E-3	-8.882E-2	6.284E-2	0.109
22.317	8.532E-2	-3.999E-3	-0.678	-0.272	0.730
22.333	6.355E-2	-1.423E-2	-0.545	-8.956E-2	0.552
22.350	6.717E-2	-6.985E-3	8.005E-2	0.146	0.166
22.367	6.622E-2	-9.364E-3	0.264	-0.135	0.296
22.383	7.595E-2	-1.147E-2	-1.232E-2	-0.149	0.149
22.400	6.581E-2	-1.433E-2	2.800E-2	-0.115	0.119
22.417	7.688E-2	-1.532E-2	0.369	-7.472E-2	0.377
22.433	7.812E-2	-1.682E-2	-0.214	-0.395	0.449
22.450	6.975E-2	-2.849E-2	-0.203	-0.356	0.410
22.467	7.136E-2	-2.870E-2	2.475E-2	0.281	0.282
22.483	7.058E-2	-1.912E-2	5.363E-2	0.328	0.332
22.500	7.315E-2	-1.778E-2	0.122	9.428E-2	0.154
22.517	7.463E-2	-1.598E-2	7.541E-2	0.121	0.142
22.533	7.566E-2	-1.376E-2	-5.036E-2	-0.168	0.176
22.550	7.295E-2	-2.159E-2	2.394E-2	-0.164	0.166
22.567	7.646E-2	-1.924E-2	0.535	0.404	0.671
22.583	9.080E-2	-8.126E-3	0.417	0.345	0.541
22.600	9.036E-2	-7.723E-3	-0.454	-0.237	0.512
22.617	7.568E-2	-1.602E-2	-0.633	-5.772E-2	0.636
22.633	6.925E-2	-9.647E-3	-3.171E-2	0.109	0.113
22.650	7.462E-2	-1.239E-2	0.131	7.413E-2	0.151
22.667	7.362E-2	-7.176E-3	0.176	0.158	0.237
22.683	8.050E-2	-7.127E-3	6.608E-2	-0.476	0.480
22.700	7.582E-2	-2.304E-2	6.021E-2	-0.163	0.174
22.717	8.251E-2	-1.257E-2	0.152	0.140	0.206
22.733	8.088E-2	-1.838E-2	9.168E-3	-0.168	0.168
22.750	8.281E-2	-1.816E-2	0.161	-0.161	0.228
22.767	8.625E-2	-2.373E-2	-4.516E-2	-0.213	0.218
22.783	8.131E-2	-2.528E-2	-0.208	-7.610E-2	0.221
22.800	7.932E-2	-2.627E-2	6.466E-4	-7.903E-2	7.904E-2
22.817	8.133E-2	-2.791E-2	0.107	-8.316E-2	0.135
22.833	8.288E-2	-2.904E-2	-0.156	-4.256E-2	0.162
22.850	7.612E-2	-2.933E-2	5.840E-2	-0.136	0.148
22.867	8.482E-2	-3.357E-2	-7.481E-2	4.418E-2	8.689E-2
22.883	7.363E-2	-2.786E-2	3.087E-2	0.257	0.259
22.900	8.585E-2	-2.501E-2	4.359E-2	-1.598E-2	4.643E-2
22.917	7.508E-2	-2.839E-2	-0.345	-5.988E-3	0.345
22.933	7.436E-2	-2.521E-2	7.807E-2	0.190	0.205
22.950	7.768E-2	-2.206E-2	-0.237	0.314	0.393
22.967	6.645E-2	-1.475E-2	-0.412	0.110	0.426
22.983	6.395E-2	-1.841E-2	0.116	6.305E-2	0.132
23.000	7.031E-2	-1.265E-2	0.366	0.243	0.440
23.017	7.616E-2	-1.031E-2	0.330	6.711E-2	0.337
23.033	8.131E-2	-1.042E-2	0.157	1.107E-2	0.157
23.050	8.139E-2	-9.945E-3	3.156E-2	5.603E-2	6.431E-2
23.067	8.236E-2	-8.548E-3	0.164	-3.948E-2	0.169
23.083	8.685E-2	-1.126E-2	2.224E-2	-0.467	0.467
23.100	8.310E-2	-2.411E-2	-6.222E-3	-0.450	0.450
23.117	8.664E-2	-2.625E-2	0.175	-4.147E-2	0.180
23.133	8.894E-2	-2.549E-2	-0.231	0.377	0.443
23.150	7.895E-2	-1.367E-2	-0.274	0.349	0.444
23.167	7.982E-2	-1.385E-2	4.109E-2	1.168E-2	4.272E-2
23.183	8.032E-2	-1.328E-2	0.357	-0.432	0.560
23.200	9.173E-2	-2.824E-2	0.208	-0.477	0.520
23.217	8.725E-2	-2.918E-2	-7.275E-2	8.894E-2	0.115
23.233	8.930E-2	-2.528E-2	-0.357	3.099E-2	0.358
23.250	7.537E-2	-2.814E-2	-0.440	0.132	0.459
23.267	7.465E-2	-2.089E-2	-1.755E-2	0.143	0.144
23.283	7.478E-2	-2.339E-2	-0.131	-3.399E-2	0.135
23.300	7.027E-2	-2.203E-2	9.272E-2	-7.742E-3	9.305E-2
23.317	7.787E-2	-2.365E-2	-3.687E-2	0.456	0.458
23.333	6.904E-2	-6.818E-3	-0.327	0.503	0.600
23.350	6.696E-2	-6.879E-3	-6.274E-2	-0.293	0.300
23.367	6.695E-2	-1.659E-2	-1.408E-3	-0.302	0.302
23.383	6.691E-2	-1.696E-2	-3.088E-2	0.295	0.296
23.400	6.592E-2	-6.764E-3	6.296E-2	-0.232	0.241
23.417	6.901E-2	-2.469E-2	0.161	-0.548	0.571
23.433	7.130E-2	-2.502E-2	7.975E-2	9.547E-3	8.032E-2
23.450	7.167E-2	-2.438E-2	3.617E-2	0.104	0.110
23.467	7.250E-2	-2.157E-2	0.189	1.092E-3	0.189
23.483	7.796E-2	-2.434E-2	0.250	-8.015E-2	0.262
23.500	8.082E-2	-2.424E-2	-0.132	0.375	0.397
23.517	7.354E-2	-1.185E-2	-9.017E-2	0.192	0.212
23.533	7.782E-2	-1.785E-2	0.388	-0.250	0.462
23.550	8.649E-2	-2.017E-2	0.350	-2.819E-2	0.351
23.567	8.949E-2	-1.879E-2	3.362E-2	-0.186	0.189
23.583	8.761E-2	-2.639E-2	-0.195	-0.292	0.351
23.600	8.298E-2	-2.851E-2	-0.416	0.380	0.564
23.617	7.375E-2	-1.371E-2	5.174E-2	-4.138E-2	6.626E-2
23.633	8.471E-2	-2.989E-2	7.339E-2	-0.228	0.240
23.650	7.619E-2	-2.132E-2	-0.420	0.313	0.523
23.667	7.071E-2	-1.947E-2	-0.103	1.188E-2	0.104
23.683	7.276E-2	-2.093E-2	-2.380E-2	6.070E-2	6.520E-2
23.700	6.992E-2	-1.744E-2	0.438	0.265	0.512
23.717	8.737E-2	-1.210E-2	0.498	0.223	0.546
23.733	8.653E-2	-1.001E-2	-4.247E-2	0.105	0.114
23.750	8.595E-2	-8.586E-3	-2.565E-2	7.737E-2	8.151E-2
23.767	8.567E-2	-7.433E-3	-0.647	-4.939E-2	0.648
23.783	6.440E-2	-1.023E-2	-0.633	-8.369E-2	0.639
23.800	6.456E-2	-1.022E-2	0.637	3.599E-2	0.638
23.817	8.564E-2	-9.033E-3	0.180	-0.201	0.270
23.833	7.057E-2	-1.692E-2	-0.375	-0.317	0.491
23.850	7.315E-2	-1.960E-2	6.558E-2	-0.118	0.135
23.867	7.276E-2	-2.085E-2	1.444E-2	-9.855E-2	9.960E-2
23.883	7.363E-2	-2.288E-2	0.105	3.399E-2	0.110
23.900	7.625E-2	-1.972E-2	0.309	-0.177	0.356
23.917	8.393E-2	-2.880E-2	0.287	-0.307	0.420
23.933	8.581E-2	-2.994E-2	6.446E-2	0.285	0.293
23.950	8.608E-2	-1.928E-2	2.094E-2	0.276	0.277
23.967	8.651E-2	-2.073E-2	5.222E-2	-0.178	0.186
23.983	8.782E-2	-2.522E-2	-0.165	-3.041E-2	0.168
24.000	8.100E-2	-2.175E-2	-1.685E-2	-8.187E-4	1.687E-2
24.017	8.726E-2	-2.524E-2	-3.990E-2	8.154E-2	9.078E-2
24.033	7.967E-2	-1.903E-2	-0.254	0.194	0.320
24.050	7.880E-2	-1.876E-2	0.115	-0.223	0.250
24.067	8.349E-2	-2.645E-2	-0.119	-0.156	0.196
24.083	7.484E-2	-2.398E-2	-0.242	0.280	0.370
24.100	7.543E-2	-1.711E-2	-5.327E-2	0.241	0.247
24.117	7.306E-2	-1.594E-2	-0.164	-0.217	0.272
24.133	6.995E-2	-2.435E-2	-0.102	2.279E-2	0.105
24.150	6.966E-2	-1.518E-2	-0.177	0.141	0.226
24.167	6.403E-2	-1.966E-2	-0.129	-0.154	0.201
24.183	6.535E-2	-2.031E-2	0.123	0.146	0.191
24.200	6.814E-2	-1.480E-2	-9.734E-2	0.171	0.197
24.217	6.211E-2	-1.460E-2	0.316	-0.282	0.423
24.233	7.867E-2	-2.419E-2	0.116	-1.658E-2	0.118
24.250	6.599E-2	-1.515E-2	-0.405	0.260	0.481
24.267	6.518E-2	-1.553E-2	0.511	-0.290	0.587
24.283	8.301E-2	-2.482E-2	0.727	-1.009E-2	0.727
24.300	8.942E-2	-1.586E-2	0.196	0.101	0.221
24.317	8.955E-2	-2.146E-2	-0.281	-0.465	0.544
24.333	8.005E-2	-3.138E-2	-0.139	-0.312	0.341
24.350	8.493E-2	-3.185E-2	0.360	0.159	0.394
24.367	9.205E-2	-2.608E-2	0.244	0.103	0.264
24.383	9.305E-2	-2.841E-2	3.978E-2	7.262E-2	8.280E-2
24.400	9.338E-2	-2.366E-2	-7.826E-3	5.827E-2	5.880E-2
24.417	9.279E-2	-2.647E-2	3.204E-4	0.266	0.266
24.433	9.339E-2	-1.480E-2	-0.324	3.604E-2	0.326
24.450	8.198E-2	-2.527E-2	-0.302	-0.119	0.324
24.467	8.333E-2	-1.879E-2	-0.105	0.153	0.186
24.483	7.847E-2	-2.018E-2	-0.341	-2.351E-3	0.341
24.500	7.197E-2	-1.886E-2	-0.291	-2.158E-2	0.292
24.517	6.876E-2	-2.090E-2	0.267	9.773E-2	0.285
24.533	8.088E-2	-1.561E-2	0.189	0.128	0.228
24.550	7.507E-2	-1.663E-2	-6.861E-2	3.961E-2	7.922E-2
24.567	7.859E-2	-1.429E-2	-0.123	-0.135	0.182
24.583	7.098E-2	-2.113E-2	-0.231	-0.254	0.344
24.600	7.089E-2	-2.277E-2	-0.208	0.169	0.268
24.617	6.407E-2	-1.550E-2	-0.118	0.210	0.241
24.633	6.695E-2	-1.577E-2	0.406	-0.342	0.531
24.650	7.759E-2	-2.690E-2	0.119	-0.283	0.307
24.667	7.092E-2	-2.521E-2	0.154	-0.155	0.219
24.683	8.272E-2	-3.208E-2	0.386	-0.204	0.437
24.700	8.380E-2	-3.202E-2	-0.228	0.284	0.364
24.717	7.511E-2	-2.260E-2	-0.279	0.362	0.457
24.733	7.449E-2	-1.996E-2	0.129	-0.210	0.247
24.750	7.943E-2	-2.961E-2	0.247	-0.233	0.339
24.767	8.271E-2	-2.772E-2	0.123	0.137	0.184
24.783	8.351E-2	-2.504E-2	5.423E-2	0.270	0.276
24.800	8.452E-2	-1.870E-2	-0.136	2.328E-2	0.138
24.817	7.899E-2	-2.426E-2	-0.240	-0.141	0.278
24.833	7.653E-2	-2.340E-2	3.053E-2	0.287	0.288
24.850	8.001E-2	-1.470E-2	0.123	0.327	0.349
24.867	8.064E-2	-1.250E-2	5.277E-2	0.200	0.207
24.883	8.176E-2	-8.033E-3	-5.224E-2	-0.163	0.171
24.900	7.890E-2	-1.792E-2	0.102	5.159E-2	0.114
24.917	8.516E-2	-6.313E-3	-0.149	0.240	0.282
24.933	7.392E-2	-9.933E-3	-0.189	-0.313	0.365
24.950	7.886E-2	-1.673E-2	3.515E-2	-0.204	0.207
24.967	7.509E-2	-1.675E-2	-0.114	-6.480E-2	0.131
24.983	7.505E-2	-1.889E-2	6.559E-2	-0.132	0.147
25.000	7.727E-2	-2.115E-2	5.455E-2	-6.755E-2	8.683E-2
25.017	7.687E-2	-2.114E-2	-8.393E-3	-0.129	0.129
25.033	7.700E-2	-2.543E-2	-5.104E-2	-0.128	0.138
25.050	7.517E-2	-2.541E-2	-0.132	0.151	0.200
25.067	7.261E-2	-2.040E-2	1.536E-3	0.128	0.128
25.083	7.522E-2	-2.115E-2	6.012E-2	-6.523E-2	8.871E-2
25.100	7.461E-2	-2.257E-2	0.130	0.166	0.210
25.117	7.954E-2	-1.563E-2	0.137	0.227	0.265
25.133	7.917E-2	-1.500E-2	-0.121	-0.220	0.251
25.150	7.552E-2	-2.297E-2	-0.128	-0.248	0.279
25.167	7.492E-2	-2.327E-2	0.166	0.131	0.211
25.183	8.103E-2	-1.858E-2	0.159	0.354	0.388
25.200	8.023E-2	-1.146E-2	9.235E-2	4.519E-2	0.103
25.217	8.411E-2	-1.708E-2	-9.458E-2	-0.242	0.259
25.233	7.708E-2	-1.952E-2	-0.217	-6.410E-2	0.226
25.250	7.688E-2	-1.921E-2	4.181E-2	9.525E-2	0.104
25.267	7.847E-2	-1.634E-2	2.045E-2	-0.166	0.167
25.283	7.756E-2	-2.474E-2	6.915E-2	-0.325	0.333
25.300	8.078E-2	-2.718E-2	-5.321E-2	-5.601E-2	7.725E-2
25.317	7.579E-2	-2.661E-2	-0.140	-4.300E-2	0.147
25.333	7.610E-2	-2.862E-2	-2.209E-2	-8.682E-2	8.959E-2
25.350	7.505E-2	-2.950E-2	-3.729E-2	-4.017E-2	5.481E-2
25.367	7.486E-2	-2.996E-2	-1.638E-2	-4.243E-3	1.692E-2
25.383	7.451E-2	-2.964E-2	-0.327	0.372	0.495
25.400	6.397E-2	-1.756E-2	-8.977E-2	0.107	0.140
25.417	7.152E-2	-2.606E-2	0.389	-0.236	0.455
25.433	7.694E-2	-2.544E-2	0.120	9.472E-2	0.153
25.450	7.553E-2	-2.291E-2	-0.211	0.123	0.245
25.467	6.990E-2	-2.132E-2	0.123	0.106	0.163
25.483	7.963E-2	-1.936E-2	8.060E-2	-0.130	0.153
25.500	7.258E-2	-2.567E-2	0.184	-3.472E-2	0.188
25.517	8.578E-2	-2.052E-2	0.407	0.230	0.467
25.533	8.614E-2	-1.799E-2	-0.201	-6.855E-2	0.212
25.550	7.908E-2	-2.280E-2	4.978E-2	-7.891E-3	5.040E-2
25.567	8.780E-2	-1.825E-2	0.355	0.155	0.388
25.583	9.093E-2	-1.763E-2	0.196	3.722E-2	0.199
25.600	9.433E-2	-1.701E-2	-3.727E-2	-0.194	0.198
25.617	8.969E-2	-2.411E-2	-0.132	-0.249	0.282
25.633	8.994E-2	-2.532E-2	-6.074E-2	9.272E-2	0.111
25.650	8.766E-2	-2.102E-2	-0.167	9.296E-2	0.191
25.667	8.437E-2	-2.222E-2	-0.130	-1.894E-2	0.131
25.683	8.334E-2	-2.165E-2	-0.147	0.135	0.200
25.700	7.946E-2	-1.772E-2	-0.188	2.173E-2	0.189
25.717	7.708E-2	-2.092E-2	-0.263	-0.278	0.383
25.733	7.069E-2	-2.698E-2	0.130	1.899E-2	0.131
25.750	8.140E-2	-2.029E-2	0.188	0.151	0.241
25.767	7.696E-2	-2.194E-2	-0.653	5.697E-2	0.655
25.783	5.965E-2	-1.839E-2	-0.499	0.217	0.544
25.800	6.032E-2	-1.471E-2	6.100E-2	7.549E-2	9.706E-2
25.817	6.168E-2	-1.588E-2	0.241	3.740E-2	0.244
25.833	6.834E-2	-1.346E-2	0.316	-0.140	0.346
25.850	7.222E-2	-2.053E-2	7.477E-2	-0.362	0.370
25.867	7.084E-2	-2.553E-2	2.999E-2	9.879E-5	2.999E-2
25.883	7.322E-2	-2.053E-2	0.108	0.584	0.594
25.900	7.444E-2	-6.066E-3	0.165	9.000E-2	0.188
25.917	7.872E-2	-1.753E-2	7.369E-2	-0.515	0.520
25.933	7.690E-2	-2.324E-2	0.151	-0.200	0.251
25.950	8.377E-2	-2.420E-2	4.506E-2	0.255	0.259
25.967	7.840E-2	-1.474E-2	-0.308	0.434	0.532
25.983	7.349E-2	-9.736E-3	2.056E-3	-0.312	0.312
26.000	7.847E-2	-2.515E-2	0.264	-0.311	0.408
26.017	8.229E-2	-2.012E-2	-0.125	0.200	0.236
26.033	7.431E-2	-1.848E-2	-0.347	-0.189	0.395
26.050	7.073E-2	-2.642E-2	-0.116	-0.177	0.212
26.067	7.043E-2	-2.437E-2	0.434	0.216	0.485
26.083	8.522E-2	-1.923E-2	0.345	-3.104E-2	0.346
26.100	8.192E-2	-2.540E-2	-3.679E-2	-3.512E-3	3.696E-2
26.117	8.399E-2	-1.934E-2	4.429E-2	0.205	0.210
26.133	8.340E-2	-1.857E-2	-7.921E-2	5.386E-2	9.579E-2
26.150	8.135E-2	-1.755E-2	1.132E-3	5.508E-2	5.509E-2
26.167	8.344E-2	-1.674E-2	7.370E-2	6.134E-2	9.589E-2
26.183	8.381E-2	-1.550E-2	3.519E-2	8.038E-2	8.774E-2
26.200	8.461E-2	-1.406E-2	-5.525E-2	-0.271	0.277
26.217	8.196E-2	-2.454E-2	2.177E-2	-0.306	0.306
26.233	8.534E-2	-2.424E-2	0.139	0.347	0.374
26.250	8.660E-2	-1.298E-2	-9.095E-2	0.199	0.219
26.267	8.230E-2	-1.761E-2	-0.106	-0.162	0.194
26.283	8.306E-2	-1.838E-2	-0.106	-5.271E-2	0.118
26.300	7.879E-2	-1.937E-2	-0.129	-4.738E-2	0.138
26.317	7.874E-2	-1.995E-2	-0.123	-7.406E-2	0.144
26.333	7.467E-2	-2.184E-2	0.117	0.121	0.168
26.350	8.264E-2	-1.592E-2	0.374	0.128	0.395
26.367	8.715E-2	-1.757E-2	-0.241	-0.141	0.280
26.383	7.459E-2	-2.063E-2	-0.239	-0.144	0.279
26.400	7.918E-2	-2.238E-2	8.027E-2	-0.234	0.247
26.417	7.726E-2	-2.842E-2	-0.377	2.865E-2	0.378
26.433	6.661E-2	-2.143E-2	-0.109	-0.104	0.150
26.450	7.364E-2	-3.189E-2	0.197	-0.315	0.372
26.467	7.317E-2	-3.194E-2	-5.597E-2	-2.374E-3	5.602E-2
26.483	7.177E-2	-3.197E-2	-6.168E-2	9.008E-3	6.233E-2
26.500	7.111E-2	-3.164E-2	-9.188E-3	5.104E-2	5.186E-2
26.517	7.147E-2	-3.027E-2	-0.113	0.253	0.277
26.533	6.736E-2	-2.321E-2	-0.125	0.361	0.382
26.550	6.730E-2	-1.824E-2	0.131	-5.682E-2	0.142
26.567	7.172E-2	-2.511E-2	0.186	-0.131	0.228
26.583	7.350E-2	-2.261E-2	0.185	0.165	0.248
26.600	7.789E-2	-1.962E-2	0.186	0.149	0.239
26.617	7.971E-2	-1.764E-2	0.222	9.887E-2	0.243
26.633	8.528E-2	-1.632E-2	-0.189	2.598E-2	0.190
26.650	7.343E-2	-1.677E-2	3.802E-2	0.149	0.154
26.667	8.655E-2	-1.135E-2	0.135	-0.101	0.168
26.683	7.792E-2	-2.013E-2	-0.195	-0.172	0.260
26.700	8.005E-2	-1.708E-2	0.209	-9.629E-2	0.230
26.717	8.490E-2	-2.334E-2	0.121	-0.113	0.166
26.733	8.409E-2	-2.085E-2	-6.411E-2	-3.113E-2	7.127E-2
26.750	8.276E-2	-2.437E-2	-4.528E-2	-0.185	0.191
26.767	8.258E-2	-2.703E-2	-2.955E-3	-0.293	0.293
26.783	8.266E-2	-3.414E-2	0.234	0.104	0.256
26.800	9.038E-2	-2.356E-2	0.215	0.269	0.344
26.817	8.981E-2	-2.518E-2	-9.444E-2	-2.635E-2	9.805E-2
26.833	8.723E-2	-2.444E-2	-0.366	-0.204	0.419
26.850	7.761E-2	-3.197E-2	-4.402E-2	-2.842E-2	5.239E-2
26.867	8.577E-2	-2.538E-2	-0.181	0.290	0.342
26.883	7.158E-2	-2.231E-2	-0.144	0.144	0.204
26.900	8.096E-2	-2.057E-2	0.212	6.940E-2	0.223
26.917	7.865E-2	-1.999E-2	-0.200	-9.608E-3	0.201
26.933	7.428E-2	-2.089E-2	-0.196	0.192	0.274
26.950	7.211E-2	-1.361E-2	5.474E-2	-3.111E-2	6.297E-2
26.967	7.610E-2	-2.193E-2	3.856E-2	-0.219	0.223
26.983	7.339E-2	-2.092E-2	-0.130	5.795E-2	0.142
27.000	7.177E-2	-1.999E-2	-8.015E-2	2.344E-2	8.351E-2
27.017	7.072E-2	-2.013E-2	2.227E-2	0.124	0.126
27.033	7.251E-2	-1.587E-2	2.572E-2	0.272	0.274
27.050	7.158E-2	-1.105E-2	7.679E-2	-1.965E-2	7.926E-2
27.067	7.507E-2	-1.652E-2	8.174E-2	-0.404	0.412
27.083	7.430E-2	-2.451E-2	-4.937E-2	0.185	0.191
27.100	7.342E-2	-1.037E-2	4.112E-2	0.183	0.188
27.117	7.568E-2	-1.840E-2	-0.169	-0.165	0.236
27.133	6.779E-2	-1.587E-2	-0.302	5.399E-2	0.307
27.150	6.561E-2	-1.660E-2	-4.389E-2	-0.123	0.131
27.167	6.633E-2	-1.998E-2	0.552	-0.195	0.585
27.183	8.401E-2	-2.310E-2	0.176	-0.293	0.342
27.200	7.221E-2	-2.973E-2	-1.764E-2	-7.352E-2	7.561E-2
27.217	8.343E-2	-2.555E-2	0.467	0.130	0.485
27.233	8.779E-2	-2.540E-2	0.126	2.013E-3	0.126
27.250	8.763E-2	-2.548E-2	-0.107	-0.152	0.186
27.267	8.423E-2	-3.046E-2	-2.940E-2	5.303E-3	2.987E-2
27.283	8.665E-2	-2.530E-2	0.133	0.275	0.305
27.300	8.865E-2	-2.129E-2	-0.241	0.266	0.359
27.317	7.861E-2	-1.643E-2	-0.314	0.198	0.371
27.333	7.820E-2	-1.468E-2	0.205	-0.100	0.228
27.350	8.543E-2	-1.977E-2	0.206	-0.126	0.242
27.367	8.507E-2	-1.887E-2	0.155	0.276	0.316
27.383	9.059E-2	-1.058E-2	9.644E-2	0.250	0.268
27.400	8.829E-2	-1.053E-2	-0.315	-0.325	0.452
27.417	8.010E-2	-2.141E-2	-9.611E-2	-0.148	0.177
27.433	8.508E-2	-1.547E-2	-0.166	-9.238E-2	0.190
27.450	7.456E-2	-2.449E-2	-0.453	-0.109	0.465
27.467	7.000E-2	-1.910E-2	-0.120	6.128E-2	0.135
27.483	7.056E-2	-2.245E-2	6.119E-2	-0.132	0.145
27.500	7.204E-2	-2.348E-2	0.382	0.212	0.437
27.517	8.329E-2	-1.538E-2	-0.171	3.180E-2	0.174
27.533	6.635E-2	-2.242E-2	-0.174	-0.438	0.471
27.550	7.749E-2	-2.998E-2	0.278	-0.250	0.373
27.567	7.560E-2	-3.074E-2	-0.234	0.277	0.362
27.583	6.970E-2	-2.074E-2	-6.321E-2	0.178	0.189
27.600	7.350E-2	-2.479E-2	0.114	-9.468E-2	0.148
27.617	7.350E-2	-2.390E-2	8.551E-4	7.988E-2	7.989E-2
27.633	7.353E-2	-2.213E-2	0.213	-0.128	0.248
27.650	8.059E-2	-2.816E-2	0.108	9.715E-2	0.145
27.667	7.713E-2	-1.889E-2	-0.148	0.188	0.239
27.683	7.565E-2	-2.189E-2	-5.626E-2	0.165	0.175
27.700	7.526E-2	-1.338E-2	-0.305	0.274	0.410
27.717	6.548E-2	-1.276E-2	0.152	-0.110	0.188
27.733	8.033E-2	-1.707E-2	0.547	0.183	0.577
27.750	8.372E-2	-6.663E-3	-0.155	-0.109	0.190
27.767	7.515E-2	-2.071E-2	-0.347	-0.457	0.574
27.783	7.213E-2	-2.190E-2	-8.568E-2	8.098E-3	8.606E-2
27.800	7.230E-2	-2.044E-2	0.146	-0.118	0.188
27.817	7.701E-2	-2.583E-2	0.465	0.127	0.482
27.833	8.780E-2	-1.620E-2	0.377	0.171	0.414
27.850	8.957E-2	-2.013E-2	9.889E-2	-0.106	0.145
27.867	9.110E-2	-1.974E-2	-5.293E-2	-0.255	0.261
27.883	8.781E-2	-2.863E-2	3.259E-2	-0.114	0.119
27.900	9.218E-2	-2.354E-2	0.130	8.492E-2	0.155
27.917	9.213E-2	-2.580E-2	9.556E-4	-8.335E-2	8.335E-2
27.933	9.221E-2	-2.632E-2	-0.104	-4.035E-2	0.111
27.950	8.867E-2	-2.715E-2	-0.332	-5.109E-2	0.336
27.967	8.115E-2	-2.802E-2	-0.323	0.115	0.342
27.983	7.791E-2	-2.332E-2	7.647E-2	0.157	0.175
28.000	8.370E-2	-2.279E-2	-0.290	0.223	0.366
28.017	6.825E-2	-1.588E-2	-0.253	3.658E-2	0.256
28.033	7.526E-2	-2.157E-2	0.182	-0.142	0.231
28.050	7.431E-2	-2.061E-2	-8.099E-2	-7.627E-2	0.111
28.067	7.256E-2	-2.412E-2	0.126	-2.183E-2	0.128
28.083	7.851E-2	-2.134E-2	2.459E-2	4.378E-2	5.021E-2
28.100	7.338E-2	-2.266E-2	-0.207	5.688E-2	0.215
28.117	7.160E-2	-1.945E-2	-6.988E-2	0.170	0.184
28.133	7.105E-2	-1.698E-2	-1.134E-2	-0.159	0.159
28.150	7.122E-2	-2.473E-2	2.021E-3	-0.246	0.246
28.167	7.112E-2	-2.518E-2	0.120	-6.569E-2	0.137
28.183	7.523E-2	-2.692E-2	0.126	-7.412E-2	0.146
28.200	7.533E-2	-2.765E-2	-0.111	0.194	0.223
28.217	7.153E-2	-2.045E-2	-2.787E-2	4.777E-2	5.530E-2
28.233	7.440E-2	-2.606E-2	-7.491E-2	8.276E-2	0.112
28.250	6.904E-2	-1.769E-2	1.702E-2	0.139	0.140
28.267	7.497E-2	-2.141E-2	0.199	-0.109	0.226
28.283	7.566E-2	-2.132E-2	9.110E-2	-8.993E-2	0.128
28.300	7.801E-2	-2.441E-2	-6.793E-3	-5.017E-2	5.063E-2
28.317	7.543E-2	-2.299E-2	0.377	0.225	0.439
28.333	9.057E-2	-1.692E-2	0.320	3.596E-2	0.322
28.350	8.611E-2	-2.179E-2	-8.741E-2	-0.164	0.186
28.367	8.766E-2	-2.239E-2	1.317E-3	-7.339E-2	7.340E-2
28.383	8.615E-2	-2.424E-2	-0.288	0.247	0.379
28.400	7.807E-2	-1.417E-2	-0.340	0.268	0.433
28.417	7.481E-2	-1.532E-2	0.195	-0.317	0.372
28.433	8.458E-2	-2.474E-2	0.206	-0.226	0.306
28.450	8.167E-2	-2.286E-2	-0.120	9.724E-2	0.155
28.467	8.058E-2	-2.149E-2	3.042E-2	-3.667E-2	4.764E-2
28.483	8.269E-2	-2.409E-2	0.113	0.296	0.316
28.500	8.433E-2	-1.163E-2	5.094E-2	0.337	0.341
28.517	8.439E-2	-1.284E-2	-0.169	-0.235	0.289
28.533	7.868E-2	-1.945E-2	-8.408E-2	-0.139	0.162
28.550	8.158E-2	-1.746E-2	0.100	0.120	0.157
28.567	8.203E-2	-1.544E-2	0.127	0.112	0.169
28.583	8.580E-2	-1.374E-2	-6.903E-2	-0.303	0.311
28.600	7.973E-2	-2.554E-2	-0.295	-0.407	0.503
28.617	7.596E-2	-2.731E-2	-7.495E-2	5.542E-2	9.322E-2
28.633	7.723E-2	-2.369E-2	0.368	7.957E-2	0.377
28.650	8.824E-2	-2.466E-2	0.294	-7.821E-2	0.304
28.667	8.703E-2	-2.630E-2	4.367E-2	-8.304E-2	9.382E-2
28.683	8.970E-2	-2.742E-2	-0.139	0.103	0.173
28.700	8.240E-2	-2.287E-2	-0.525	0.337	0.624
28.717	7.220E-2	-1.618E-2	-0.175	-0.143	0.226
28.733	7.655E-2	-2.763E-2	0.147	-0.122	0.191
28.750	7.708E-2	-2.025E-2	-5.172E-2	0.276	0.281
28.767	7.483E-2	-1.841E-2	-8.260E-2	7.909E-2	0.114
28.783	7.433E-2	-1.762E-2	-3.717E-2	-0.192	0.195
28.800	7.359E-2	-2.479E-2	-0.269	0.147	0.306
28.817	6.537E-2	-1.273E-2	-0.238	0.432	0.493
28.833	6.566E-2	-1.040E-2	-0.163	8.875E-4	0.163
28.850	5.995E-2	-1.270E-2	0.507	-8.388E-2	0.513
28.867	8.255E-2	-1.319E-2	0.695	1.298E-2	0.695
28.883	8.312E-2	-1.227E-2	-0.198	-0.159	0.254
28.900	7.594E-2	-1.850E-2	-0.368	-0.135	0.392
28.917	7.084E-2	-1.678E-2	0.137	-4.603E-2	0.145
28.933	8.051E-2	-2.003E-2	0.124	-9.296E-2	0.155
28.950	7.498E-2	-1.988E-2	-0.119	-3.378E-2	0.124
28.967	7.654E-2	-2.116E-2	0.362	-8.966E-2	0.373
28.983	8.705E-2	-2.287E-2	2.616E-2	-0.195	0.197
29.000	7.741E-2	-2.765E-2	-0.275	-0.202	0.342
29.017	7.788E-2	-2.961E-2	0.162	-5.919E-2	0.172
29.033	8.281E-2	-2.962E-2	0.164	-1.393E-2	0.165
29.050	8.334E-2	-3.007E-2	0.190	4.933E-2	0.197
29.067	8.915E-2	-2.798E-2	0.104	0.278	0.297
29.083	8.680E-2	-2.081E-2	-0.167	5.720E-2	0.176
29.100	8.360E-2	-2.607E-2	-0.106	-0.110	0.153
29.117	8.326E-2	-2.448E-2	-8.687E-2	8.035E-2	0.118
29.133	8.071E-2	-2.339E-2	-8.198E-2	8.451E-2	0.118
29.150	8.053E-2	-2.166E-2	-3.612E-2	6.719E-2	7.628E-2
29.167	7.950E-2	-2.115E-2	-0.369	0.121	0.388
29.183	6.824E-2	-1.764E-2	-1.636E-2	8.707E-2	8.859E-2
29.200	7.896E-2	-1.825E-2	0.328	-5.848E-4	0.328
29.217	7.918E-2	-1.766E-2	-6.350E-2	7.821E-2	0.101
29.233	7.684E-2	-1.565E-2	-0.142	-0.143	0.202
29.250	7.444E-2	-2.242E-2	-0.316	1.669E-2	0.316
29.267	6.632E-2	-1.509E-2	-0.199	0.210	0.289
29.283	6.782E-2	-1.543E-2	0.382	-0.289	0.479
29.300	7.905E-2	-2.471E-2	0.346	-0.322	0.473
29.317	7.935E-2	-2.617E-2	-0.206	0.217	0.299
29.333	7.220E-2	-1.746E-2	-3.748E-2	7.356E-2	8.255E-2
29.350	7.810E-2	-2.372E-2	0.165	-0.203	0.261
29.367	7.769E-2	-2.423E-2	-2.303E-2	-2.264E-2	3.230E-2
29.383	7.734E-2	-2.447E-2	-0.234	9.114E-2	0.251
29.400	6.989E-2	-2.119E-2	-0.134	5.584E-2	0.145
29.417	7.287E-2	-2.261E-2	6.785E-2	-3.891E-2	7.822E-2
29.433	7.215E-2	-2.249E-2	5.488E-2	-4.457E-2	7.070E-2
29.450	7.470E-2	-2.410E-2	0.330	8.409E-2	0.341
29.467	8.315E-2	-1.969E-2	-0.147	-3.266E-2	0.150
29.483	6.981E-2	-2.519E-2	-9.497E-2	-6.324E-2	0.114
29.500	7.998E-2	-2.180E-2	0.421	0.283	0.507
29.517	8.385E-2	-1.577E-2	-0.283	-3.949E-2	0.286
29.533	7.055E-2	-2.311E-2	-0.396	-0.214	0.450
29.550	7.063E-2	-2.289E-2	-1.684E-2	0.132	0.133
29.567	6.999E-2	-1.872E-2	8.910E-2	0.121	0.150
29.583	7.360E-2	-1.887E-2	9.235E-2	-3.335E-2	9.819E-2
29.600	7.307E-2	-1.983E-2	9.611E-2	-1.097E-2	9.673E-2
29.617	7.681E-2	-1.924E-2	0.210	3.522E-3	0.210
29.633	8.007E-2	-1.971E-2	0.307	-0.130	0.333
29.650	8.703E-2	-2.358E-2	9.813E-2	-7.102E-2	0.121
29.667	8.334E-2	-2.208E-2	4.689E-2	0.115	0.124
29.683	8.859E-2	-1.976E-2	-0.177	-7.853E-2	0.193
29.700	7.745E-2	-2.470E-2	3.677E-2	-7.852E-2	8.670E-2
29.717	8.982E-2	-2.238E-2	0.285	-7.665E-2	0.295
29.733	8.695E-2	-2.725E-2	-0.440	-0.133	0.460
29.750	7.514E-2	-2.680E-2	-6.628E-2	6.913E-2	9.577E-2
29.767	8.474E-2	-2.495E-2	-8.121E-2	9.505E-2	0.125
29.783	7.244E-2	-2.363E-2	-0.246	5.516E-2	0.252
29.800	7.654E-2	-2.311E-2	-2.694E-2	-0.114	0.118
29.817	7.154E-2	-2.744E-2	0.248	0.119	0.275
29.833	8.480E-2	-1.914E-2	-0.180	0.359	0.402
29.850	6.555E-2	-1.547E-2	-0.582	0.115	0.594
29.867	6.539E-2	-1.531E-2	0.332	-0.234	0.406
29.883	7.661E-2	-2.328E-2	0.278	-0.101	0.296
29.900	7.466E-2	-1.868E-2	-0.172	0.306	0.351
29.917	7.087E-2	-1.310E-2	-8.518E-2	0.182	0.201
29.933	7.182E-2	-1.261E-2	4.677E-2	-5.240E-4	4.677E-2
29.950	7.242E-2	-1.311E-2	0.135	-4.889E-2	0.144
29.967	7.633E-2	-1.423E-2	8.754E-2	-6.315E-2	0.108
29.983	7.534E-2	-1.522E-2	-3.666E-2	-4.882E-2	6.105E-2
30.000	7.511E-2	-1.586E-2	-1.663E-2	-0.235	0.236
30.017	7.479E-2	-2.306E-2	0.129	-8.148E-2	0.152
30.033	7.939E-2	-1.858E-2	-0.177	0.160	0.239
30.050	6.888E-2	-1.774E-2	9.543E-2	-0.236	0.254
30.067	8.257E-2	-2.643E-2	0.157	-0.189	0.246
30.083	7.412E-2	-2.403E-2	9.625E-2	0.100	0.139
30.100	8.578E-2	-2.310E-2	-3.605E-2	-7.922E-2	8.704E-2
30.117	7.292E-2	-2.667E-2	-4.988E-2	-0.153	0.161
30.133	8.412E-2	-2.819E-2	1.762E-2	-7.125E-2	7.340E-2
30.150	7.350E-2	-2.904E-2	6.159E-2	0.123	0.138
30.167	8.617E-2	-2.409E-2	2.867E-2	6.076E-2	6.718E-2
30.183	7.446E-2	-2.702E-2	6.690E-3	9.151E-2	9.176E-2
30.200	8.640E-2	-2.104E-2	0.434	0.189	0.473
30.217	8.892E-2	-2.072E-2	-3.710E-2	6.942E-2	7.871E-2
30.233	8.516E-2	-1.872E-2	-0.338	-6.934E-2	0.345
30.250	7.766E-2	-2.303E-2	-0.195	-7.317E-2	0.209
30.267	7.865E-2	-2.116E-2	-7.194E-2	6.978E-2	0.100
30.283	7.526E-2	-2.070E-2	0.253	0.159	0.299
30.300	8.708E-2	-1.587E-2	0.403	0.209	0.454
30.317	8.870E-2	-1.374E-2	2.199E-2	1.110E-2	2.464E-2
30.333	8.781E-2	-1.550E-2	-0.342	-0.143	0.371
30.350	7.729E-2	-1.850E-2	-0.106	-0.197	0.224
30.367	8.429E-2	-2.207E-2	0.171	-0.177	0.247
30.383	8.301E-2	-2.441E-2	-7.592E-2	-0.129	0.150
30.400	8.176E-2	-2.638E-2	-8.039E-2	-0.118	0.142
30.417	8.033E-2	-2.833E-2	-4.458E-2	-9.184E-2	0.102
30.433	8.028E-2	-2.944E-2	-0.425	0.133	0.445
30.450	6.616E-2	-2.390E-2	-7.679E-2	-2.686E-2	8.135E-2
30.467	7.772E-2	-3.033E-2	0.336	-0.196	0.389
30.483	7.736E-2	-3.043E-2	-4.940E-2	1.655E-2	5.210E-2
30.500	7.607E-2	-2.978E-2	-4.746E-2	5.293E-2	7.109E-2
30.517	7.577E-2	-2.866E-2	-0.228	0.355	0.422
30.533	6.847E-2	-1.795E-2	-8.419E-2	0.282	0.295
30.550	7.297E-2	-1.925E-2	-5.305E-2	9.267E-2	0.107
30.567	6.670E-2	-1.486E-2	-0.161	0.174	0.237
30.583	6.761E-2	-1.344E-2	4.955E-2	8.287E-2	9.656E-2
30.600	6.836E-2	-1.210E-2	0.640	3.471E-3	0.640
30.617	8.893E-2	-1.332E-2	0.647	-2.420E-2	0.648
30.633	8.993E-2	-1.290E-2	-0.178	-0.143	0.228
30.650	8.300E-2	-1.808E-2	-0.196	-0.164	0.256
30.667	8.341E-2	-1.838E-2	1.075E-3	-2.658E-2	2.660E-2
30.683	8.304E-2	-1.896E-2	-0.227	3.385E-2	0.230
30.700	7.583E-2	-1.725E-2	-0.287	-2.229E-2	0.288
30.717	7.347E-2	-1.970E-2	7.073E-2	-0.276	0.285
30.733	7.819E-2	-2.643E-2	0.402	-1.774E-2	0.403
30.750	8.688E-2	-2.030E-2	0.257	0.172	0.310
30.767	8.677E-2	-2.070E-2	-0.359	-0.358	0.507
30.783	7.490E-2	-3.223E-2	-0.447	-0.365	0.578
30.800	7.185E-2	-3.288E-2	-8.750E-2	-1.532E-2	8.883E-2
30.817	7.198E-2	-3.274E-2	0.428	0.277	0.510
30.833	8.613E-2	-2.364E-2	0.381	9.557E-2	0.393
30.850	8.470E-2	-2.956E-2	-0.339	-2.226E-2	0.340
30.867	7.483E-2	-2.438E-2	-0.328	0.259	0.418
30.883	7.377E-2	-2.091E-2	0.276	7.485E-2	0.286
30.900	8.403E-2	-2.189E-2	0.191	4.561E-2	0.196
30.917	8.013E-2	-1.939E-2	-3.721E-2	-4.665E-3	3.750E-2
30.933	8.279E-2	-2.204E-2	-4.145E-2	-1.382E-2	4.369E-2
30.950	7.875E-2	-1.985E-2	3.838E-2	5.216E-2	6.476E-2
30.967	8.407E-2	-2.030E-2	-9.995E-2	3.779E-2	0.107
30.983	7.542E-2	-1.859E-2	-7.554E-2	-1.281E-2	7.662E-2
31.000	8.155E-2	-2.073E-2	0.230	0.167	0.284
31.017	8.309E-2	-1.304E-2	-7.701E-2	-5.370E-2	9.388E-2
31.033	7.899E-2	-2.252E-2	-0.355	-0.240	0.428
31.050	7.125E-2	-2.103E-2	-0.212	0.144	0.256
31.067	7.193E-2	-1.772E-2	6.013E-2	-0.105	0.121
31.083	7.326E-2	-2.454E-2	5.477E-2	-0.246	0.252
31.100	7.376E-2	-2.593E-2	-3.402E-2	-0.105	0.110
31.117	7.213E-2	-2.803E-2	6.805E-2	-7.469E-2	0.101
31.133	7.603E-2	-2.842E-2	0.150	-2.572E-2	0.152
31.150	7.711E-2	-2.889E-2	7.387E-2	-2.242E-2	7.720E-2
31.167	7.849E-2	-2.917E-2	0.102	1.640E-2	0.103
31.183	8.050E-2	-2.834E-2	0.222	0.115	0.250
31.200	8.589E-2	-2.534E-2	0.174	0.143	0.225
31.217	8.629E-2	-2.356E-2	-0.329	5.190E-2	0.334
31.233	7.491E-2	-2.361E-2	-0.342	-7.870E-2	0.351
31.250	7.489E-2	-2.618E-2	5.169E-2	0.134	0.144
31.267	7.663E-2	-1.914E-2	9.006E-2	0.203	0.222
31.283	7.789E-2	-1.940E-2	-2.570E-2	-9.566E-2	9.905E-2
31.300	7.577E-2	-2.233E-2	0.113	-7.183E-2	0.134
31.317	8.165E-2	-2.180E-2	0.168	6.883E-2	0.181
31.333	8.136E-2	-2.003E-2	-7.681E-2	3.662E-2	8.509E-2
31.350	7.909E-2	-2.058E-2	-0.169	-6.897E-2	0.182
31.367	7.573E-2	-2.233E-2	0.143	0.228	0.269
31.383	8.386E-2	-1.298E-2	-7.799E-2	3.236E-2	8.444E-2
31.400	7.313E-2	-2.125E-2	-0.145	-0.213	0.257
31.417	7.905E-2	-2.007E-2	0.171	5.441E-2	0.180
31.433	7.884E-2	-1.944E-2	-6.486E-3	6.588E-3	9.245E-3
31.450	7.883E-2	-1.985E-2	-0.195	-0.175	0.262
31.467	7.235E-2	-2.526E-2	-0.199	-0.163	0.257
31.483	7.219E-2	-2.529E-2	7.846E-2	-2.597E-2	8.265E-2
31.500	7.497E-2	-2.613E-2	7.372E-2	5.488E-2	9.190E-2
31.517	7.465E-2	-2.346E-2	3.753E-2	8.412E-2	9.211E-2
31.533	7.622E-2	-2.332E-2	0.245	-0.123	0.274
31.550	8.281E-2	-2.757E-2	0.135	-0.112	0.175
31.567	8.071E-2	-2.706E-2	-0.184	0.172	0.251
31.583	7.669E-2	-2.185E-2	-0.324	0.360	0.484
31.600	6.991E-2	-1.507E-2	7.168E-2	9.064E-2	0.116
31.617	7.908E-2	-1.883E-2	0.219	-8.121E-2	0.234
31.633	7.721E-2	-1.778E-2	-0.234	0.151	0.279
31.650	7.127E-2	-1.382E-2	-0.244	0.170	0.297
31.667	6.907E-2	-1.213E-2	7.754E-2	-0.218	0.232
31.683	7.385E-2	-2.110E-2	-3.059E-2	2.261E-2	3.804E-2
31.700	6.805E-2	-1.137E-2	-0.112	0.217	0.244
31.717	7.013E-2	-1.386E-2	0.543	-9.023E-2	0.550
31.733	8.615E-2	-1.438E-2	0.462	-3.444E-2	0.463
31.750	8.552E-2	-1.501E-2	-2.115E-2	-1.155E-2	2.410E-2
31.767	8.544E-2	-1.476E-2	1.045E-2	-2.169E-2	2.408E-2
31.783	8.587E-2	-1.574E-2	-0.236	-0.177	0.295
31.800	7.759E-2	-2.066E-2	-5.146E-2	5.611E-2	7.614E-2
31.817	8.416E-2	-1.386E-2	0.228	0.179	0.290
31.833	8.520E-2	-1.468E-2	-0.239	-0.334	0.411
31.850	7.619E-2	-2.500E-2	-2.590E-2	-0.415	0.416
31.867	8.433E-2	-2.852E-2	0.275	-0.114	0.298
31.883	8.537E-2	-2.879E-2	-9.854E-2	-1.201E-2	9.927E-2
31.900	8.105E-2	-2.892E-2	8.130E-2	6.149E-2	0.102
31.917	8.808E-2	-2.674E-2	-0.112	9.762E-2	0.149
31.933	7.731E-2	-2.567E-2	9.883E-3	6.005E-2	6.086E-2
31.950	8.841E-2	-2.474E-2	0.305	5.905E-2	0.310
31.967	8.747E-2	-2.370E-2	-0.422	-1.624E-2	0.422
31.983	7.436E-2	-2.528E-2	-0.313	5.273E-2	0.317
32.000	7.705E-2	-2.194E-2	8.201E-2	6.844E-2	0.107
32.017	7.709E-2	-2.300E-2	0.233	0.187	0.299
32.033	8.483E-2	-1.570E-2	0.232	0.238	0.332
32.050	8.481E-2	-1.505E-2	-0.184	4.247E-2	0.188
32.067	7.871E-2	-1.429E-2	-6.709E-2	-6.727E-3	6.742E-2
32.083	8.257E-2	-1.528E-2	9.374E-2	-0.101	0.138
32.100	8.183E-2	-1.765E-2	-3.143E-2	-0.142	0.146
32.117	8.152E-2	-2.002E-2	-8.991E-3	-0.125	0.125
32.133	8.153E-2	-2.182E-2	0.102	0.218	0.241
32.150	8.491E-2	-1.273E-2	0.194	0.197	0.277
32.167	8.800E-2	-1.525E-2	-0.132	-0.401	0.422
32.183	8.050E-2	-2.610E-2	-0.224	-0.363	0.427
32.200	8.054E-2	-2.736E-2	-0.296	0.179	0.346
32.217	7.063E-2	-2.014E-2	-0.282	0.217	0.355
32.233	7.116E-2	-2.014E-2	0.330	-0.258	0.419
32.250	8.162E-2	-2.876E-2	0.409	-0.276	0.493
32.267	8.478E-2	-2.933E-2	4.890E-2	2.645E-2	5.559E-2
32.283	8.325E-2	-2.788E-2	-6.205E-2	7.831E-2	9.991E-2
32.300	8.271E-2	-2.672E-2	-0.364	0.276	0.457
32.317	7.113E-2	-1.867E-2	-0.260	0.206	0.331
32.333	7.406E-2	-1.985E-2	0.214	-0.181	0.280
32.350	7.825E-2	-2.471E-2	0.347	0.172	0.387
32.367	8.562E-2	-1.412E-2	-0.274	0.222	0.352
32.383	6.913E-2	-1.732E-2	-0.533	-0.212	0.573
32.400	6.787E-2	-2.118E-2	0.398	0.104	0.411
32.417	8.240E-2	-1.385E-2	0.478	0.216	0.525
32.433	8.381E-2	-1.397E-2	2.468E-2	-1.560E-2	2.920E-2
32.450	8.322E-2	-1.437E-2	-0.381	-0.286	0.476
32.467	7.111E-2	-2.349E-2	-4.781E-3	-0.227	0.227
32.483	8.306E-2	-2.193E-2	0.183	9.840E-2	0.208
32.500	7.722E-2	-2.021E-2	-0.322	-0.117	0.343
32.517	7.233E-2	-2.584E-2	0.376	1.907E-2	0.377
32.533	8.977E-2	-1.957E-2	0.533	0.144	0.552
32.550	9.010E-2	-2.105E-2	-6.464E-2	-8.247E-2	0.105
32.567	8.761E-2	-2.232E-2	-8.730E-2	-7.354E-2	0.114
32.583	8.719E-2	-2.350E-2	3.517E-2	-4.220E-2	5.493E-2
32.600	8.878E-2	-2.373E-2	2.910E-2	-2.769E-2	4.017E-2
32.617	8.816E-2	-2.443E-2	-0.106	-6.422E-3	0.107
32.633	8.523E-2	-2.394E-2	6.583E-4	0.270	0.270
32.650	8.819E-2	-1.542E-2	-0.101	2.934E-2	0.105
32.667	8.188E-2	-2.297E-2	-0.192	-0.250	0.316
32.683	8.177E-2	-2.376E-2	-1.366E-2	-1.282E-2	1.873E-2
32.700	8.143E-2	-2.339E-2	-0.185	0.150	0.238
32.717	7.561E-2	-1.875E-2	-0.190	5.878E-2	0.199
32.733	7.508E-2	-2.143E-2	-0.363	0.152	0.393
32.750	6.352E-2	-1.369E-2	-0.360	0.262	0.446
32.767	6.308E-2	-1.269E-2	0.243	-0.211	0.322
32.783	7.162E-2	-2.071E-2	0.274	-0.240	0.364
32.800	7.222E-2	-2.068E-2	7.135E-2	-1.756E-2	7.348E-2
32.817	7.400E-2	-2.129E-2	6.557E-2	-3.924E-2	7.642E-2
32.833	7.441E-2	-2.198E-2	5.064E-2	-4.257E-2	6.616E-2
32.850	7.568E-2	-2.271E-2	-0.125	0.235	0.266
32.867	7.022E-2	-1.416E-2	5.989E-2	-6.660E-2	8.957E-2
32.883	7.768E-2	-2.493E-2	2.243E-2	-7.737E-2	8.055E-2
32.900	7.097E-2	-1.674E-2	-0.210	0.200	0.290
32.917	7.067E-2	-1.828E-2	0.288	-0.311	0.424
32.933	8.056E-2	-2.712E-2	0.381	-0.179	0.421
32.950	8.337E-2	-2.424E-2	0.135	0.103	0.170
32.967	8.505E-2	-2.368E-2	8.351E-2	5.143E-2	9.808E-2
32.983	8.616E-2	-2.252E-2	4.290E-2	7.970E-2	9.052E-2
33.000	8.648E-2	-2.102E-2	-0.177	5.352E-2	0.185
33.017	8.027E-2	-2.074E-2	-2.236E-2	0.110	0.113
33.033	8.573E-2	-1.735E-2	0.148	-4.047E-2	0.153
33.050	8.520E-2	-2.209E-2	1.675E-2	-0.106	0.107
33.067	8.629E-2	-2.087E-2	-0.367	1.806E-2	0.368
33.083	7.295E-2	-2.148E-2	-9.489E-2	5.989E-2	0.112
33.100	8.313E-2	-1.887E-2	-2.928E-3	4.291E-2	4.301E-2
33.117	7.285E-2	-2.005E-2	-0.282	-7.187E-3	0.282
33.133	7.374E-2	-1.911E-2	0.343	6.320E-2	0.349
33.150	8.429E-2	-1.795E-2	5.500E-2	-9.608E-2	0.111
33.167	7.557E-2	-2.232E-2	-3.266E-4	-0.101	0.101
33.183	8.428E-2	-2.132E-2	-1.602E-2	7.335E-2	7.508E-2
33.200	7.503E-2	-1.987E-2	-0.275	1.797E-2	0.276
33.217	7.511E-2	-2.072E-2	4.957E-3	-3.993E-2	4.024E-2
33.233	7.520E-2	-2.120E-2	1.515E-2	-3.250E-2	3.586E-2
33.250	7.561E-2	-2.180E-2	0.198	-0.169	0.261
33.267	8.181E-2	-2.684E-2	0.266	-8.251E-2	0.279
33.283	8.449E-2	-2.456E-2	0.258	0.260	0.367
33.300	9.042E-2	-1.818E-2	-0.164	-9.736E-3	0.164
33.317	7.902E-2	-2.488E-2	-0.259	-0.265	0.371
33.333	8.179E-2	-2.701E-2	0.259	0.101	0.278
33.350	8.766E-2	-2.151E-2	0.163	0.173	0.238
33.367	8.722E-2	-2.126E-2	-1.688E-2	1.041E-2	1.984E-2
33.383	8.710E-2	-2.116E-2	1.017E-2	4.200E-3	1.101E-2
33.400	8.756E-2	-2.112E-2	-0.649	0.167	0.670
33.417	6.546E-2	-1.560E-2	-0.409	-4.568E-2	0.411
33.433	7.394E-2	-2.264E-2	0.273	-0.184	0.330
33.450	7.458E-2	-2.175E-2	-0.169	0.319	0.361
33.467	6.829E-2	-1.202E-2	-0.222	0.307	0.379
33.483	6.719E-2	-1.152E-2	-2.103E-2	6.456E-3	2.200E-2
33.500	6.759E-2	-1.180E-2	4.817E-2	-1.267E-2	4.981E-2
33.517	6.880E-2	-1.194E-2	2.978E-2	-3.527E-2	4.616E-2
33.533	6.858E-2	-1.298E-2	0.266	-0.300	0.401
33.550	7.766E-2	-2.194E-2	0.357	-0.181	0.400
33.567	8.047E-2	-1.901E-2	-6.999E-2	0.102	0.124
33.583	7.533E-2	-1.853E-2	-9.388E-3	-0.224	0.224
33.600	8.016E-2	-2.648E-2	4.722E-2	-0.140	0.148
33.617	7.690E-2	-2.320E-2	5.960E-2	-2.526E-2	6.473E-2
33.633	8.215E-2	-2.732E-2	-3.449E-2	-7.869E-2	8.592E-2
33.650	7.575E-2	-2.583E-2	-0.197	4.277E-2	0.202
33.667	7.557E-2	-2.590E-2	-1.556E-2	-4.568E-3	1.621E-2
33.683	7.523E-2	-2.598E-2	0.112	-6.381E-2	0.129
33.700	7.931E-2	-2.802E-2	0.219	-1.482E-2	0.220
33.717	8.253E-2	-2.647E-2	7.411E-2	0.225	0.237
33.733	8.178E-2	-2.053E-2	-5.255E-2	2.583E-2	5.856E-2
33.750	8.078E-2	-2.561E-2	2.786E-2	7.293E-2	7.807E-2
33.767	8.271E-2	-1.810E-2	-0.187	0.215	0.285
33.783	7.454E-2	-1.844E-2	7.774E-2	4.215E-3	7.785E-2
33.800	8.530E-2	-1.796E-2	0.134	-7.436E-2	0.153
33.817	7.899E-2	-2.092E-2	-2.974E-2	-4.250E-2	5.187E-2
33.833	8.431E-2	-1.938E-2	0.161	3.300E-2	0.164
33.850	8.434E-2	-1.982E-2	-0.485	0.190	0.521
33.867	6.814E-2	-1.303E-2	-0.488	0.196	0.526
33.883	6.806E-2	-1.329E-2	0.308	-0.257	0.401
33.900	7.840E-2	-2.160E-2	0.284	-0.293	0.408
33.917	7.752E-2	-2.304E-2	-1.494E-2	-8.851E-2	8.977E-2
33.933	7.790E-2	-2.455E-2	-1.657E-2	-8.287E-2	8.451E-2
33.950	7.697E-2	-2.581E-2	-3.334E-4	-7.721E-2	7.721E-2
33.967	7.789E-2	-2.712E-2	-1.672E-2	-7.012E-2	7.208E-2
33.983	7.641E-2	-2.814E-2	-2.352E-2	-4.475E-2	5.055E-2
34.000	7.710E-2	-2.861E-2	3.837E-2	-1.768E-2	4.225E-2
34.017	7.769E-2	-2.873E-2	5.007E-2	8.685E-3	5.081E-2
34.033	7.877E-2	-2.832E-2	3.642E-2	2.469E-2	4.400E-2
34.050	7.891E-2	-2.791E-2	-6.805E-2	-2.980E-2	7.429E-2
34.067	7.650E-2	-2.932E-2	6.996E-2	6.214E-2	9.358E-2
34.083	8.124E-2	-2.584E-2	0.160	0.153	0.221
34.100	8.185E-2	-2.423E-2	6.075E-2	0.100	0.117
34.117	8.326E-2	-2.250E-2	-0.101	0.469	0.480
34.133	7.849E-2	-8.590E-3	-0.235	0.155	0.282
34.150	7.543E-2	-1.733E-2	0.142	2.421E-2	0.144
34.167	8.322E-2	-7.783E-3	0.300	6.775E-2	0.308
34.183	8.544E-2	-1.507E-2	-0.341	-0.346	0.486
34.200	7.186E-2	-1.932E-2	-0.367	-0.185	0.411
34.217	7.321E-2	-2.125E-2	0.415	0.124	0.433
34.233	8.568E-2	-1.521E-2	0.431	0.182	0.468
34.250	8.756E-2	-1.518E-2	-1.086E-2	-0.140	0.141
34.267	8.532E-2	-1.989E-2	-4.944E-2	-0.172	0.179
34.283	8.591E-2	-2.092E-2	-0.285	-9.867E-2	0.302
34.300	7.581E-2	-2.318E-2	-1.224E-2	1.248E-2	1.748E-2
34.317	8.550E-2	-2.051E-2	-0.124	-6.721E-2	0.141
34.333	7.168E-2	-2.542E-2	-0.362	-0.143	0.389
34.350	7.345E-2	-2.526E-2	4.576E-2	-2.179E-3	4.581E-2
34.367	7.321E-2	-2.549E-2	-2.194E-2	3.089E-2	3.788E-2
34.383	7.272E-2	-2.423E-2	2.570E-2	7.474E-2	7.904E-2
34.400	7.406E-2	-2.300E-2	0.275	-5.594E-2	0.281
34.417	8.189E-2	-2.610E-2	0.453	0.124	0.470
34.433	8.917E-2	-1.886E-2	0.282	0.197	0.344
34.450	9.128E-2	-1.954E-2	-0.630	0.119	0.641
34.467	6.816E-2	-1.489E-2	-0.644	0.190	0.672
34.483	6.981E-2	-1.322E-2	6.094E-2	7.190E-2	9.425E-2
34.500	7.019E-2	-1.250E-2	9.293E-3	4.245E-2	4.346E-2
34.517	7.012E-2	-1.180E-2	2.070E-2	4.085E-4	2.071E-2
34.533	7.088E-2	-1.248E-2	0.160	-0.298	0.338
34.550	7.545E-2	-2.174E-2	0.170	-0.303	0.348
34.567	7.656E-2	-2.259E-2	-0.245	0.272	0.366
34.583	6.728E-2	-1.268E-2	-0.320	0.262	0.413
34.600	6.590E-2	-1.386E-2	0.239	-0.308	0.389
34.617	7.525E-2	-2.293E-2	0.324	-0.303	0.444
34.633	7.672E-2	-2.397E-2	7.490E-2	-5.761E-2	9.449E-2
34.650	7.775E-2	-2.485E-2	7.204E-2	-5.460E-2	9.039E-2
34.667	7.912E-2	-2.579E-2	7.385E-2	-5.408E-2	9.153E-2
34.683	8.021E-2	-2.665E-2	0.127	3.177E-2	0.131
34.700	8.336E-2	-2.473E-2	-0.151	3.580E-2	0.155
34.717	7.519E-2	-2.546E-2	-0.235	-2.132E-2	0.236
34.733	7.551E-2	-2.544E-2	4.275E-2	-4.574E-3	4.299E-2
34.750	7.661E-2	-2.561E-2	0.107	-4.491E-2	0.116
34.767	7.910E-2	-2.694E-2	3.941E-2	6.377E-2	7.497E-2
34.783	7.792E-2	-2.349E-2	2.393E-2	6.837E-2	7.243E-2
34.800	7.989E-2	-2.466E-2	0.290	1.265E-2	0.291
34.817	8.760E-2	-2.307E-2	0.245	0.136	0.280
34.833	8.806E-2	-2.013E-2	-1.565E-2	0.186	0.186
34.850	8.708E-2	-1.688E-2	-1.163E-2	0.114	0.114
34.867	8.767E-2	-1.634E-2	-2.618E-3	-0.112	0.112
34.883	8.699E-2	-2.062E-2	-3.339E-2	2.094E-2	3.941E-2
34.900	8.656E-2	-1.564E-2	-0.197	0.145	0.245
34.917	8.042E-2	-1.578E-2	-0.205	-3.910E-2	0.209
34.933	7.971E-2	-1.694E-2	0.141	-2.687E-2	0.144
34.950	8.512E-2	-1.668E-2	0.134	-4.802E-2	0.142
34.967	8.419E-2	-1.854E-2	-7.698E-2	-8.995E-2	0.118
34.983	8.256E-2	-1.968E-2	-7.250E-2	-7.535E-2	0.105
35.000	8.177E-2	-2.106E-2	-2.437E-2	-9.303E-2	9.617E-2
35.017	8.175E-2	-2.278E-2	3.032E-2	-9.573E-2	0.100
35.033	8.278E-2	-2.425E-2	3.482E-2	-8.892E-2	9.550E-2
35.050	8.291E-2	-2.574E-2	-2.079E-2	-4.494E-2	4.951E-2
35.067	8.209E-2	-2.575E-2	-3.431E-2	-5.069E-4	3.431E-2
35.083	8.176E-2	-2.576E-2	-6.098E-3	1.415E-3	6.260E-3
35.100	8.188E-2	-2.570E-2	-0.151	-8.101E-2	0.171
35.117	7.674E-2	-2.846E-2	-6.921E-2	3.715E-3	6.931E-2
35.133	7.958E-2	-2.557E-2	0.135	-4.394E-2	0.142
35.150	8.125E-2	-2.992E-2	0.288	9.730E-2	0.304
35.167	8.917E-2	-2.233E-2	-0.429	0.341	0.548
35.183	6.695E-2	-1.854E-2	-0.312	-0.124	0.336
35.200	7.877E-2	-2.646E-2	0.228	-0.144	0.270
35.217	7.456E-2	-2.335E-2	0.271	0.339	0.434
35.233	8.781E-2	-1.515E-2	0.341	0.281	0.442
35.250	8.593E-2	-1.399E-2	-0.135	5.339E-2	0.145
35.267	8.331E-2	-1.337E-2	-0.188	2.183E-2	0.189
35.283	7.968E-2	-1.326E-2	-7.889E-2	-1.607E-2	8.051E-2
35.300	8.068E-2	-1.391E-2	0.143	-0.113	0.182
35.317	8.446E-2	-1.702E-2	-3.735E-2	-7.314E-2	8.213E-2
35.333	7.944E-2	-1.635E-2	-0.132	-1.872E-2	0.133
35.350	8.006E-2	-1.764E-2	0.139	-4.832E-2	0.147
35.367	8.408E-2	-1.796E-2	0.117	-4.073E-2	0.124
35.383	8.396E-2	-1.900E-2	-3.166E-2	-5.353E-2	6.219E-2
35.400	8.303E-2	-1.974E-2	2.084E-2	-0.257	0.258
35.417	8.465E-2	-2.757E-2	6.733E-2	-0.324	0.330
35.433	8.527E-2	-3.053E-2	0.160	0.127	0.204
35.450	8.998E-2	-2.335E-2	1.007E-3	0.149	0.149
35.467	8.530E-2	-2.556E-2	-0.205	4.184E-2	0.209
35.483	8.315E-2	-2.196E-2	-4.489E-2	-7.508E-2	8.748E-2
35.500	8.381E-2	-2.806E-2	2.626E-2	6.845E-3	2.714E-2
35.517	8.403E-2	-2.173E-2	-6.330E-2	3.621E-2	7.293E-2
35.533	8.170E-2	-2.686E-2	-0.153	8.920E-2	0.177
35.550	7.892E-2	-1.875E-2	-0.133	1.996E-2	0.134
35.567	7.727E-2	-2.619E-2	-7.454E-2	3.576E-2	8.268E-2
35.583	7.644E-2	-1.756E-2			
