	质量 B					
t	x	y	vx	vy	v	
0.000	-523.7	-198.7			
0.017	-92.25	237.0			
0.033					
0.050	-641.9	-281.8			
0.067	-642.5	-282.1	665.5	489.7	826.3
0.083	-619.8	-265.5	318.9	474.6	571.8
0.100	-631.9	-266.3	-370.3	-42.27	372.7
0.117	-632.1	-266.9	9.588	-21.88	23.89
0.133	-631.5	-267.0	-19.08	-4.518	19.60
0.150	-632.7	-267.0	-32.62	-2.422	32.71
0.167	-632.6	-267.1	8.795	-20.99	22.75
0.183	-632.5	-267.7	-126.9	-16.77	128.0
0.200	-636.9	-267.6	38.11	11.79	39.89
0.217	-631.2	-267.3	145.3	78.88	165.4
0.233	-632.0	-265.0	-37.38	79.39	87.75
0.250	-632.4	-264.7	87.13	31.19	92.55
0.267	-629.1	-264.0	54.74	-8.378	55.38
0.283	-630.6	-265.0	6.925	-33.94	34.64
0.300	-628.9	-265.1	42.68	-7.140	43.27
0.317	-629.2	-265.2	40.07	-104.4	111.8
0.333	-627.5	-268.6	-24.83	-40.73	47.70
0.350	-630.0	-266.6	-87.26	33.74	93.56
0.367	-630.5	-267.5	-10.15	-66.42	67.19
0.383	-630.3	-268.8	-7.821	-116.8	117.0
0.400	-630.7	-271.4	-27.19	-62.41	68.07
0.417	-631.3	-270.9	-41.41	52.33	66.73
0.433	-632.1	-269.6	-131.7	133.0	187.2
0.450	-635.6	-266.4	-112.3	115.4	161.1
0.467	-635.8	-265.8	-36.26	-5.398	36.66
0.483	-636.9	-266.6	-43.42	-69.75	82.16
0.500	-637.3	-268.1	-16.69	-211.5	212.2
0.517	-637.4	-273.7	0.495	-164.5	164.5
0.533	-637.3	-273.6	27.05	-15.64	31.25
0.550	-636.5	-274.2	-3.320	-31.26	31.44
0.567	-637.4	-274.6	-458.8	-2.082E3	2.132E3
0.583	-651.8	-343.6	-168.2	211.0	269.9
0.600	-643.0	-267.6	252.1	2.263E3	2.277E3
0.617	-643.4	-268.2	-14.90	-82.91	84.23
0.633	-643.5	-270.3	-2.672E3	-2.933E3	3.968E3
0.650	-732.5	-365.9	-2.678E3	-2.886E3	3.937E3
0.667	-732.8	-366.5	-5.953	-43.53	43.94
0.683	-732.7	-367.4	-21.60	-16.34	27.08
0.700	-733.5	-367.1	-35.98	20.56	41.44
0.717	-733.9	-366.7	-51.46	24.01	56.78
0.733	-735.2	-366.3	-76.67	17.58	78.66
0.750	-736.4	-366.1	-58.71	4.376	58.88
0.767	-737.2	-366.1	8.374	-53.80	54.45
0.783	-736.1	-367.9	5.056	-190.9	191.0
0.800	-737.0	-372.5	-132.2	-176.2	220.3
0.817	-740.6	-373.8	-48.44	-47.32	67.72
0.833	-738.6	-374.1	2.849E3	2.698E3	3.924E3
0.850	-645.6	-283.8	2.760E3	2.699E3	3.861E3
0.867	-646.6	-284.1	-2.876E3	-2.621E3	3.891E3
0.883	-741.5	-371.2	-3.719E3	-343.1	3.734E3
0.900	-770.5	-295.5	-885.1	2.261E3	2.428E3
0.917	-771.0	-295.8	-36.95	5.165	37.31
0.933	-771.8	-295.4	-49.80	26.04	56.19
0.950	-772.6	-294.9	-29.63	2.340	29.72
0.967	-772.8	-295.3	-21.36	5.456	22.05
0.983	-773.3	-294.8	2.348	11.23	11.48
1.000	-772.7	-294.9	10.49	31.57	33.27
1.017	-773.0	-293.7	2.976E3	-580.0	3.032E3
1.033	-673.5	-314.3	3.022E3	-533.7	3.068E3
1.050	-672.3	-311.5	-768.4	-153.8	783.7
1.067	-699.1	-319.4	39.48	-182.7	186.9
1.083	-670.9	-317.6	843.7	43.82	844.8
1.100	-671.0	-317.9	2.164	-42.84	42.89
1.117	-670.9	-319.0	8.077	-50.39	51.03
1.133	-670.7	-319.6	159.1	-1.110E3	1.121E3
1.150	-665.6	-356.0	-296.5	97.61	312.2
1.167	-680.6	-316.3	1.175E3	1.077E3	1.594E3
1.183	-626.4	-320.1	151.3	1.475E3	1.483E3
1.200	-675.6	-267.2	-475.0	-916.0	1.032E3
1.217	-642.2	-350.7	460.1	-1.611E3	1.675E3
1.233	-660.2	-320.9	-503.1	1.002E3	1.121E3
1.250	-659.0	-317.3	1.654E3	220.0	1.669E3
1.267	-605.1	-313.5	2.645E3	1.511E3	3.046E3
1.283	-570.8	-266.9	256.4	805.1	844.9
1.300	-596.5	-286.7	1.173E3	1.591E3	1.977E3
1.317	-531.7	-213.9	2.369E3	1.869E3	3.017E3
1.333	-517.6	-224.4	2.477E3	599.6	2.549E3
1.350	-449.2	-193.9	2.148E3	703.7	2.261E3
1.367	-446.0	-201.0	132.3	418.9	439.3
1.383	-444.7	-179.9	3.050E3	2.796E3	4.137E3
1.400	-344.3	-107.7	4.313E3	2.949E3	5.225E3
1.417	-301.0	-81.61	2.619E3	1.675E3	3.109E3
1.433	-257.0	-51.93	3.203E3	2.017E3	3.785E3
1.450	-194.2	-14.38	3.089E3	1.842E3	3.596E3
1.467	-154.1	9.455	2.639E3	2.231E3	3.456E3
1.483	-106.3	59.99	3.136E3	3.769E3	4.903E3
1.500	-49.54	135.1	2.807E3	4.931E3	5.674E3
1.517	-12.69	224.3	2.464E3	3.028E3	3.904E3
1.533	32.61	236.0	2.601E3	2.369E3	3.518E3
1.550	73.99	303.3	1.978E3	3.458E3	3.984E3
1.567	98.53	351.3	1.247E3	2.836E3	3.098E3
1.583	115.6	397.8	-2.323E3	2.638E3	3.515E3
1.600	21.10	439.2	-970.8	2.672E3	2.843E3
1.617	83.19	486.9	2.108E3	2.442E3	3.226E3
1.633	91.37	520.6	-1.596E3	35.77	1.597E3
1.650	29.98	488.1	-4.052E3	251.4	4.060E3
1.667	-43.71	529.0	-2.432E3	-2.001E3	3.149E3
1.683	-51.09	421.4	905.7	-1.763E3	1.982E3
1.700	-13.53	470.2	370.0	114.4	387.2
1.717	-38.76	425.2	-4.867E3	-3.557E3	6.028E3
1.733	-175.8	351.7	-4.252E3	-2.940E3	5.170E3
1.750	-180.5	327.2	-2.442E3	-3.889E3	4.593E3
1.767	-257.2	222.0	-3.080E3	-5.406E3	6.222E3
1.783	-283.2	147.0	773.9	-4.552E3	4.617E3
1.800	-231.4	70.28	-1.072E3	-3.371E3	3.537E3
1.817	-318.9	34.66	-3.031E3	-1.222E3	3.268E3
1.833	-332.4	29.54	-649.7	-1.498E3	1.633E3
1.850	-340.6	-15.28	-86.58	-3.748E3	3.749E3
1.867	-335.3	-95.40	118.3	-3.277E3	3.279E3
1.883	-336.6	-124.5	-85.39	-928.8	932.7
1.900	-338.1	-126.4	-230.1	-1.835E3	1.850E3
1.917	-344.3	-185.7	109.4	-2.038E3	2.041E3
1.933	-334.5	-194.3	-2.078E3	-2.538E3	3.280E3
1.950	-413.6	-270.3	-1.225E3	-3.540E3	3.746E3
1.967	-375.3	-312.3	4.074E3	-2.189E3	4.625E3
1.983	-277.8	-343.2	2.973E3	-997.5	3.136E3
2.000	-276.2	-345.6	-1.936E3	233.1	1.950E3
2.017	-342.3	-335.5	-2.767E3	-1.533E3	3.163E3
2.033	-368.5	-396.7	-1.867E3	-1.905E3	2.667E3
2.050	-404.5	-399.0	1.055E3	-89.78	1.059E3
2.067	-333.3	-399.7	3.251E3	-1.748E3	3.691E3
2.083	-296.2	-457.2	518.7	-704.3	874.7
2.100	-316.0	-423.1	-513.2	-106.3	524.1
2.117	-313.3	-460.8	924.8	-944.7	1.322E3
2.133	-285.2	-454.6	-35.07	1.425E3	1.426E3
2.150	-314.4	-413.3	305.2	1.098E3	1.140E3
2.167	-275.0	-418.0	1.407E3	1.945E3	2.401E3
2.183	-267.5	-348.4	-142.1	-91.63	169.1
2.200	-279.7	-421.1	-119.4	-1.125E3	1.131E3
2.217	-271.5	-385.9	938.6	984.5	1.360E3
2.233	-248.5	-388.2	729.5	938.1	1.188E3
2.250	-247.2	-354.6	2.406E3	2.765E3	3.665E3
2.267	-168.3	-296.1	1.292E3	2.131E3	2.492E3
2.283	-204.1	-283.6	343.6	1.943E3	1.974E3
2.300	-156.8	-231.3	671.9	5.284E3	5.326E3
2.317	-181.7	-107.5	-258.8	6.739E3	6.744E3
2.333	-165.4	-6.653	268.7	4.025E3	4.034E3
2.350	-172.8	26.68	1.028E3	-292.4	1.069E3
2.367	-131.2	-16.40	-334.9	-2.090E3	2.117E3
2.383	-183.9	-43.00	-1.586E3	-797.9	1.776E3
2.400	-184.0	-43.00	4.242E3	7.908E3	8.974E3
2.417	-42.52	220.6	2.929E3	1.217E4	1.252E4
2.433	-86.41	362.7	-2.326E3	5.870E3	6.314E3
2.450	-120.0	416.3	-952.4	797.7	1.242E3
2.467	-118.2	389.3	3.185E3	2.453E3	4.020E3
2.483	-13.88	498.1	-1.050E3	3.150E3	3.321E3
2.500	-153.2	494.3	579.8	231.6	624.3
2.517	5.446	505.8	4.936E3	1.427E3	5.138E3
2.533	11.37	541.9	103.2	1.356E3	1.360E3
2.550	8.885	551.0	-317.5	39.03	319.8
2.567	0.789	543.2	-662.5	-1.239E3	1.405E3
2.583	-13.20	509.7	-1.222E3	-2.651E3	2.920E3
2.600	-39.96	454.8	-4.589E3	-2.153E3	5.069E3
2.617	-166.2	437.9	-1.130E3	55.91	1.131E3
2.633	-77.61	456.7	-427.6	-969.8	1.060E3
2.650	-180.4	405.6	-2.254E3	-7.042E3	7.394E3
2.667	-152.8	222.0	1.258E3	-7.191E3	7.301E3
2.683	-138.5	165.9	648.4	-3.296E3	3.359E3
2.700	-131.1	112.1	1.554E3	-2.517E3	2.958E3
2.717	-86.68	81.98	-257.9	-3.775E3	3.784E3
2.733	-139.7	-13.73	-1.908E3	-3.724E3	4.184E3
2.750	-150.3	-42.15	-351.8	-806.0	879.5
2.767	-151.5	-40.60	-140.1	-1.339E3	1.346E3
2.783	-154.9	-86.77	205.9	-2.533E3	2.541E3
2.800	-144.6	-125.0	-821.6	-2.840E3	2.957E3
2.817	-182.3	-181.4	-497.3	-5.480E3	5.503E3
2.833	-161.2	-307.7	1.736E3	-4.385E3	4.716E3
2.850	-124.5	-327.6	-254.7	-2.244E3	2.259E3
2.867	-169.7	-382.5	-1.694E3	-1.897E3	2.544E3
2.883	-180.9	-390.8	-764.8	1.248E3	1.464E3
2.900	-195.2	-340.9	169.2	2.525E3	2.531E3
2.917	-175.3	-306.7	926.1	992.7	1.358E3
2.933	-164.3	-307.8	2.199E3	-2.982E3	3.705E3
2.950	-102.0	-406.1	-866.9	-2.400E3	2.552E3
2.967	-193.2	-387.8	-791.8	1.006E3	1.280E3
2.983	-128.4	-372.5	2.033E3	455.2	2.083E3
3.000	-125.4	-372.6	-741.9	545.4	920.8
3.017	-153.1	-354.3	-2.440E3	-2.207E3	3.290E3
3.033	-206.7	-446.2	-1.961E3	-3.039E3	3.617E3
3.050	-218.5	-455.6	-713.1	3.892E3	3.957E3
3.067	-230.5	-316.5	926.6	5.134E3	5.217E3
3.083	-187.6	-284.5	-661.8	-1.911E3	2.022E3
3.100	-252.6	-380.2	249.9	-444.9	510.3
3.117	-179.3	-299.3	2.089E3	2.165E3	3.008E3
3.133	-183.0	-308.0	-2.810E3	-223.5	2.819E3
3.150	-272.9	-306.8	-2.990E3	1.203E3	3.223E3
3.167	-282.6	-267.9	-1.608E3	2.505E3	2.977E3
3.183	-326.5	-223.3	-697.4	2.411E3	2.510E3
3.200	-305.9	-187.5	979.7	1.768E3	2.021E3
3.217	-293.9	-164.4	409.8	1.507E3	1.562E3
3.233	-292.2	-137.3	-18.27	1.941E3	1.942E3
3.250	-294.5	-99.64	46.51	4.899E3	4.899E3
3.267	-290.7	25.98	-554.3	4.249E3	4.285E3
3.283	-313.0	42.00	926.2	480.6	1.043E3
3.300	-259.8	42.00	2.435E3	2.751E3	3.674E3
3.317	-231.8	133.7	1.589E3	7.864E3	8.023E3
3.333	-206.8	304.1	-568.4	8.082E3	8.102E3
3.350	-250.8	403.1	-359.8	3.750E3	3.767E3
3.367	-218.8	429.1	2.675E3	25.76	2.676E3
3.383	-161.6	404.0	2.442E3	-243.5	2.455E3
3.400	-137.4	421.0	2.247E3	1.752E3	2.850E3
3.417	-86.66	462.4	4.303E3	2.197E3	4.832E3
3.433	6.021	494.2	3.597E3	2.069E3	4.150E3
3.450	33.25	531.3	747.4	318.2	812.3
3.467	30.94	504.9	-371.5	-2.663E3	2.688E3
3.483	20.87	442.6	197.8	-4.990E3	4.994E3
3.500	37.53	338.5	1.113E3	-4.726E3	4.855E3
3.517	57.97	285.1	1.684E3	-1.359E3	2.164E3
3.533	93.66	293.2	-1.072E3	-214.2	1.093E3
3.550	22.25	277.9	-2.868E3	-3.296E3	4.369E3
3.567	-1.934	183.4	-2.361E3	-3.209E3	3.984E3
3.583	-56.44	170.9	-3.063E3	-1.803E3	3.554E3
3.600	-104.0	123.3	-451.8	-4.491E3	4.514E3
3.617	-71.50	21.23	-144.2	-5.336E3	5.338E3
3.633	-108.8	-54.61	-1.821E3	-2.135E3	2.806E3
3.650	-132.2	-49.93	-2.802E3	-1.457E3	3.158E3
3.667	-202.2	-103.2	-2.506E3	-771.6	2.622E3
3.683	-215.7	-75.65	-2.298E3	-1.134E3	2.562E3
3.700	-278.8	-141.0	-3.803E3	-2.626E3	4.622E3
3.717	-342.5	-163.2	-5.116E3	-1.878E3	5.450E3
3.733	-449.4	-203.6	-3.306E3	-1.157E3	3.503E3
3.750	-452.7	-201.8	-1.894E3	-802.3	2.057E3
3.767	-512.5	-230.3	-404.9	817.3	912.2
3.783	-466.2	-174.5	-825.4	-430.4	930.8
3.800	-540.0	-244.7	-2.136E3	-2.250E3	3.102E3
3.817	-537.4	-249.5	-1.922E3	308.2	1.946E3
3.833	-604.1	-234.4	41.21	334.5	337.1
3.850	-536.0	-238.4	2.234E3	442.2	2.277E3
3.867	-529.6	-219.6	-2.384E3	82.32	2.385E3
3.883	-615.5	-235.6	-4.638E3	-852.4	4.716E3
3.900	-684.2	-248.1	-1.518E3	247.6	1.538E3
3.917	-666.1	-227.4	916.9	862.2	1.259E3
3.933	-653.6	-219.3	2.961E3	-1.179E3	3.187E3
3.950	-567.4	-266.7	-72.89	1.574E3	1.576E3
3.967	-656.1	-166.9	198.5	471.6	511.7
3.983	-560.8	-250.9	3.201E3	-2.215E3	3.892E3
4.000	-549.4	-240.7	774.6	778.4	1.098E3
4.017	-534.9	-225.0	1.114E3	904.7	1.435E3
4.033	-512.3	-210.5	718.7	2.123E3	2.241E3
4.050	-511.0	-154.2	2.134E3	1.397E3	2.551E3
4.067	-441.1	-164.0	2.853E3	633.9	2.923E3
4.083	-415.9	-133.1	1.978E3	1.504E3	2.484E3
4.100	-375.2	-113.8	4.084E3	3.432E3	5.334E3
4.117	-279.7	-18.72	866.6	3.270E3	3.383E3
4.133	-346.3	-4.839	826.7	76.61	830.2
4.150	-252.2	-16.17	4.348E3	507.1	4.378E3
4.167	-201.4	12.07	1.992E3	2.239E3	2.997E3
4.183	-185.8	58.46	2.990E3	3.256E3	4.420E3
4.200	-101.7	120.6	4.485E3	3.119E3	5.462E3
4.217	-36.30	162.4	2.006E3	2.980E3	3.592E3
4.233	-34.85	219.9	1.658E3	3.592E3	3.957E3
4.250	18.97	282.2	2.959E3	4.330E3	5.245E3
4.267	63.79	364.3	2.939E3	3.426E3	4.514E3
4.283	116.9	396.4	1.385E3	2.602E3	2.947E3
4.300	110.0	451.0	-80.11	1.501E3	1.503E3
4.317	114.3	446.4	25.48	-989.1	989.4
4.333	110.8	418.0	-235.7	-291.1	374.5
4.350	106.4	436.7	-1.342E3	1.922E3	2.344E3
4.367	66.08	482.1	-2.302E3	1.557E3	2.779E3
4.383	29.69	488.6	-1.356E3	-1.154E3	1.781E3
4.400	20.87	443.6	-879.6	-2.624E3	2.767E3
4.417	0.374	401.1	-2.085E3	-2.883E3	3.558E3
4.433	-48.62	347.5	-2.639E3	-3.484E3	4.370E3
4.450	-87.59	285.0	-3.652E3	-2.233E3	4.281E3
4.467	-170.4	273.1	-5.235E3	-1.351E3	5.407E3
4.483	-262.1	240.0	-2.243E3	-2.434E3	3.309E3
4.500	-245.1	191.9	-646.2	-2.757E3	2.832E3
4.517	-283.6	148.0	-1.497E3	-2.636E3	3.031E3
4.533	-295.0	104.1	-564.2	-4.036E3	4.075E3
4.550	-302.4	13.51	78.62	-5.764E3	5.765E3
4.567	-292.4	-88.05	-112.8	-4.425E3	4.426E3
4.583	-306.2	-134.0	-3.303E3	31.68	3.303E3
4.600	-402.5	-87.00	-1.608E3	2.807E3	3.235E3
4.617	-359.8	-40.41	2.508E3	25.44	2.508E3
4.633	-318.9	-86.15	1.922E3	-2.535E3	3.181E3
4.650	-295.7	-124.9	-556.3	-4.293E3	4.329E3
4.667	-337.4	-229.2	-1.032E3	-1.761E3	2.041E3
4.683	-330.1	-183.6	1.848E3	-819.9	2.021E3
4.700	-275.8	-256.6	1.889E3	-3.279E3	3.784E3
4.717	-267.2	-292.9	429.4	-2.609E3	2.644E3
4.733	-261.5	-343.5	-1.662E3	-1.030E3	1.956E3
4.750	-322.6	-327.3	-1.753E3	-394.9	1.797E3
4.767	-320.0	-356.7	2.502E3	-630.9	2.581E3
4.783	-239.1	-348.3	303.5	1.188E3	1.227E3
4.800	-309.8	-317.1	325.7	2.862E3	2.880E3
4.817	-228.3	-252.9	1.713E3	2.375E3	2.928E3
4.833	-252.7	-237.9	-551.1	181.9	580.3
4.850	-246.7	-246.8	266.0	-2.729E3	2.742E3
4.867	-243.9	-328.9	665.2	-1.057E3	1.249E3
4.883	-224.5	-282.1	879.5	2.009E3	2.193E3
4.900	-214.5	-261.9	2.550E3	1.517E3	2.967E3
4.917	-139.5	-231.5	3.389E3	718.8	3.465E3
4.933	-101.6	-238.0	1.277E3	1.453E3	1.934E3
4.950	-96.91	-183.1	-742.7	1.780E3	1.929E3
4.967	-126.3	-178.6	-392.1	590.5	708.8
4.983	-110.0	-163.4	109.2	406.2	420.6
5.000	-122.7	-165.1	85.18	1.146E3	1.149E3
5.017	-107.1	-125.2	1.120E3	3.214E3	3.404E3
5.033	-85.35	-57.96	713.4	2.504E3	2.603E3
5.050	-83.36	-41.77	-452.0	1.836E3	1.891E3
5.067	-100.4	3.244	1.290E3	5.153E3	5.312E3
5.083	-40.36	130.0	2.132E3	7.188E3	7.497E3
5.100	-29.34	242.8	1.219E3	5.488E3	5.622E3
5.117	0.253	312.9	-49.46	1.949E3	1.950E3
5.133	-30.99	307.8	-1.156E3	173.8	1.169E3
5.150	-38.28	318.7	-2.081E3	2.422E3	3.193E3
5.167	-100.3	388.6	-1.758E3	3.128E3	3.589E3
5.183	-96.88	423.0	2.232E3	3.267E3	3.957E3
5.200	-25.95	497.5	-1.365E3	554.4	1.474E3
5.217	-142.4	441.5	-1.162E3	-1.330E3	1.767E3
5.233	-64.68	453.1	-447.8	399.9	600.3
5.250	-157.3	454.8	-2.615E3	-2.319E3	3.495E3
5.267	-151.8	375.8	2.001E3	-859.1	2.178E3
5.283	-90.60	426.2	1.395E3	-1.003E3	1.718E3
5.300	-105.3	342.4	-613.0	-2.420E3	2.496E3
5.317	-111.0	345.5	-2.583E3	-2.301E3	3.460E3
5.333	-191.5	265.7	-160.0	-5.062E3	5.064E3
5.350	-116.4	176.8	2.368E3	-3.962E3	4.615E3
5.367	-112.5	133.6	-2.556E3	-2.290E3	3.432E3
5.383	-201.6	100.5	-897.4	-4.417E3	4.507E3
5.400	-142.4	-13.62	606.1	-2.472E3	2.546E3
5.417	-181.4	18.04	-359.9	-964.9	1.030E3
5.433	-154.4	-45.79	2.017E3	-2.024E3	2.858E3
5.450	-114.1	-49.42	1.391E3	-528.1	1.488E3
5.467	-108.1	-63.39	-174.8	-2.676E3	2.682E3
5.483	-119.9	-138.6	1.074E3	-789.7	1.333E3
5.500	-72.28	-89.71	1.249E3	-240.4	1.272E3
5.517	-78.32	-146.6	-30.51	-1.518E3	1.519E3
5.533	-73.30	-140.3	-1.413E3	-1.394E3	1.985E3
5.550	-125.4	-193.1	270.0	-1.480E3	1.505E3
5.567	-64.30	-189.7	3.399E3	1.780E3	3.837E3
5.583	-12.11	-133.8	831.1	3.035E3	3.147E3
5.600	-36.59	-88.50	-1.204E3	1.351E3	1.810E3
5.617	-52.25	-88.72	-1.982E3	-254.9	1.999E3
5.633	-102.7	-97.00	-1.054E3	-1.659E3	1.966E3
5.650	-87.39	-144.0	1.447E3	-372.5	1.494E3
5.667	-54.42	-109.4	8.383	387.5	387.6
5.683	-87.11	-131.1	-1.414E3	-147.8	1.422E3
5.700	-101.6	-114.3	82.29	3.476E3	3.477E3
5.717	-84.37	-15.24	-999.1	1.489E3	1.793E3
5.733	-134.9	-64.72	-1.805E3	135.2	1.810E3
5.750	-144.5	-10.74	1.344E3	4.361E3	4.564E3
5.767	-90.08	80.66	1.955E3	3.699E3	4.184E3
5.783	-79.35	112.6	-1.809E3	1.518E3	2.362E3
5.800	-150.4	131.3	-4.447E3	3.078E3	5.408E3
5.817	-227.6	215.2	-1.418E3	3.748E3	4.007E3
5.833	-197.7	256.2	1.408E3	1.983E3	2.431E3
5.850	-180.6	281.3	3.077E3	3.510E3	4.668E3
5.867	-95.08	373.2	1.814E3	2.876E3	3.400E3
5.883	-120.2	377.1	-1.318E3	4.594E3	4.779E3
5.900	-139.0	526.3	166.5	3.030E3	3.034E3
5.917	-114.6	478.1	644.0	-1.602E3	1.727E3
5.933	-117.5	472.9	-224.3	-979.5	1.005E3
5.950	-122.1	445.5	1.709E3	188.9	1.720E3
5.967	-60.55	479.2	1.727E3	-2.022E3	2.659E3
5.983	-64.54	378.1	-1.861E3	-3.990E3	4.403E3
6.000	-122.6	346.2	-2.220E3	-1.836E3	2.881E3
6.017	-138.5	316.8	2.415E3	-3.817E3	4.517E3
6.033	-42.07	219.0	936.3	-2.661E3	2.821E3
6.050	-107.3	228.1	-1.744E3	-1.917E3	2.592E3
6.067	-100.2	155.1	1.255E3	-3.203E3	3.440E3
6.083	-65.51	121.4	932.1	-3.555E3	3.676E3
6.100	-69.14	36.55	-409.4	-4.110E3	4.131E3
6.117	-79.16	-15.64	-2.533E3	-4.586E3	5.239E3
6.133	-153.6	-116.3	-1.341E3	-3.339E3	3.598E3
6.150	-123.9	-126.9	-1.269E3	-1.883E3	2.271E3
6.167	-195.9	-179.1	-1.856E3	-1.240E3	2.232E3
6.183	-185.7	-168.2	-25.89	-521.6	522.2
6.200	-196.7	-196.5	-73.79	-2.110E3	2.111E3
6.217	-188.2	-238.6	-1.303E3	-2.343E3	2.681E3
6.233	-240.2	-274.6	-1.626E3	-1.088E3	1.957E3
6.250	-242.4	-274.8	427.2	-256.2	498.2
6.267	-225.9	-283.1	692.9	894.5	1.132E3
6.283	-219.3	-245.0	-274.1	264.1	380.6
6.300	-235.1	-274.3	-3.560E3	-1.118E3	3.731E3
6.317	-338.0	-282.3	-202.0	2.246E3	2.255E3
6.333	-241.8	-199.4	2.878E3	2.304E3	3.687E3
6.350	-242.0	-205.5	-1.734E3	-1.769E3	2.477E3
6.367	-299.6	-258.4	-2.802E3	-1.955E3	3.417E3
6.383	-335.4	-270.7	313.0	130.9	339.2
6.400	-289.1	-254.0	-758.6	818.3	1.116E3
6.417	-360.7	-243.4	-1.603E3	1.698E3	2.335E3
6.433	-342.6	-197.4	900.5	796.4	1.202E3
6.450	-330.7	-216.8	-114.5	779.7	788.0
6.467	-346.4	-171.4	-870.1	2.730E3	2.866E3
6.483	-359.7	-125.8	25.33	1.309E3	1.309E3
6.500	-345.6	-127.8	-934.0	3.430E3	3.555E3
6.517	-390.8	-11.50	-278.2	4.175E3	4.184E3
6.533	-354.8	11.36	3.236E3	-877.1	3.353E3
6.550	-282.9	-40.74	1.808E3	-112.9	1.812E3
6.567	-294.6	7.592	2.142E3	3.754E3	4.322E3
6.583	-211.5	84.39	813.0	3.098E3	3.203E3
6.600	-267.5	110.9	393.8	1.649E3	1.695E3
6.617	-198.4	139.3	1.807E3	3.245E3	3.714E3
6.633	-207.2	219.0	1.504E3	2.862E3	3.233E3
6.650	-148.3	234.7	3.346E3	758.7	3.431E3
6.667	-95.71	244.3	5.084E3	3.331E3	6.078E3
6.683	21.20	345.8	4.471E3	4.043E3	6.028E3
6.700	53.32	379.1	622.9	110.7	632.7
6.717	41.96	349.4	159.0	-1.072E3	1.083E3
6.733	58.62	343.4	0.320	16.77	16.77
6.750	41.97	350.0	1.651E3	1.367E3	2.143E3
6.767	113.6	388.9	2.370E3	1.434E3	2.770E3
6.783	121.0	397.8	-2.144E3	-265.0	2.160E3
6.800	42.18	380.1	-4.060E3	-1.660E3	4.386E3
6.817	-14.35	342.5	-1.574E3	-2.229E3	2.729E3
6.833	-10.29	305.8	1.911E3	-4.634E3	5.012E3
6.850	49.35	188.0	-1.686E3	-1.912E3	2.549E3
6.867	-66.49	242.1	-7.325E3	-1.311E3	7.442E3
6.883	-194.8	144.3	-4.894E3	-4.111E3	6.392E3
6.900	-229.6	105.0	-1.008E3	1.360E3	1.693E3
6.917	-228.4	189.7	-1.635E3	2.180E3	2.724E3
6.933	-284.1	177.7	-2.840E3	-1.452E3	3.190E3
6.950	-323.1	141.2	-608.2	-1.046E3	1.210E3
6.967	-304.4	142.8	91.68	-365.5	376.8
6.983	-320.0	129.1	-779.7	160.9	796.1
7.000	-330.4	148.2	-1.259E3	294.7	1.293E3
7.017	-362.0	138.9	-2.106E3	-593.9	2.188E3
7.033	-400.6	128.4	-2.757E3	-1.719E3	3.249E3
7.050	-453.9	81.60	-1.548E3	-808.9	1.746E3
7.067	-452.2	101.4	-255.5	1.120E3	1.149E3
7.083	-462.4	118.9	235.2	75.80	247.1
7.100	-444.3	103.9	2.224E3	-1.670E3	2.781E3
7.117	-388.3	63.29	2.784E3	-510.6	2.830E3
7.133	-351.5	86.93	-169.3	2.170E3	2.177E3
7.150	-393.9	135.6	756.2	3.435E3	3.517E3
7.167	-326.3	201.4	3.473E3	2.021E3	4.018E3
7.183	-278.2	203.0	3.360E3	1.550E3	3.701E3
7.200	-214.3	253.1	1.789E3	-981.9	2.041E3
7.217	-218.5	170.2	425.2	-183.9	463.3
7.233	-200.2	247.0	2.646E3	3.576E3	4.449E3
7.250	-130.3	289.5	4.478E3	-837.4	4.555E3
7.267	-50.89	219.0	4.643E3	-1.027E3	4.755E3
7.283	24.45	255.2	3.366E3	2.935E3	4.465E3
7.300	61.30	316.9	1.467E3	1.944E3	2.435E3
7.317	73.34	320.0	966.3	213.7	989.6
7.333	93.51	324.0	1.805E3	592.4	1.899E3
7.350	133.5	339.7	135.3	2.205E3	2.210E3
7.367	98.02	397.5	-279.1	1.117E3	1.151E3
7.383	124.2	377.0	-352.2	-2.446E3	2.472E3
7.400	86.28	316.0	-1.026E3	-2.667E3	2.857E3
7.417	90.00	288.1	-2.631E3	-1.324E3	2.946E3
7.433	-1.433	271.8	-4.196E3	-2.379E3	4.824E3
7.450	-49.88	208.8	-5.409E3	-167.1	5.412E3
7.467	-181.7	266.3	-5.604E3	666.9	5.643E3
7.483	-236.7	231.0	-2.895E3	-1.662E3	3.338E3
7.500	-278.2	210.9	-2.738E3	-1.547E3	3.145E3
7.517	-328.0	179.5	-1.628E3	-3.150E3	3.546E3
7.533	-332.5	105.8	1.189E3	-2.880E3	3.116E3
7.550	-288.3	83.46	892.5	-2.028E3	2.216E3
7.567	-302.8	38.25	-1.798E3	-2.079E3	2.749E3
7.583	-348.3	14.14	-1.394E3	-455.3	1.466E3
7.600	-349.2	23.08	-376.4	-63.39	381.7
7.617	-360.8	12.03	-1.233E3	849.9	1.497E3
7.633	-390.3	51.41	-2.663E3	-247.4	2.675E3
7.650	-449.6	3.786	-3.729E3	-706.7	3.795E3
7.667	-514.6	27.85	-1.446E3	-45.12	1.447E3
7.683	-497.8	2.281	664.8	-875.5	1.099E3
7.700	-492.5	-1.336	288.3	73.59	297.5
7.717	-488.2	4.734	895.0	-1.295	895.0
7.733	-462.6	-1.379	1.552E3	-715.8	1.709E3
7.750	-436.4	-19.13	1.230E3	-57.27	1.232E3
7.767	-421.6	-3.288	1.143E3	650.5	1.315E3
7.783	-398.3	2.557	1.705E3	257.7	1.725E3
7.800	-364.8	5.302	2.062E3	321.1	2.087E3
7.817	-329.6	13.26	2.150E3	399.8	2.187E3
7.833	-293.1	18.63	4.227E3	-937.6	4.330E3
7.850	-188.7	-17.99	2.461E3	1.519E3	2.892E3
7.867	-211.1	69.26	820.7	3.492E3	3.587E3
7.883	-161.3	98.42	1.653E3	959.0	1.911E3
7.900	-156.0	101.2	3.211E3	1.135E3	3.405E3
7.917	-54.30	136.3	3.230E3	1.815E3	3.705E3
7.933	-48.30	161.7	2.682E3	2.718E3	3.819E3
7.950	35.09	226.9	3.483E3	3.740E3	5.111E3
7.967	67.79	286.4	924.4	2.127E3	2.319E3
7.983	65.90	297.8	-238.4	1.719E3	1.735E3
8.000	59.84	343.7	237.5	3.461E3	3.469E3
8.017	73.82	413.1	-2.371E3	3.579E3	4.293E3
8.033	-19.20	463.0	-4.007E3	1.262E3	4.201E3
8.050	-59.75	455.2	-290.1	-659.1	720.1
8.067	-28.87	441.0	952.9	-1.295E3	1.607E3
8.083	-27.99	412.1	-1.212E3	-1.850E3	2.211E3
8.100	-69.25	379.4	-3.988E3	-329.7	4.002E3
8.117	-160.9	401.1	-3.798E3	-643.3	3.852E3
8.133	-195.9	357.9	-2.247E3	-2.726E3	3.533E3
8.150	-235.8	310.2	-2.651E3	-5.542E3	6.144E3
8.167	-284.2	173.2	-1.793E3	-2.728E3	3.264E3
8.183	-295.6	219.3	-565.6	-2.287E3	2.356E3
8.200	-303.1	96.95	2.626E3	-2.786E3	3.828E3
8.217	-208.1	126.4	1.570E3	1.171E3	1.959E3
8.233	-250.8	136.0	-1.622E3	-2.230E3	2.757E3
8.250	-262.1	52.11	-977.2	-2.532E3	2.714E3
8.267	-283.3	51.60	572.4	-2.383E3	2.451E3
8.283	-243.1	-27.33	1.421E3	-968.6	1.720E3
8.300	-236.0	19.32	629.9	990.7	1.174E3
8.317	-222.1	5.697	121.6	-29.50	125.1
8.333	-231.9	18.33	725.7	1.694	725.7
8.350	-197.9	5.754	2.759E3	-2.922E3	4.019E3
8.367	-139.9	-79.06	1.588E3	-1.661E3	2.298E3
8.383	-144.9	-49.60	2.343E3	1.024E3	2.557E3
8.400	-61.84	-44.92	1.902E3	768.8	2.052E3
8.417	-81.51	-23.98	-1.032E3	3.929E3	4.063E3
8.433	-96.25	86.06	1.598E3	1.856E3	2.449E3
8.450	-28.24	37.89	1.876E3	803.8	2.041E3
8.467	-33.72	112.9	85.32	3.803E3	3.804E3
8.483	-25.40	164.7	318.4	2.149E3	2.172E3
8.500	-23.11	184.5	-1.201E3	1.792E3	2.157E3
8.517	-65.42	224.4	-1.726E3	3.998E3	4.355E3
8.533	-80.65	317.8	-1.232E3	6.282E3	6.401E3
8.550	-106.5	433.8	-650.0	4.016E3	4.068E3
8.567	-102.3	451.6	1.051E3	1.346E3	1.708E3
8.583	-71.45	478.7	1.008E3	76.09	1.011E3
8.600	-68.71	454.1	-1.478E3	-1.113E3	1.850E3
8.617	-120.7	441.6	-5.616E3	-736.9	5.664E3
8.633	-255.9	429.6	-2.509E3	136.6	2.512E3
8.650	-204.3	446.1	-149.5	-2.545E3	2.549E3
8.667	-260.9	344.7	1.365E3	-1.974E3	2.400E3
8.683	-158.8	380.3	2.490E3	-705.9	2.588E3
8.700	-177.9	321.2	-64.92	-5.326E3	5.327E3
8.717	-161.0	202.8	493.3	-6.123E3	6.143E3
8.733	-161.5	117.1	853.2	-3.197E3	3.309E3
8.750	-132.5	96.21	1.731E3	-1.942E3	2.601E3
8.767	-103.8	52.40	2.913E3	-1.437E3	3.248E3
8.783	-35.44	48.30	2.961E3	-579.4	3.017E3
8.800	-5.078	33.08	-355.8	541.3	647.7
8.817	-47.30	66.34	-1.782E3	-173.8	1.791E3
8.833	-64.48	27.29	-363.0	-1.941E3	1.975E3
8.850	-59.40	1.633	1.793E3	-2.320E3	2.932E3
8.867	-4.704	-50.05	2.332E3	-782.3	2.460E3
8.883	18.35	-24.44	-72.89	658.4	662.5
8.900	-7.134	-28.10	-1.464E3	202.8	1.478E3
8.917	-30.47	-17.68	-354.3	687.5	773.4
8.933	-18.94	-5.185	1.084E3	1.812E3	2.112E3
8.950	5.668	42.73	-510.7	479.0	700.2
8.967	-35.97	10.78	-1.063E3	1.849E3	2.133E3
8.983	-29.78	104.4	-92.21	2.389E3	2.390E3
9.000	-39.04	90.40	-894.4	949.5	1.304E3
9.017	-59.59	136.0	-1.576E3	2.826E3	3.236E3
9.033	-91.56	184.6	-1.595E3	5.057E3	5.303E3
9.050	-112.8	304.6	-1.277E3	5.014E3	5.174E3
9.067	-134.1	351.7	-1.585E3	663.0	1.718E3
9.083	-165.6	326.7	-1.379E3	275.4	1.407E3
9.100	-180.1	360.9	1.121E3	3.231E3	3.420E3
9.117	-128.2	434.4	1.069E3	3.446E3	3.608E3
9.133	-144.5	475.8	-2.019E3	3.015E3	3.629E3
9.150	-195.5	534.9	-1.443E3	559.4	1.548E3
9.167	-192.6	494.4	-84.85	-1.959E3	1.960E3
9.183	-198.3	469.6	2.632E3	-2.438E3	3.588E3
9.200	-104.9	413.1	2.457E3	-2.723E3	3.668E3
9.217	-116.4	378.8	1.393E3	-3.806E3	4.053E3
9.233	-58.43	286.3	2.679E3	-4.057E3	4.862E3
9.250	-27.10	243.6	1.148E3	-2.792E3	3.019E3
9.267	-20.16	193.2	858.9	-2.726E3	2.858E3
9.283	1.529	152.7	-701.5	-4.385E3	4.441E3
9.300	-43.54	47.06	-1.299E3	-3.562E3	3.791E3
9.317	-41.76	34.00	421.0	-1.111E3	1.188E3
9.333	-29.51	10.03	-174.2	-1.847E3	1.855E3
9.350	-47.57	-27.57	222.2	-234.7	323.2
9.367	-22.11	2.204	-131.7	-411.9	432.5
9.383	-51.96	-41.30	-2.506E3	-451.7	2.546E3
9.400	-105.6	-12.85	-1.984E3	398.6	2.024E3
9.417	-118.1	-28.02	-746.1	1.112E3	1.339E3
9.433	-130.5	24.21	-1.019E3	1.781E3	2.052E3
9.450	-152.1	31.34	869.6	1.140E3	1.434E3
9.467	-101.5	62.21	1.288E3	1.924E3	2.315E3
9.483	-109.1	95.49	-3.144E3	2.732E3	4.165E3
9.500	-206.3	153.3	-3.008E3	3.243E3	4.423E3
9.517	-209.4	203.6	-834.5	4.651E3	4.725E3
9.533	-234.1	308.3	836.7	4.396E3	4.475E3
9.550	-181.5	350.1	51.13	1.274E3	1.275E3
9.567	-232.4	350.8	1.081E3	-1.102E3	1.544E3
9.583	-145.5	313.4	3.925E3	-642.4	3.977E3
9.600	-101.6	329.4	1.033E3	529.0	1.161E3
9.617	-111.0	331.0	331.0	2.077E3	2.104E3
9.633	-90.56	398.6	857.2	1.371E3	1.617E3
9.650	-82.47	376.7	420.1	-2.042E3	2.085E3
9.667	-76.55	330.5	1.737E3	-267.9	1.757E3
9.683	-24.57	367.8	1.458E3	-1.700E3	2.240E3
9.700	-27.95	273.9	543.9	-3.662E3	3.702E3
9.717	-6.443	245.7	-419.0	-1.154E3	1.227E3
9.733	-41.92	235.4	-1.262E3	-1.728E3	2.139E3
9.750	-48.50	188.1	-1.575E3	-2.840E3	3.247E3
9.767	-94.42	140.7	-1.643E3	-1.623E3	2.310E3
9.783	-103.3	134.0	1.539E3	-3.625E3	3.938E3
9.800	-43.14	19.92	1.349E3	-4.044E3	4.263E3
9.817	-58.31	-0.821	-815.8	-595.7	1.010E3
9.833	-70.33	6.179E-2	-1.082E3	311.7	1.126E3
9.850	-94.39	9.570	-2.825E3	-1.352E3	3.132E3
9.867	-164.5	-45.01	-2.254E3	-1.261E3	2.583E3
9.883	-169.5	-32.47	-1.151E3	131.3	1.159E3
9.900	-202.9	-40.63	-1.021E3	612.0	1.190E3
9.917	-203.6	-12.07	-382.2	1.180E3	1.240E3
9.933	-215.6	-1.309	-1.164E3	-114.1	1.170E3
9.950	-242.4	-15.87	-416.5	543.8	684.9
9.967	-229.5	16.82	-719.6	1.051E3	1.274E3
9.983	-266.4	19.17	-1.232E3	243.7	1.256E3
10.000	-270.6	24.94	1.148E3	1.749E3	2.092E3
10.017	-228.1	77.46	1.332E3	2.286E3	2.646E3
10.033	-226.1	101.1	127.6	1.812E3	1.817E3
10.050	-223.8	137.9	9.525	2.764E3	2.764E3
10.067	-225.8	193.3	1.672E3	6.367E3	6.583E3
10.083	-168.1	350.1	2.146E3	4.865E3	5.317E3
10.100	-154.3	355.4	1.494E3	-2.287E3	2.731E3
10.117	-118.3	273.9	3.343E3	2.351E3	4.087E3
10.133	-42.86	433.8	3.185E3	5.040E3	5.962E3
10.150	-12.15	441.9	1.398E3	118.6	1.403E3
10.167	3.750	437.7	1.170E3	-49.46	1.171E3
10.183	26.86	440.2	-59.91	-580.2	583.3
10.200	1.753	418.4	-768.8	-1.323E3	1.530E3
10.217	1.232	396.1	-115.7	-1.336E3	1.341E3
10.233	-2.104	373.9	204.2	-1.607E3	1.620E3
10.250	8.037	342.6	-978.9	-2.136E3	2.350E3
10.267	-34.73	302.7	-1.222E3	-3.098E3	3.330E3
10.283	-32.69	239.3	-2.133E3	-2.037E3	2.949E3
10.300	-105.8	234.8	-2.712E3	-2.056E3	3.403E3
10.317	-123.1	170.8	-881.8	-2.400E3	2.557E3
10.333	-135.2	154.7	-2.795E3	-207.0	2.803E3
10.350	-216.2	163.9	-4.913E3	192.0	4.917E3
10.367	-299.0	161.1	-3.839E3	-493.0	3.871E3
10.383	-344.2	147.4	515.0	-3.119E3	3.161E3
10.400	-281.8	57.18	3.764E3	-309.2	3.777E3
10.417	-218.7	137.1	572.2	535.4	783.6
10.433	-262.7	75.02	-110.1	-1.314E3	1.318E3
10.450	-222.4	93.34	1.097E3	-199.7	1.115E3
10.467	-226.2	68.36	-1.210E3	3.759E3	3.949E3
10.483	-262.7	218.7	-1.129E3	4.550E3	4.688E3
10.500	-263.8	220.0	920.9	-380.6	996.5
10.517	-232.1	206.0	3.192E3	-1.391E3	3.482E3
10.533	-157.4	173.7	3.744E3	301.0	3.757E3
10.550	-107.2	216.0	1.117E3	3.687E3	3.852E3
10.567	-120.2	296.6	512.1	3.553E3	3.590E3
10.583	-90.16	334.4	3.511E3	2.010E3	4.045E3
10.600	-3.163	363.6	4.812E3	-962.3	4.907E3
10.617	70.23	302.4	1.282E3	212.5	1.299E3
10.633	39.56	370.6	-66.75	2.067E3	2.068E3
10.650	68.01	371.2	949.7	116.0	956.8
10.667	71.21	374.5	-2.260E3	-2.437E3	3.324E3
10.683	-7.340	290.0	-2.065E3	-1.488E3	2.545E3
10.700	2.364	324.9	742.1	1.073E3	1.304E3
10.717	17.40	325.8	-1.262E3	-2.150E3	2.493E3
10.733	-39.71	253.3	-4.760E3	-4.202E3	6.349E3
10.750	-141.3	185.7	-4.365E3	-2.098E3	4.843E3
10.767	-185.2	183.3	-1.398E3	-827.8	1.625E3
10.783	-187.9	158.1	-726.8	-2.649E3	2.747E3
10.800	-209.4	95.03	833.0	-2.134E3	2.290E3
10.817	-160.1	87.00	783.0	-834.5	1.144E3
10.833	-183.3	67.21	-2.407E3	-2.320E3	3.343E3
10.850	-240.4	9.676	-3.156E3	-1.592E3	3.535E3
10.867	-288.5	14.14	-978.0	627.7	1.162E3
10.883	-273.0	30.60	537.2	1.506E3	1.599E3
10.900	-270.6	64.36	121.2	1.002E3	1.009E3
10.917	-268.9	64.00	-408.2	-1.954E3	1.997E3
10.933	-284.2	-0.795			
10.950					
10.967	-292.7	111.1			
10.983	-294.9	111.9	2.301E3	-872.3	2.461E3
11.000	-216.0	82.06	4.145E3	-977.1	4.258E3
11.017	-156.8	79.29	3.025E3	1.472E3	3.364E3
11.033	-115.2	131.1	2.597E3	2.613E3	3.685E3
11.050	-70.20	166.4	2.542E3	3.095E3	4.005E3
11.067	-30.46	234.3	1.168E3	1.785E3	2.133E3
11.083	-31.28	225.9	391.8	2.068E3	2.105E3
11.100	-17.39	303.2	2.550E3	3.817E3	4.590E3
11.117	53.72	353.1	668.3	178.6	691.7
11.133	4.881	309.2	-313.1	-298.6	432.6
11.150	43.28	343.2	-479.0	1.348E3	1.431E3
11.167	-11.09	354.1	-164.2	2.414E3	2.420E3
11.183	37.81	423.7	495.7	1.945E3	2.007E3
11.200	5.436	419.0	-1.987E3	-845.7	2.160E3
11.217	-28.43	395.5	-3.692E3	-3.096E3	4.818E3
11.233	-117.6	315.7	-2.166E3	-4.405E3	4.909E3
11.250	-100.6	248.6	-1.282E3	-2.913E3	3.183E3
11.267	-160.4	218.6	137.6	-1.098E3	1.107E3
11.283	-96.05	212.0	766.8	-1.238E3	1.456E3
11.300	-134.8	177.4	-1.753E3	-1.373E3	2.227E3
11.317	-154.5	166.3	-867.6	-1.292E3	1.556E3
11.333	-163.7	134.3	-628.9	-1.903E3	2.004E3
11.350	-175.4	102.8	-2.344E3	-2.051E3	3.115E3
11.367	-241.8	65.91	-4.682E3	243.1	4.688E3
11.383	-331.5	110.9	-2.656E3	1.166E3	2.901E3
11.400	-330.4	104.8	-175.8	-965.2	981.0
11.417	-337.4	78.76	572.5	-1.013E3	1.164E3
11.433	-311.3	70.98	2.915E3	-219.6	2.923E3
11.450	-240.2	71.44	3.954E3	1.333E3	4.173E3
11.467	-179.5	115.4	1.539E3	1.338E3	2.039E3
11.483	-188.9	116.0	1.784E3	1.580E3	2.383E3
11.500	-120.0	168.1	1.470E3	2.669E3	3.047E3
11.517	-139.9	205.0	685.8	782.6	1.041E3
11.533	-97.16	194.2	1.312E3	1.051E3	1.681E3
11.550	-96.17	240.0	817.4	1.939E3	2.104E3
11.567	-69.91	258.8	1.012E3	1.062E3	1.467E3
11.583	-62.44	275.5	439.3	2.889E3	2.922E3
11.600	-55.27	355.1	329.6	711.1	783.7
11.617	-51.46	299.2	834.5	-1.495E3	1.712E3
11.633	-27.45	305.3	682.0	-1.556E3	1.699E3
11.650	-28.72	247.3	-210.6	1.367E3	1.383E3
11.667	-34.48	350.9	-3.308E3	1.577E3	3.664E3
11.683	-139.0	299.9	-3.398E3	-1.960E3	3.923E3
11.700	-147.7	285.5	929.2	-1.337E3	1.628E3
11.717	-108.0	255.3	1.205E3	-2.904E3	3.144E3
11.733	-107.6	188.7	-1.471E3	-3.021E3	3.360E3
11.750	-157.1	154.6	-2.318E3	211.6	2.328E3
11.767	-184.9	195.8	-2.953E3	1.959E3	3.544E3
11.783	-255.5	219.9	-1.115E3	-989.7	1.491E3
11.800	-222.0	162.8	721.0	-2.592E3	2.690E3
11.817	-231.5	133.5	-2.340E3	-751.5	2.457E3
11.833	-300.0	137.7	-1.417E3	1.364E3	1.967E3
11.850	-278.7	179.0	1.879E3	1.004E3	2.131E3
11.867	-237.4	171.2	3.249E3	1.770E3	3.700E3
11.883	-170.4	237.9	2.207E3	1.643E3	2.752E3
11.900	-163.8	226.0	14.88	121.6	122.5
11.917	-169.9	242.0	891.2	1.528E3	1.769E3
11.933	-134.1	276.9	4.200E3	1.853E3	4.591E3
11.950	-29.87	303.8	5.110E3	909.3	5.191E3
11.967	36.23	307.2	920.0	1.080E3	1.419E3
11.983	0.800	339.8	-2.241E3	-511.1	2.299E3
12.000	-38.48	290.2	-962.8	-647.0	1.160E3
12.017	-31.29	318.2	-328.9	3.947E3	3.961E3
12.033	-49.45	421.7	1.075E3	2.618E3	2.830E3
12.050	4.536	405.5	-1.229E3	-377.7	1.286E3
12.067	-90.40	409.2	-1.342E3	-1.220E3	1.814E3
12.083	-40.21	364.8	-52.08	-1.343E3	1.344E3
12.100	-92.14	364.4	-1.537E3	-717.3	1.696E3
12.117	-91.44	340.9	-409.8	-1.316E3	1.379E3
12.133	-105.8	320.5	-2.253E3	-878.2	2.418E3
12.150	-166.5	311.6	-2.667E3	-2.223E3	3.472E3
12.167	-194.7	246.4	-1.557E3	-4.214E3	4.493E3
12.183	-218.4	171.1	1.207E3	-3.733E3	3.924E3
12.200	-154.4	122.0	373.1	-2.029E3	2.063E3
12.217	-206.0	103.5	-2.939E3	-1.148E3	3.155E3
12.233	-252.4	83.71	-310.3	-826.3	882.7
12.250	-216.3	75.97	3.493E3	339.7	3.509E3
12.267	-136.0	95.03	3.258E3	549.9	3.304E3
12.283	-107.7	94.30	1.129E3	-457.7	1.218E3
12.300	-98.36	79.77	946.3	1.499E3	1.773E3
12.317	-76.17	144.3	-284.3	3.785E3	3.796E3
12.333	-107.8	205.9	1.498E3	1.421E3	2.064E3
12.350	-26.25	191.6	3.052E3	380.2	3.076E3
12.367	-6.091	218.6	547.4	606.7	817.2
12.383	-8.003	211.9	-1.034E3	992.2	1.433E3
12.400	-40.55	251.7	-1.592E3	1.850E3	2.440E3
12.417	-61.06	273.5	153.5	1.212E3	1.222E3
12.433	-35.43	292.1	-23.93	1.666E3	1.667E3
12.450	-61.86	329.1	2.493E3	1.809E3	3.081E3
12.467	47.68	352.4	2.321E3	1.681E3	2.866E3
12.483	15.50	385.1	-2.190E3	-744.8	2.313E3
12.500	-25.33	327.6	-2.748E3	-2.445E3	3.678E3
12.517	-76.11	303.6	-1.690E3	-1.164E3	2.052E3
12.533	-81.66	288.8	-2.237E3	-59.26	2.238E3
12.550	-150.7	301.7	-1.046E3	-601.5	1.207E3
12.567	-116.5	268.7	256.9	-1.975E3	1.992E3
12.583	-142.1	235.8	-3.324E3	-3.856E3	5.091E3
12.600	-227.3	140.2	-3.723E3	-3.727E3	5.268E3
12.617	-266.2	111.6	908.0	-2.941E3	3.078E3
12.633	-197.1	42.17	4.169E3	-1.368E3	4.388E3
12.650	-127.2	66.00	2.255E3	-123.5	2.258E3
12.667	-121.9	38.05	452.4	-1.291E3	1.368E3
12.683	-112.2	22.96	-1.742E3	295.0	1.766E3
12.700	-180.0	47.88	-1.101E3	-7.560	1.101E3
12.717	-148.9	22.71	1.435E3	-109.8	1.439E3
12.733	-132.1	44.22	1.061E3	230.1	1.085E3
12.750	-113.5	30.38	2.290E3	2.022E3	3.055E3
12.767	-55.80	111.6	1.740E3	2.144E3	2.761E3
12.783	-55.53	101.8	-1.156E3	341.6	1.205E3
12.800	-94.32	123.0	-340.5	2.953E3	2.972E3
12.817	-66.88	200.3	-78.77	3.499E3	3.500E3
12.833	-96.94	239.6	1.249E3	1.909E3	2.281E3
12.850	-25.26	263.9	1.447E3	1.473E3	2.065E3
12.867	-48.70	288.7	-352.8	3.116E3	3.136E3
12.883	-37.02	367.7	-749.2	863.5	1.143E3
12.900	-73.67	317.5	-2.113E3	-654.4	2.212E3
12.917	-107.4	345.9	389.1	3.379E3	3.401E3
12.933	-60.70	430.2	269.2	2.362E3	2.378E3
12.950	-98.47	424.7	-2.129E3	-810.5	2.278E3
12.967	-131.7	403.1	437.0	-991.1	1.083E3
12.983	-83.91	391.6	-758.6	-1.944E3	2.087E3
13.000	-157.0	338.3	-1.182E3	-2.877E3	3.110E3
13.017	-123.3	295.8	353.1	-1.916E3	1.948E3
13.033	-145.2	274.5	-867.5	-1.582E3	1.805E3
13.050	-152.2	243.0	-1.079E3	-4.667E3	4.790E3
13.067	-181.2	118.9	152.1	-1.619E3	1.626E3
13.083	-147.1	189.1	-239.0	1.089E3	1.115E3
13.100	-189.1	155.2	-456.1	-1.849E3	1.904E3
13.117	-162.3	127.4	517.4	-673.7	849.5
13.133	-171.9	132.8	266.0	-114.1	289.5
13.150	-153.5	123.6	-285.6	782.4	832.9
13.167	-181.4	158.8	-99.65	1.658E3	1.661E3
13.183	-156.8	178.9	1.679E3	-1.373E3	2.169E3
13.200	-125.4	113.1	1.226E3	-1.253E3	1.753E3
13.217	-115.9	137.1	964.5	1.198E3	1.538E3
13.233	-93.28	153.0	289.3	1.379E3	1.409E3
13.250	-106.3	183.1	-150.2	2.974E3	2.978E3
13.267	-98.29	252.1	102.8	2.340E3	2.342E3
13.283	-102.9	261.1	-1.584E3	1.932E3	2.498E3
13.300	-151.1	316.5	407.7	5.146E3	5.162E3
13.317	-89.28	432.6	1.437E3	2.709E3	3.066E3
13.333	-103.2	406.8	-789.1	-680.7	1.042E3
13.350	-115.6	409.9	1.293E3	-1.579E3	2.041E3
13.367	-60.08	354.2	-2.127E3	-2.375E3	3.188E3
13.383	-186.5	330.8	-1.481E3	-453.3	1.549E3
13.400	-109.4	339.1	315.0	-61.22	320.9
13.417	-176.0	328.8	1.052E3	-857.1	1.357E3
13.433	-74.38	310.5	1.988E3	-3.807E3	4.294E3
13.450	-109.7	201.9	-1.416E3	-3.591E3	3.861E3
13.467	-121.6	190.8	-845.4	-229.6	876.1
13.483	-137.9	194.2	-736.0	-594.8	946.3
13.500	-146.1	171.0	2.189E3	-3.324E3	3.980E3
13.517	-64.94	83.40	764.6	-4.380E3	4.446E3
13.533	-120.6	25.00	-1.353E3	-1.547E3	2.055E3
13.550	-110.0	31.84	650.5	421.6	775.2
13.567	-98.96	39.06	-1.246E3	2.675E3	2.951E3
13.583	-151.6	121.0	-74.02	580.8	585.5
13.600	-101.4	58.42	809.5	-317.3	869.5
13.617	-124.6	110.4	-722.5	2.098E3	2.219E3
13.633	-125.5	128.4	294.4	857.5	906.6
13.650	-114.8	139.0	497.9	1.949E3	2.012E3
13.667	-108.9	193.3	972.2	3.160E3	3.306E3
13.683	-82.35	244.3	467.2	2.963E3	3.000E3
13.700	-93.34	292.1	-2.579E3	4.361E3	5.067E3
13.717	-168.3	389.7	671.3	1.114E3	1.300E3
13.733	-70.97	329.2	-550.7	-999.7	1.141E3
13.750	-186.7	356.4	-2.073E3	2.006E3	2.884E3
13.767	-140.1	396.1	384.4	588.6	703.0
13.783	-173.9	376.0	781.0	-2.699E3	2.809E3
13.800	-114.0	306.1	1.749E3	-3.707E3	4.099E3
13.817	-115.6	252.4	442.5	-3.067E3	3.099E3
13.833	-99.28	203.9	535.6	-2.419E3	2.478E3
13.850	-97.72	171.8	-122.9	-333.2	355.2
13.867	-103.4	192.8	-326.3	-944.5	999.3
13.883	-108.6	140.3	-699.1	262.9	746.9
13.900	-126.7	201.6	-538.9	-942.8	1.086E3
13.917	-126.6	108.9	-979.1	-3.638E3	3.767E3
13.933	-159.3	80.30	-882.6	1.476E3	1.720E3
13.950	-156.0	158.1	-144.5	204.7	250.5
13.967	-164.1	87.12	-193.6	-1.131E3	1.148E3
13.983	-162.4	120.4	-417.1	103.7	429.8
14.000	-178.0	90.58	-1.021E3	1.789E3	2.060E3
14.017	-196.5	180.0	-201.8	4.131E3	4.136E3
14.033	-184.8	228.3	978.3	858.3	1.301E3
14.050	-163.8	208.6	1.081E3	-2.059E3	2.326E3
14.067	-148.7	159.6	331.3	-1.038E3	1.090E3
14.083	-152.8	174.0	-2.012E3	4.797E3	5.202E3
14.100	-215.8	319.5	-338.8	3.751E3	3.766E3
14.117	-164.1	299.0	1.922E3	1.847E3	2.666E3
14.133	-151.7	381.1	1.656E3	3.749E3	4.098E3
14.150	-108.9	424.0	3.246E3	523.8	3.288E3
14.167	-43.53	398.6	1.571E3	-1.468E3	2.150E3
14.183	-56.54	375.1	898.8	-6.249	898.8
14.200	-13.57	398.4	60.83	-2.217E3	2.218E3
14.217	-54.51	301.1	126.0	-2.550E3	2.553E3
14.233	-9.369	313.4	1.347E3	-1.260E3	1.845E3
14.250	-9.612	259.1	-88.04	-1.188E3	1.191E3
14.267	-12.30	273.8	193.6	-2.025E3	2.034E3
14.283	-3.159	191.7	-1.799E3	-1.971E3	2.669E3
14.300	-72.27	208.1	-3.558E3	-26.78	3.558E3
14.317	-121.7	190.8	-1.120E3	-3.140E3	3.334E3
14.333	-109.6	103.4	1.207E3	-4.598E3	4.754E3
14.350	-81.50	37.48	-641.7	-1.152E3	1.318E3
14.367	-131.0	65.00	-1.553E3	-392.6	1.602E3
14.383	-133.3	24.39	685.4	-562.8	886.8
14.400	-108.2	46.24	518.0	2.059E3	2.123E3
14.417	-116.0	93.03	-716.6	2.817E3	2.907E3
14.433	-132.0	140.1	-125.6	1.847E3	1.851E3
14.450	-120.2	154.6	-909.4	398.1	992.7
14.467	-162.4	153.4	-3.643E3	1.183E3	3.830E3
14.483	-241.6	194.0	-123.9	2.460E3	2.464E3
14.500	-166.5	235.4	3.710E3	2.539E3	4.495E3
14.517	-117.9	278.7	2.003E3	697.7	2.121E3
14.533	-99.71	258.7	2.070E3	539.3	2.139E3
14.550	-48.93	296.6	1.641E3	857.9	1.852E3
14.567	-45.00	287.3	1.225E3	537.7	1.337E3
14.583	-8.117	314.6	286.5	1.867E3	1.889E3
14.600	-35.45	349.5	690.7	2.304E3	2.405E3
14.617	14.91	391.4	1.301E3	742.1	1.498E3
14.633	7.917	374.3	-511.8	-1.235E3	1.337E3
14.650	-2.154	350.2	807.8	-3.210E3	3.310E3
14.667	34.84	267.3	-699.3	-2.171E3	2.281E3
14.683	-25.47	277.8	-3.890E3	-160.7	3.893E3
14.700	-94.81	261.9	-2.440E3	-2.127E3	3.237E3
14.717	-106.8	206.9	1.238E3	-3.293E3	3.518E3
14.733	-53.54	152.1	2.015E3	-921.3	2.216E3
14.750	-39.63	176.2	-2.455E3	2.080E3	3.218E3
14.767	-135.4	221.5	-5.833E3	-637.2	5.868E3
14.783	-234.1	155.0	-2.809E3	-2.562E3	3.802E3
14.800	-229.0	136.1	-841.7	638.8	1.057E3
14.817	-262.1	176.3	-426.9	2.668E3	2.702E3
14.833	-243.3	225.0	423.3	2.970E3	3.000E3
14.850	-248.0	275.3	1.717E3	1.620E3	2.361E3
14.867	-186.0	279.0	2.092E3	1.404E3	2.519E3
14.883	-178.3	322.1	424.8	1.231E3	1.302E3
14.900	-171.9	320.1	1.298E3	125.2	1.304E3
14.917	-135.0	326.2	1.065E3	-2.126E3	2.378E3
14.933	-136.3	249.2	16.29	1.075E3	1.075E3
14.950	-134.5	362.1	-413.0	1.423E3	1.482E3
14.967	-150.1	296.6	3.138E3	-351.9	3.158E3
14.983	-29.87	350.3	3.480E3	2.062E3	4.045E3
15.000	-34.13	365.4	196.8	-48.00	202.6
15.017	-23.31	348.7	580.8	-374.3	690.9
15.033	-14.77	352.9	-2.015E3	-865.9	2.193E3
15.050	-90.48	319.9	-66.45	-1.434E3	1.435E3
15.067	-16.98	305.1	276.9	-748.7	798.3
15.083	-81.25	294.9	-3.202E3	-1.149E3	3.402E3
15.100	-123.7	266.8	-1.605E3	-477.6	1.674E3
15.117	-134.7	279.0	-1.292E3	-635.6	1.439E3
15.133	-166.8	245.6	-2.793E3	-2.790E3	3.947E3
15.150	-227.8	186.0	-1.765E3	-1.738E3	2.477E3
15.167	-225.6	187.7	458.1	-897.9	1.008E3
15.183	-212.6	156.1	-371.8	804.4	886.1
15.200	-238.0	214.5	-78.26	-1.475E3	1.477E3
15.217	-215.2	106.9	2.982E3	-1.160E3	3.200E3
15.233	-138.6	175.9	3.307E3	3.087E3	4.524E3
15.250	-104.9	209.8	731.5	1.767E3	1.912E3
15.267	-114.2	234.8	-2.619E3	-232.4	2.629E3
15.283	-192.2	202.1	-754.4	-1.279E3	1.485E3
15.300	-139.3	192.1	3.993E3	1.119E3	4.147E3
15.317	-59.14	239.4	3.505E3	2.360E3	4.226E3
15.333	-22.50	270.8	1.778E3	850.9	1.972E3
15.350	0.143	267.7	238.6	-815.8	850.0
15.367	-14.55	243.6	852.4	396.1	939.9
15.383	28.56	280.9	1.032E3	787.9	1.299E3
15.400	19.87	269.8	-630.6	-822.8	1.037E3
15.417	7.535	253.5	-365.2	-443.3	574.4
15.433	7.693	255.1	571.8	1.683E3	1.777E3
15.450	26.60	309.6	-1.051E3	2.667E3	2.866E3
15.467	-27.35	344.0	-2.056E3	14.92	2.056E3
15.483	-41.95	310.1	-1.162E3	-1.562E3	1.947E3
15.500	-66.07	291.9	-1.177E3	-2.694E3	2.940E3
15.517	-81.17	220.3	-1.854E3	-4.175E3	4.568E3
15.533	-127.9	152.7	-1.803E3	-2.171E3	2.822E3
15.550	-141.3	148.0	-2.623E3	-2.017	2.623E3
15.567	-215.3	152.7	-1.587E3	-878.5	1.814E3
15.583	-194.2	118.7	239.3	1.809E3	1.825E3
15.600	-207.3	213.0	-1.016E3	2.115E3	2.346E3
15.617	-228.0	189.2	-641.6	-700.6	950.0
15.633	-228.7	189.6	847.4	-1.422E3	1.655E3
15.650	-199.8	141.8	1.804E3	-130.7	1.809E3
15.667	-168.5	185.3	2.436E3	19.80	2.436E3
15.683	-118.6	142.4	632.5	572.1	852.8
15.700	-147.5	204.3	-207.0	2.656E3	2.664E3
15.717	-125.5	231.0	1.006E3	950.4	1.384E3
15.733	-113.9	236.0	1.029E3	2.017E3	2.264E3
15.750	-91.20	298.2	2.029E3	843.3	2.198E3
15.767	-46.30	264.1	1.838E3	28.25	1.839E3
15.783	-29.92	299.2	969.5	2.658E3	2.829E3
15.800	-13.98	352.7	46.88	362.2	365.2
15.817	-28.36	311.2	-362.8	-1.607E3	1.647E3
15.833	-26.08	299.2	198.9	294.4	355.3
15.850	-21.73	321.0	-837.2	-212.6	863.8
15.867	-53.98	292.1	-2.183E3	-545.3	2.250E3
15.883	-94.50	302.9	-3.338E3	-2.157E3	3.975E3
15.900	-165.3	220.2	-1.095E3	-1.740E3	2.056E3
15.917	-131.0	244.9	650.4	747.8	991.0
15.933	-143.6	245.1	-1.952E3	-1.055E3	2.219E3
15.950	-196.1	209.7	-1.714E3	-1.752E3	2.451E3
15.967	-200.7	186.7	666.8	-1.587E3	1.721E3
15.983	-173.8	156.8	1.118E3	939.8	1.461E3
16.000	-163.5	218.0	-1.386E3	1.536E3	2.069E3
16.017	-220.0	208.0	-238.0	-426.6	488.5
16.033	-171.4	203.8	1.601E3	340.2	1.637E3
16.050	-166.7	219.3	1.489E3	-431.7	1.550E3
16.067	-121.8	189.4	543.2	1.087E3	1.215E3
16.083	-148.6	255.6	-587.2	2.240E3	2.315E3
16.100	-141.3	264.1	737.9	-305.7	798.7
16.117	-124.0	245.4	895.4	-744.7	1.165E3
16.133	-111.5	239.2	897.2	2.599E3	2.749E3
16.150	-94.05	332.0	-699.5	1.486E3	1.643E3
16.167	-134.8	288.8	-288.4	-512.8	588.3
16.183	-103.7	314.9	1.232E3	910.3	1.532E3
16.200	-93.74	319.1	1.364E3	-1.844E3	2.293E3
16.217	-58.21	253.5	811.7	-2.309E3	2.447E3
16.233	-66.69	242.2	-173.2	550.4	577.0
16.250	-63.99	271.8	621.4	257.3	672.6
16.267	-45.97	250.7	775.7	-679.7	1.031E3
16.283	-38.13	249.1	-522.3	-940.2	1.076E3
16.300	-63.38	219.4	-2.306E3	-99.14	2.308E3
16.317	-115.0	245.8	-851.9	1.970E3	2.146E3
16.333	-91.78	285.1	-1.724E3	165.8	1.732E3
16.350	-172.5	251.4	-2.400E3	-759.4	2.517E3
16.367	-171.8	259.7	437.5	776.7	891.4
16.383	-157.9	277.3	2.081E3	52.37	2.081E3
16.400	-102.4	261.5	-70.40	730.7	734.1
16.417	-160.2	301.6	-1.071E3	742.9	1.303E3
16.433	-138.1	286.3	2.871E3	-342.9	2.892E3
16.450	-64.53	290.2	-543.3	1.309E3	1.417E3
16.467	-156.2	329.9	-3.272E3	1.144E3	3.466E3
16.483	-173.6	328.3	2.041E3	322.6	2.066E3
16.500	-88.18	340.6	541.2	-206.4	579.2
16.517	-155.6	321.4	-72.65	-2.006E3	2.007E3
16.533	-90.60	273.8	2.504E3	-1.356E3	2.848E3
16.550	-72.08	276.2	734.0	-587.7	940.3
16.567	-66.14	254.2	-1.634E3	-2.031E3	2.606E3
16.583	-126.5	208.5	-568.0	-1.781E3	1.870E3
16.600	-85.07	194.8	8.826	-862.5	862.5
16.617	-126.2	179.8	-2.092E3	1.678E3	2.682E3
16.633	-154.8	250.8	-343.4	-665.9	749.2
16.650	-137.7	157.6	1.251E3	-326.8	1.293E3
16.667	-113.1	239.9	2.545E3	1.593E3	3.002E3
16.683	-52.86	210.7	1.075E3	-568.1	1.216E3
16.700	-77.25	220.9	177.8	795.1	814.8
16.717	-46.93	237.2	-2.717E3	841.8	2.845E3
16.733	-167.8	249.0	-3.106E3	284.0	3.119E3
16.750	-150.5	246.7	163.5	337.6	375.1
16.767	-162.4	260.3	1.505E3	-103.8	1.509E3
16.783	-100.3	243.2	733.5	2.128E3	2.251E3
16.800	-137.9	331.2	-1.928E3	2.619E3	3.252E3
16.817	-164.6	330.5	-1.200E3	-1.166E3	1.674E3
16.833	-177.9	292.3	705.7	-2.416E3	2.517E3
16.850	-141.0	250.0	245.8	-1.837E3	1.854E3
16.867	-169.7	231.1	-1.538E3	-701.8	1.691E3
16.883	-192.3	226.6	1.675E3	2.871E3	3.324E3
16.900	-113.9	326.8	-327.3	682.3	756.8
16.917	-203.2	249.3	939.5	-2.054E3	2.258E3
16.933	-82.60	258.3	1.054E3	-116.0	1.061E3
16.950	-168.1	245.4	348.6	-1.103E3	1.157E3
16.967	-70.98	221.5	2.748E3	741.2	2.846E3
16.983	-76.48	270.1	1.349E3	75.80	1.352E3
17.000	-26.00	224.1	-199.6	-2.282E3	2.291E3
17.017	-83.13	194.1	-963.3	-1.578E3	1.849E3
17.033	-58.10	171.4	447.9	538.5	700.4
17.050	-68.20	212.0	914.0	1.057E3	1.398E3
17.067	-27.64	206.7	-1.695E3	-250.5	1.713E3
17.083	-124.7	203.7	-1.806E3	1.570E3	2.393E3
17.100	-87.84	259.0	2.099E3	32.37	2.100E3
17.117	-54.72	204.7	252.0	-1.487E3	1.509E3
17.133	-79.43	209.4	-4.033E3	1.842E3	4.434E3
17.150	-189.2	266.1	-2.776E3	3.016E3	4.099E3
17.167	-172.0	310.0	1.236E3	1.706E3	2.106E3
17.183	-148.0	323.0	-148.1	559.4	578.7
17.200	-176.9	328.6	-1.578E3	1.083E3	1.913E3
17.217	-200.6	359.1	-1.743E3	20.96	1.743E3
17.233	-235.0	329.3	2.431E3	-3.195E3	4.015E3
17.250	-119.5	252.6	2.652E3	-2.900E3	3.930E3
17.267	-146.6	232.7	-2.675E3	-363.8	2.699E3
17.283	-208.7	240.5	-116.5	224.0	252.5
17.300	-150.5	240.1	3.612E3	-1.282E3	3.833E3
17.317	-88.28	197.7	2.896E3	310.0	2.912E3
17.333	-53.98	250.5	1.916E3	1.110E3	2.214E3
17.350	-24.42	234.8	-658.4	-2.398E3	2.486E3
17.367	-75.93	170.5	449.0	-2.348E3	2.391E3
17.383	-9.452	156.5	2.499E3	-920.6	2.664E3
17.400	7.385	139.8	489.1	-388.3	624.5
17.417	6.852	143.5	449.9	2.513E3	2.553E3
17.433	22.38	223.6	-17.27	-221.7	222.4
17.450	6.276	136.1	-180.9	-1.596E3	1.606E3
17.467	16.35	170.4	-531.1	2.588E3	2.642E3
17.483	-11.43	222.4	-1.145E3	2.104E3	2.396E3
17.500	-21.83	240.6	-2.377E3	-959.8	2.564E3
17.517	-90.67	190.4	-3.003E3	-912.4	3.139E3
17.533	-121.9	210.1	-1.801E3	1.477E3	2.329E3
17.550	-150.7	239.6	1.419E3	3.171E3	3.474E3
17.567	-74.65	315.9	1.272E3	1.219E3	1.762E3
17.583	-108.3	280.3	-3.359E3	-1.964E3	3.891E3
17.600	-186.6	250.4	-480.5	769.4	907.1
17.617	-124.3	305.9	-1.634E3	2.129E3	2.684E3
17.633	-241.1	321.4	244.8	-1.330E3	1.353E3
17.650	-116.1	261.6	1.104E3	-400.4	1.174E3
17.667	-204.3	308.0	-1.482E3	-1.398E3	2.037E3
17.683	-165.6	215.0	1.871E3	-3.642E3	4.095E3
17.700	-142.0	186.6	1.063E3	857.4	1.365E3
17.717	-130.1	243.5	640.8	884.1	1.092E3
17.733	-120.6	216.1	870.9	-3.451E3	3.559E3
17.750	-101.1	128.5	1.295E3	-2.646E3	2.946E3
17.767	-77.43	127.9	1.910E3	798.2	2.070E3
17.783	-37.44	155.1	293.5	1.588E3	1.615E3
17.800	-67.65	180.8	-981.4	783.1	1.256E3
17.817	-70.16	181.2	-1.024E3	-478.9	1.130E3
17.833	-101.8	164.8	399.3	-192.0	443.0
17.850	-56.85	174.8	1.108E3	823.1	1.380E3
17.867	-64.85	192.3	-1.015E3	4.108E3	4.232E3
17.883	-90.67	311.8	-879.6	448.2	987.2
17.900	-94.17	207.2	-2.203E3	-201.1	2.212E3
17.917	-164.1	305.1	-1.125E3	4.648E3	4.782E3
17.933	-131.7	362.1	3.156E3	443.8	3.187E3
17.950	-58.91	319.9	2.515E3	-740.4	2.622E3
17.967	-47.83	337.5	-1.477E3	1.204E3	1.906E3
17.983	-108.1	360.0	-1.273E3	311.5	1.310E3
18.000	-90.26	347.8	122.7	-332.7	354.6
18.017	-104.1	348.9	-1.864E3	-296.8	1.888E3
18.033	-152.4	337.9	-1.018E3	-778.5	1.282E3
18.050	-138.0	323.0	366.2	-1.041E3	1.104E3
18.067	-140.2	303.2	1.765E3	-702.9	1.900E3
18.083	-79.17	299.5	-47.46	-1.125E3	1.126E3
18.100	-141.8	265.7	-1.655E3	-3.928E3	4.263E3
18.117	-134.3	168.6	1.001E3	-3.834E3	3.963E3
18.133	-108.4	137.9	1.203E3	-678.9	1.381E3
18.150	-94.24	146.0	172.1	2.845E3	2.851E3
18.167	-102.7	232.8	-409.1	2.974E3	3.002E3
18.183	-107.9	245.1	1.197E3	105.9	1.202E3
18.200	-62.78	236.3	1.683E3	59.28	1.684E3
18.217	-51.78	247.1	-2.800E3	1.234E3	3.060E3
18.233	-156.1	277.4	-805.5	1.833E3	2.002E3
18.250	-78.63	308.2	2.573E3	1.216E3	2.846E3
18.267	-70.33	318.0	-3.352E3	-601.4	3.406E3
18.283	-190.4	288.1	-4.058E3	-37.46	4.058E3
18.300	-205.6	316.7	-456.1	1.329E3	1.405E3
18.317	-205.6	332.4	547.4	1.085E3	1.215E3
18.333	-187.3	352.9	469.9	1.449E3	1.523E3
18.350	-189.9	380.7	4.030E3	344.0	4.045E3
18.367	-53.00	364.4	3.165E3	-2.397E3	3.970E3
18.383	-84.43	300.8	-659.7	-2.591E3	2.673E3
18.400	-74.99	278.0	1.054E3	-158.4	1.066E3
18.417	-49.30	295.5	-53.54	-2.638E3	2.639E3
18.433	-76.78	190.1	380.0	-2.968E3	2.992E3
18.450	-36.64	196.6	290.8	-39.75	293.5
18.467	-67.08	188.7	-442.1	-1.162E3	1.243E3
18.483	-51.37	157.9	1.918E3	-793.5	2.076E3
18.500	-3.142	162.3	-808.7	-110.8	816.3
18.517	-78.33	154.2	-1.930E3	-1.315E3	2.335E3
18.533	-67.46	118.5	-293.5	-633.8	698.4
18.550	-88.11	133.1	280.7	653.5	711.2
18.567	-58.10	140.2	669.6	438.5	800.4
18.583	-65.79	147.7	-1.923E3	252.7	1.939E3
18.600	-122.2	148.7	-646.9	1.819E3	1.931E3
18.617	-87.35	208.3	391.5	2.760E3	2.787E3
18.633	-109.1	240.7	-2.412E3	1.324E3	2.752E3
18.650	-167.8	252.4	-1.700E3	649.9	1.820E3
18.667	-165.8	262.3	2.067E3	1.315E3	2.450E3
18.683	-98.87	296.3	2.215E3	1.291E3	2.564E3
18.700	-91.95	305.4	-1.248E3	1.583E3	2.015E3
18.717	-140.5	349.0	-3.015E3	-729.4	3.102E3
18.733	-192.5	281.0	-710.3	-2.745E3	2.836E3
18.750	-164.1	257.5	3.717E3	-433.8	3.743E3
18.767	-68.54	266.6	2.722E3	172.8	2.728E3
18.783	-73.40	263.3	-43.74	-2.132E3	2.133E3
18.800	-70.00	195.5	-82.11	-2.468E3	2.470E3
18.817	-76.14	181.0	-416.7	-850.2	946.8
18.833	-83.89	167.2	1.360E3	36.62	1.361E3
18.850	-30.79	182.2	1.611E3	-1.023E3	1.908E3
18.867	-30.19	133.1	-874.6	-1.378E3	1.632E3
18.883	-59.94	136.3	39.56	941.9	942.8
18.900	-28.87	164.5	-257.5	-639.3	689.2
18.917	-68.53	115.0	-2.711E3	-1.067E3	2.913E3
18.933	-119.2	128.9	-1.275E3	644.0	1.428E3
18.950	-111.0	136.4	2.498E3	2.561E3	3.578E3
18.967	-35.95	214.3	241.6	1.480E3	1.499E3
18.983	-103.0	185.8	-2.310E3	-448.5	2.353E3
19.000	-112.9	199.3	-395.2	2.738E3	2.767E3
19.017	-116.1	277.0	473.4	2.053E3	2.107E3
19.033	-97.17	267.8	-1.560E3	184.3	1.570E3
19.050	-168.1	283.2	-3.034E3	2.307E3	3.812E3
19.067	-198.3	344.7	-600.6	1.813E3	1.910E3
19.083	-188.2	343.6	1.472E3	465.8	1.544E3
19.100	-149.3	360.2	414.0	170.2	447.6
19.117	-174.4	349.3	-237.1	-2.498E3	2.509E3
19.133	-157.2	276.9	-399.7	-1.938E3	1.978E3
19.150	-187.7	284.7	1.734E3	-2.508E3	3.049E3
19.167	-99.36	193.4	3.085E3	-3.147E3	4.407E3
19.183	-84.84	179.8	-1.499E3	691.1	1.650E3
19.200	-149.3	216.4	-436.9	-361.2	566.9
19.217	-99.40	167.8	792.8	-25.30	793.2
19.233	-122.9	215.5	1.083E3	1.471E3	1.826E3
19.250	-63.32	216.8	855.2	-671.1	1.087E3
19.267	-94.39	193.2	-1.615E3	-926.9	1.862E3
19.283	-117.2	185.9	840.9	17.90	841.1
19.300	-66.36	193.8	-12.34	-1.492E3	1.492E3
19.317	-117.6	136.2	-783.8	-1.428E3	1.629E3
19.333	-92.48	146.2	641.7	1.199E3	1.360E3
19.350	-96.17	176.1	601.8	691.2	916.5
19.367	-72.42	169.2	-2.348E3	3.987E3	4.627E3
19.383	-174.4	309.0	-1.708E3	1.943E3	2.587E3
19.400	-129.4	234.0	665.2	-1.401E3	1.551E3
19.417	-152.3	262.4	536.7	3.631E3	3.670E3
19.433	-111.5	355.0	2.750E3	2.361E3	3.625E3
19.450	-60.58	341.1	1.543E3	-205.3	1.557E3
19.467	-60.03	348.1	-1.936E3	-1.471E3	2.432E3
19.483	-125.1	292.0	40.61	230.7	234.2
19.500	-58.67	355.8	2.474E3	809.5	2.603E3
19.517	-42.66	319.0	16.62	-1.635E3	1.635E3
19.533	-58.12	301.3	-1.910E3	371.6	1.946E3
19.550	-106.3	331.4	-2.857E3	-1.834E3	3.395E3
19.567	-153.4	240.2	-1.995E3	-2.284E3	3.032E3
19.583	-172.8	255.3	2.221E3	-149.5	2.226E3
19.600	-79.33	235.2	2.713E3	-3.096E3	4.116E3
19.617	-82.36	152.1	-455.8	-2.775E3	2.812E3
19.633	-94.52	142.7	1.060E3	1.648E3	1.959E3
19.650	-47.01	207.0	862.9	828.6	1.196E3
19.667	-65.76	170.3	-2.227E3	1.351E3	2.605E3
19.683	-121.3	252.0	1.544E3	1.454E3	2.121E3
19.700	-14.30	218.8	2.325E3	-2.595E3	3.485E3
19.717	-43.75	165.5	-907.4	324.4	963.6
19.733	-44.55	229.6	-1.532E3	1.460E3	2.116E3
19.750	-94.81	214.2	-1.807E3	89.44	1.809E3
19.767	-104.8	232.6	-1.870E3	973.8	2.108E3
19.783	-157.2	246.6	372.7	-897.8	972.1
19.800	-92.36	202.7	660.8	417.5	781.6
19.817	-135.1	260.6	-1.503E3	3.463E3	3.775E3
19.833	-142.5	318.1	1.115E3	-289.8	1.152E3
19.850	-97.96	250.9	1.062E3	-1.986E3	2.253E3
19.867	-107.0	251.9	-2.329E3	-277.7	2.345E3
19.883	-175.6	241.6	-1.808E3	2.634E3	3.195E3
19.900	-167.3	339.7	132.3	709.2	721.4
19.917	-171.2	265.3	-661.2	-1.981E3	2.088E3
19.933	-189.4	273.7	894.8	-1.832E3	2.039E3
19.950	-141.3	204.2	23.98	-349.0	349.9
19.967	-188.6	262.0	746.2	-189.6	769.9
19.983	-116.5	197.9	2.883E3	-2.625E3	3.899E3
20.000	-92.47	174.5	-188.0	-600.1	628.8
20.017	-122.7	177.9	1.642E3	562.6	1.735E3
20.033	-37.75	193.3	173.7	-1.488E3	1.498E3
20.050	-116.9	128.3	492.5	-1.017E3	1.130E3
20.067	-21.34	159.4	1.688E3	-54.30	1.689E3
20.083	-60.66	126.5	515.5	1.160E3	1.269E3
20.100	-4.152	198.1	-433.6	1.773E3	1.825E3
20.117	-75.12	185.6	-2.276E3	-1.295E3	2.619E3
20.133	-80.03	154.9	2.014E3	731.7	2.142E3
20.150	-7.997	210.0	1.867E3	2.114E3	2.820E3
20.167	-17.79	225.3	-1.951E3	350.3	1.982E3
20.183	-73.04	221.6	-2.353E3	348.7	2.379E3
20.200	-96.23	237.0	587.9	2.160E3	2.238E3
20.217	-53.44	293.6	-2.072E3	620.6	2.163E3
20.233	-165.3	257.7	-386.2	740.8	835.5
20.250	-66.32	318.3	708.6	246.5	750.2
20.267	-141.7	265.9	-2.039E3	-2.463E3	3.197E3
20.283	-134.3	236.2	-410.8	-842.7	937.5
20.300	-155.4	237.8	-2.530E3	550.4	2.589E3
20.317	-218.6	254.6	-89.86	-1.067E3	1.071E3
20.333	-158.4	202.2	495.3	-349.9	606.4
20.350	-202.1	242.9	680.1	-781.2	1.036E3
20.367	-135.7	176.2	2.486E3	-2.778E3	3.728E3
20.383	-119.2	150.3	838.9	-1.111E3	1.392E3
20.400	-107.7	139.1	-929.5	280.1	970.8
20.417	-150.2	159.7	774.9	-321.6	839.0
20.433	-81.92	128.4	2.510E3	-305.8	2.529E3
20.450	-66.55	149.5	-405.5	1.961E3	2.002E3
20.467	-95.43	193.8	1.432E3	2.005E3	2.464E3
20.483	-18.82	216.3	2.232E3	1.929E3	2.950E3
20.500	-21.02	258.1	-1.508E3	2.335E3	2.780E3
20.517	-69.08	294.2	-3.318E3	-1.795E3	3.773E3
20.533	-131.6	198.2	933.9	-302.2	981.5
20.550	-37.95	284.1	840.7	1.563E3	1.775E3
20.567	-103.6	250.3	-2.847E3	-904.3	2.987E3
20.583	-132.8	254.0	-285.5	125.9	312.0
20.600	-113.1	254.5	2.459E3	3.043E3	3.912E3
20.617	-50.87	355.4	-1.678E3	2.775E3	3.243E3
20.633	-169.1	347.0	-2.313E3	-3.098E3	3.866E3
20.650	-128.0	252.1	656.0	-3.139E3	3.207E3
20.667	-147.2	242.4	177.1	-1.048E3	1.062E3
20.683	-122.1	217.2	632.7	2.020E3	2.117E3
20.700	-126.1	309.7	1.552E3	1.622E3	2.245E3
20.717	-70.32	271.3	-247.7	-799.0	836.5
20.733	-134.4	283.1	510.1	-780.1	932.1
20.750	-53.32	245.3	2.265E3	-1.495E3	2.713E3
20.767	-58.88	233.3	383.6	-651.0	755.6
20.783	-40.53	223.6	424.6	-287.9	513.0
20.800	-44.73	223.7	-2.802E3	2.034E3	3.463E3
20.817	-133.9	291.3	-2.663E3	2.255E3	3.489E3
20.833	-133.5	298.9	-1.378E3	-1.591E3	2.105E3
20.850	-179.9	238.3	-1.156E3	-1.229E3	1.687E3
20.867	-172.0	257.9	3.557E3	-445.2	3.585E3
20.883	-61.33	223.5	3.335E3	2.476E3	4.154E3
20.900	-60.84	340.4	-552.7	2.114E3	2.185E3
20.917	-79.75	293.9	-1.617E3	-2.601E3	3.063E3
20.933	-114.8	253.7	-1.745E3	-663.6	1.867E3
20.950	-137.9	271.8	146.9	-347.7	377.5
20.967	-109.9	242.2	735.3	-1.574E3	1.737E3
20.983	-113.4	219.4	-590.8	-632.7	865.7
21.000	-129.5	221.1	-231.5	602.2	645.2
21.017	-121.1	239.4	-236.6	-597.6	642.7
21.033	-137.4	201.1	2.163E3	-1.235E3	2.490E3
21.050	-49.04	198.3	1.990E3	-702.8	2.110E3
21.067	-71.11	177.7	-364.4	-1.083E3	1.143E3
21.083	-61.19	162.2	-2.107E3	807.5	2.256E3
21.100	-141.3	204.6	-1.127E3	-429.1	1.206E3
21.117	-98.75	147.9	545.7	-2.774E3	2.827E3
21.133	-123.1	112.2	-1.986E3	1.605E3	2.554E3
21.150	-164.9	201.4	-502.4	206.3	543.1
21.167	-139.9	119.0	1.870E3	-1.698E3	2.526E3
21.183	-102.6	144.8	-587.0	739.2	943.9
21.200	-159.5	143.7	-3.075E3	2.897E3	4.224E3
21.217	-205.1	241.3	-2.217E3	3.036E3	3.759E3
21.233	-233.3	244.9	1.489E3	-45.47	1.490E3
21.250	-155.4	239.8	1.740E3	695.1	1.874E3
21.267	-175.3	268.1	554.3	795.1	969.2
21.283	-137.0	266.3	735.5	804.4	1.090E3
21.300	-150.8	294.9	788.1	521.3	944.9
21.317	-110.7	283.7	3.736E3	-233.6	3.743E3
21.333	-26.30	287.1	933.0	-479.1	1.049E3
21.350	-79.60	267.7	-1.008E3	-1.540E3	1.841E3
21.367	-59.91	235.7	599.9	1.024E3	1.187E3
21.383	-59.60	301.9	-306.4	1.473E3	1.505E3
21.400	-70.12	284.8	-488.6	-3.860E3	3.891E3
21.417	-75.89	173.2	-201.6	-4.105E3	4.110E3
21.433	-76.84	148.0	1.067E3	613.9	1.231E3
21.450	-40.31	193.6	-44.04	464.1	466.2
21.467	-78.31	163.5	-1.510E3	-1.038E3	1.832E3
21.483	-90.63	159.0	-661.8	-344.1	745.9
21.500	-100.4	152.0	-539.9	309.2	622.2
21.517	-108.6	169.3	-1.674E3	-406.0	1.722E3
21.533	-156.2	138.5	-1.907E3	234.9	1.922E3
21.550	-172.2	177.2	662.4	3.712E3	3.771E3
21.567	-134.1	262.2	1.799E3	972.3	2.045E3
21.583	-112.2	209.6	-466.1	-264.0	535.7
21.600	-149.6	253.4	74.78	835.1	838.5
21.617	-109.7	237.4	276.3	639.1	696.2
21.633	-140.4	274.7	-320.0	1.105E3	1.150E3
21.650	-120.4	274.3	749.5	-84.03	754.2
21.667	-115.4	271.9	218.1	2.117E3	2.128E3
21.683	-113.1	344.8	-141.6	1.798E3	1.804E3
21.700	-120.1	331.9	-827.2	-1.320E3	1.558E3
21.717	-140.7	300.8	-180.4	220.4	284.8
21.733	-126.1	339.2	23.36	-317.2	318.1
21.750	-139.9	290.2	178.0	-2.907E3	2.913E3
21.767	-120.2	242.3	44.28	-3.305E3	3.306E3
21.783	-138.5	180.1	-432.2	-2.037E3	2.082E3
21.800	-134.6	174.4	-45.94	775.5	776.9
21.817	-140.0	205.9	1.782E3	913.2	2.002E3
21.833	-75.23	204.8	142.8	-1.488E3	1.494E3
21.850	-135.2	156.3	-1.007E3	-1.186E3	1.556E3
21.867	-108.8	165.3	1.371E3	758.2	1.567E3
21.883	-89.54	181.6	-1.170E3	-643.4	1.335E3
21.900	-147.8	143.8	73.40	1.024E3	1.026E3
21.917	-87.09	215.7	1.429E3	1.865E3	2.349E3
21.933	-100.1	206.0	380.1	-532.6	654.3
21.950	-74.42	198.0	1.486E3	2.114E3	2.584E3
21.967	-50.61	276.4	888.3	2.733E3	2.874E3
21.983	-44.81	289.1	-1.123E3	20.66	1.124E3
22.000	-88.05	277.1	-899.4	687.4	1.132E3
22.017	-74.79	312.0	1.066E3	-491.3	1.173E3
22.033	-52.53	260.8	1.403E3	-1.857E3	2.328E3
22.050	-28.02	250.1	182.3	2.506E3	2.513E3
22.067	-46.46	344.3	-1.822E3	-365.8	1.858E3
22.083	-88.75	237.9	495.9	-1.849E3	1.914E3
22.100	-29.92	282.7	1.139E3	1.520E3	1.900E3
22.117	-50.77	288.6	-2.240E3	-2.361E3	3.254E3
22.133	-104.6	204.0	-2.458E3	-3.366E3	4.168E3
22.150	-132.7	176.4	668.0	807.2	1.048E3
22.167	-82.32	230.9	830.9	1.122E3	1.396E3
22.183	-105.0	213.8	-1.351E3	-1.364E3	1.920E3
22.200	-127.4	185.4	20.63	-1.238E3	1.239E3
22.217	-104.3	172.5	2.152E3	196.6	2.161E3
22.233	-55.65	192.0	1.564E3	-97.90	1.567E3
22.250	-52.21	169.3	-2.327E3	-285.3	2.345E3
22.267	-133.2	182.5	-2.844E3	1.113E3	3.054E3
22.283	-147.0	206.3	135.7	-110.6	175.0
22.300	-128.7	178.8	875.4	-94.09	880.5
22.317	-117.8	203.2	261.5	800.9	842.5
22.333	-120.0	205.5	106.1	1.288E3	1.292E3
22.350	-114.3	246.1	122.8	1.412E3	1.417E3
22.367	-115.9	252.5	-290.3	1.740E3	1.764E3
22.383	-124.0	304.1	-74.63	1.001E3	1.004E3
22.400	-118.4	285.9	2.181E3	-708.9	2.293E3
22.417	-51.28	280.5	1.827E3	-55.35	1.828E3
22.433	-57.47	284.1	-1.525E3	958.5	1.801E3
22.450	-102.1	312.5	-1.282E3	-1.027E3	1.643E3
22.467	-100.2	249.8	1.117E3	-582.4	1.260E3
22.483	-64.86	293.1	1.126E3	998.0	1.505E3
22.500	-62.67	283.1	142.3	-1.062E3	1.071E3
22.517	-60.12	257.7	-80.82	-515.3	521.6
22.533	-65.36	265.9	234.7	-2.460E3	2.471E3
22.550	-52.29	175.7	338.9	-2.703E3	2.724E3
22.567	-54.07	175.8	-1.126E3	-584.4	1.269E3
22.583	-89.83	156.2	-1.630E3	-1.206E3	2.028E3
22.600	-108.4	135.7	-827.1	233.4	859.4
22.617	-117.4	164.0	394.9	621.6	736.4
22.633	-95.25	156.4	3.374E3	2.531E3	4.218E3
22.650	-4.931	248.3	2.781E3	2.342E3	3.636E3
22.667	-2.558	234.4	-1.415E3	-1.156E3	1.828E3
22.683	-52.11	209.8	-416.6	914.1	1.005E3
22.700	-16.45	264.9	-413.3	2.590E3	2.622E3
22.717	-65.89	296.1	-1.599E3	-542.6	1.688E3
22.733	-69.74	246.8	-1.026E3	-936.9	1.390E3
22.750	-100.1	264.9	-746.5	-95.16	752.5
22.767	-94.62	243.7	-1.031E3	204.6	1.051E3
22.783	-134.5	271.7	-2.794E3	2.246E3	3.585E3
22.800	-187.8	318.5	-1.929E3	1.032E3	2.188E3
22.817	-198.8	306.1	694.2	-2.240E3	2.345E3
22.833	-164.6	243.8	1.637E3	-3.555E3	3.914E3
22.850	-144.2	187.6	526.0	-2.258E3	2.319E3
22.867	-147.1	168.6	-34.01	-466.0	467.2
22.883	-145.3	172.0	310.8	140.3	341.0
22.900	-136.7	173.2	247.0	462.8	524.6
22.917	-137.1	187.5	51.13	162.1	169.9
22.933	-135.0	178.6	-831.2	874.0	1.206E3
22.950	-164.8	216.6	3.409E3	599.7	3.461E3
22.967	-21.38	198.6	2.634E3	-1.401E3	2.983E3
22.983	-77.01	169.9	-2.882E3	-138.4	2.885E3
23.000	-117.4	194.0	1.657E3	2.385E3	2.904E3
23.017	-21.80	249.4	757.4	752.6	1.068E3
23.033	-92.19	219.1	-2.008E3	-1.930E3	2.785E3
23.050	-88.72	185.1	-479.3	262.1	546.3
23.067	-108.2	227.8	1.173E3	1.386E3	1.816E3
23.083	-49.61	231.3	2.234E3	2.377E3	3.262E3
23.100	-33.71	307.1	-2.604E3	1.701E3	3.110E3
23.117	-136.4	288.0	-2.730E3	-1.327E3	3.035E3
23.133	-124.7	262.9	603.7	-1.174E3	1.320E3
23.150	-116.3	248.8	673.7	-1.456E3	1.604E3
23.167	-102.2	214.3	516.2	514.3	728.7
23.183	-99.07	266.0	-582.2	71.94	586.6
23.200	-121.7	216.7	-110.4	270.6	292.3
23.217	-102.7	275.0	874.1	1.455E3	1.697E3
23.233	-92.52	265.2	238.6	-1.228E3	1.251E3
23.250	-94.79	234.1	-284.7	-3.108E3	3.121E3
23.267	-102.0	161.6	-1.887E3	-944.9	2.110E3
23.283	-157.7	202.6	-128.0	-62.39	142.4
23.300	-106.3	159.6	2.746E3	-730.0	2.841E3
23.317	-66.16	178.2	1.678E3	2.325E3	2.868E3
23.333	-50.34	237.1	-126.7	873.9	883.0
23.350	-70.39	207.4	1.076E3	598.4	1.231E3
23.367	-14.47	257.0	193.2	2.214E3	2.222E3
23.383	-63.95	281.2	-337.5	378.7	507.3
23.400	-25.72	269.6	612.2	-2.236E3	2.318E3
23.417	-43.54	206.6	393.4	-1.678E3	1.724E3
23.433	-12.61	213.7	-1.862E3	1.510E3	2.397E3
23.450	-105.6	257.0	-964.6	-174.6	980.3
23.467	-44.76	207.9	-269.3	-1.245E3	1.274E3
23.483	-114.6	215.5	-3.039E3	-110.7	3.041E3
23.500	-146.1	204.2	-1.130E3	1.178E3	1.632E3
23.517	-152.3	254.7	-535.4	1.324E3	1.428E3
23.533	-163.9	248.3	-386.5	-1.924E3	1.962E3
23.550	-165.1	190.6	-35.29	-1.137E3	1.138E3
23.567	-165.1	210.4	643.2	-279.6	701.4
23.583	-143.7	181.3	1.105E3	-963.7	1.467E3
23.600	-128.2	178.3	2.013E3	790.9	2.163E3
23.617	-76.59	207.6	-2.210E3	2.270E3	3.169E3
23.633	-201.9	254.0	-898.2	-561.1	1.059E3
23.650	-106.5	188.9	2.576E3	-1.648E3	3.059E3
23.667	-116.1	199.0	863.2	398.6	950.8
23.683	-77.75	202.2	1.930E3	-193.4	1.940E3
23.700	-51.71	192.6	2.155E3	1.352E3	2.544E3
23.717	-5.917	247.3	1.611E3	1.987E3	2.558E3
23.733	1.979	258.8	-2.273E3	-1.495E3	2.720E3
23.750	-81.67	197.5	-1.697E3	-1.624E3	2.349E3
23.767	-54.58	204.7	535.4	-344.0	636.4
23.783	-63.83	186.0	-1.003E3	418.4	1.087E3
23.800	-88.02	218.6	-271.8	37.87	274.4
23.817	-72.89	187.3	286.0	-646.0	706.5
23.833	-78.48	197.1	-580.2	1.130E3	1.271E3
23.850	-92.23	224.9	-972.2	-96.78	977.0
23.867	-110.9	193.9	-793.0	-447.4	910.5
23.883	-118.7	210.0	831.4	3.049E3	3.160E3
23.900	-83.18	295.5	626.4	1.890E3	1.991E3
23.917	-97.78	273.0	-689.6	-1.170E3	1.358E3
23.933	-106.2	256.5	712.0	-1.205E3	1.400E3
23.950	-74.05	232.9	-560.8	-109.7	571.5
23.967	-124.9	252.9	-1.389E3	368.5	1.437E3
23.983	-120.3	245.1	1.173E3	-210.2	1.192E3
24.000	-85.75	245.8	1.507E3	-2.016E3	2.517E3
24.017	-70.10	177.9	1.820E3	-216.9	1.833E3
24.033	-25.07	238.6	-1.153E3	1.341E3	1.768E3
24.050	-108.5	222.6	925.0	-880.3	1.277E3
24.067	5.759	209.3	3.427E3	-555.9	3.471E3
24.083	5.686	204.1	227.4	-837.3	867.6
24.100	13.34	181.4	-1.808E3	-389.3	1.849E3
24.117	-54.57	191.1	-1.621E3	-181.1	1.631E3
24.133	-40.70	175.3	-1.389E3	503.8	1.478E3
24.150	-100.9	207.9	-1.513E3	1.000E3	1.814E3
24.167	-91.15	208.7	1.958E3	484.8	2.018E3
24.183	-35.59	224.1	462.5	1.665E3	1.728E3
24.200	-75.74	264.2	-1.465E3	1.343E3	1.988E3
24.217	-84.43	268.9	-1.515E3	-945.2	1.786E3
24.233	-126.2	232.7	-1.118E3	-629.7	1.284E3
24.250	-121.7	247.9	-2.332E3	399.7	2.366E3
24.267	-204.0	246.0	-1.508E3	-1.646	1.508E3
24.283	-172.0	247.8	2.634E3	-46.52	2.635E3
24.300	-116.2	244.4	2.355E3	-1.773E3	2.948E3
24.317	-93.47	188.7	832.6	-366.2	909.6
24.333	-88.40	232.2	1.856E3	2.467E3	3.087E3
24.350	-31.62	270.9	2.314E3	624.1	2.397E3
24.367	-11.26	253.0	-989.3	-2.811E3	2.980E3
24.383	-64.60	177.2	-221.0	-1.512E3	1.528E3
24.400	-18.63	202.6	1.336E3	269.6	1.363E3
24.417	-20.05	186.2	-63.51	-522.7	526.6
24.433	-20.75	185.2	-455.6	315.6	554.3
24.450	-35.24	196.7	549.4	1.429E3	1.531E3
24.467	-2.432	232.9	-264.7	-301.2	400.9
24.483	-44.06	186.7	-1.363E3	-1.410E3	1.961E3
24.500	-47.87	185.9	-966.2	1.079E3	1.449E3
24.517	-76.27	222.7	-640.2	1.470E3	1.603E3
24.533	-69.22	234.8	-95.93	604.0	611.5
24.550	-79.47	242.8	-640.7	148.5	657.7
24.567	-90.57	239.8	-888.5	32.64	889.1
24.583	-109.1	243.9	-333.6	337.6	474.6
24.600	-101.7	251.1	462.1	-98.69	472.6
24.617	-93.68	240.6	-548.3	-133.2	564.2
24.633	-120.0	246.6	-2.398E3	670.5	2.490E3
24.650	-173.6	263.0	2.131E3	534.0	2.197E3
24.667	-48.93	264.4	703.2	562.0	900.2
24.683	-150.2	281.7	-1.576E3	-418.2	1.631E3
24.700	-101.5	250.5	2.191E3	-1.772E3	2.818E3
24.717	-77.12	222.6	1.421E3	-1.751E3	2.255E3
24.733	-54.11	192.1	573.0	-676.8	886.8
24.750	-58.02	200.1	-626.4	442.5	766.9
24.767	-74.99	206.8	1.607E3	-182.1	1.617E3
24.783	-4.459	194.0	-1.521E3	655.2	1.656E3
24.800	-125.7	228.7	-2.184E3	-437.1	2.227E3
24.817	-77.25	179.4	2.512E3	-99.41	2.514E3
24.833	-41.94	225.4	-379.1	331.3	503.5
24.850	-89.89	190.5	-1.167E3	-1.067E3	1.582E3
24.867	-80.85	189.8	-150.6	1.391E3	1.399E3
24.883	-94.91	236.9	-1.601E3	1.025E3	1.901E3
24.900	-134.2	224.0	95.23	469.5	479.0
24.917	-91.74	252.5	1.365E3	1.112E3	1.761E3
24.933	-88.72	261.1	-136.3	-517.4	535.0
24.950	-96.28	235.3	-520.0	-49.63	522.3
24.967	-106.1	259.4	1.043E3	1.193E3	1.584E3
24.983	-61.51	275.0	1.915E3	-682.0	2.033E3
25.000	-42.21	236.7	1.179E3	783.6	1.415E3
25.017	-22.22	301.1	244.4	2.076E3	2.090E3
25.033	-34.06	305.9	28.31	-2.179E3	2.179E3
25.050	-21.28	228.5	304.4	-2.452E3	2.471E3
25.067	-23.91	224.1	-149.3	-1.060E3	1.070E3
25.083	-26.26	193.2	-67.05	-1.277E3	1.279E3
25.100	-26.15	181.6	-122.6	-506.1	520.7
25.117	-30.35	176.3	205.2	1.585E3	1.598E3
25.133	-19.31	234.4	62.01	1.768E3	1.769E3
25.150	-28.28	235.3	-1.820E3	-2.618E3	3.188E3
25.167	-79.97	147.1	-2.293E3	-2.497E3	3.391E3
25.183	-104.7	152.0	-722.7	799.0	1.077E3
25.200	-104.1	173.8	453.3	1.161E3	1.246E3
25.217	-89.61	190.7	-889.1	229.5	918.2
25.233	-133.7	181.4	-1.459E3	112.5	1.464E3
25.250	-138.3	194.5	-504.8	1.158E3	1.263E3
25.267	-150.5	220.0	-524.9	1.047E3	1.171E3
25.283	-155.8	229.4	325.0	510.5	605.2
25.300	-139.7	237.0	893.3	-337.5	955.0
25.317	-126.0	218.1	593.1	-506.8	780.1
25.333	-119.9	220.1	-197.2	3.004E3	3.011E3
25.350	-132.5	318.2	388.7	808.1	896.7
25.367	-107.0	247.1	871.0	-1.663E3	1.877E3
25.383	-103.5	262.8	127.8	788.8	799.1
25.400	-102.7	273.4	688.5	-1.834E3	1.959E3
25.417	-80.56	201.7	518.9	-1.655E3	1.734E3
25.433	-85.40	218.2	-1.676E3	2.231E3	2.790E3
25.450	-136.4	276.1	-53.66	-47.50	71.66
25.467	-87.19	216.6	864.9	-1.947E3	2.130E3
25.483	-107.6	211.2	-509.3	-301.2	591.7
25.500	-104.2	206.6	1.186E3	57.78	1.187E3
25.517	-68.07	213.1	-534.1	-250.5	589.9
25.533	-122.0	198.2	-1.514E3	-442.3	1.577E3
25.550	-118.5	198.3	1.042E3	-471.9	1.144E3
25.567	-87.22	182.5	1.060E3	-349.0	1.116E3
25.583	-83.19	186.7	284.1	325.1	431.8
25.600	-77.75	193.3	360.8	412.7	548.2
25.617	-71.16	200.5	-2.256E3	9.948E-2	2.256E3
25.633	-152.9	193.3	1.076E3	2.748E3	2.951E3
25.650	-35.28	292.1	1.508E3	1.447E3	2.090E3
25.667	-102.7	241.6	-397.2	-961.4	1.040E3
25.683	-48.52	260.0	2.749E3	1.806E3	3.289E3
25.700	-11.03	301.8	214.2	-409.3	462.0
25.717	-41.38	246.4	20.79	-204.2	205.2
25.733	-10.33	294.9	484.5	1.207E3	1.300E3
25.750	-25.23	286.6	-454.2	-561.9	722.5
25.767	-25.47	276.2	-542.8	-1.808E3	1.888E3
25.783	-43.32	226.3	-2.288E3	-1.659E3	2.826E3
25.800	-101.7	220.9	-1.039E3	1.254E3	1.629E3
25.817	-77.97	268.1	-641.4	-535.0	835.2
25.833	-123.1	203.1	-1.576E3	-2.431E3	2.897E3
25.850	-130.5	187.1	985.8	1.048E3	1.439E3
25.867	-90.25	238.0	120.0	-237.3	266.0
25.883	-126.5	179.2	-1.944E3	-1.505E3	2.459E3
25.900	-155.1	187.9	1.867E3	646.9	1.976E3
25.917	-64.27	200.7	2.663E3	488.4	2.707E3
25.933	-66.29	204.1	-641.6	-1.157E3	1.323E3
25.950	-85.66	162.1	-1.830E3	180.6	1.839E3
25.967	-127.3	210.2	-718.0	1.644E3	1.794E3
25.983	-109.6	217.0	2.798E3	187.2	2.804E3
26.000	-34.02	216.4	282.2	874.2	918.6
26.017	-100.2	246.1	-1.862E3	1.172E3	2.200E3
26.033	-96.09	255.5	211.2	633.6	667.9
26.050	-93.15	267.2	1.821E3	909.8	2.036E3
26.067	-35.39	285.8	647.7	1.226E3	1.386E3
26.083	-71.56	308.1	-1.027E3	636.6	1.208E3
26.100	-69.62	307.0	362.0	-2.322E3	2.350E3
26.117	-59.49	230.7	134.4	-1.734E3	1.740E3
26.133	-65.14	249.2	-663.2	365.1	757.1
26.150	-81.60	242.8	-2.525E3	-1.109E3	2.758E3
26.167	-149.3	212.2	794.6	-1.067E3	1.331E3
26.183	-55.11	207.3	1.977E3	176.0	1.985E3
26.200	-83.39	218.1	-798.8	345.6	870.3
26.217	-81.74	218.8	131.8	1.455E3	1.461E3
26.233	-79.00	266.6	687.0	-1.084E3	1.284E3
26.250	-58.84	182.6	-636.5	-1.992E3	2.091E3
26.267	-100.2	200.2	161.8	-62.62	173.5
26.283	-53.44	180.5	2.178E3	1.673E3	2.746E3
26.300	-27.61	255.9	669.6	2.315E3	2.410E3
26.317	-31.12	257.7	-1.645E3	-869.0	1.860E3
26.333	-82.44	227.0	-244.1	-1.305E3	1.327E3
26.350	-39.26	214.2	-442.6	1.046E3	1.136E3
26.367	-97.20	261.8	-178.4	88.52	199.1
26.383	-45.20	217.2	203.6	-213.3	294.9
26.400	-90.41	254.7	-1.867E3	1.351E3	2.304E3
26.417	-107.4	262.2	-1.788E3	1.539E3	2.359E3
26.433	-150.0	306.0	-679.3	-419.4	798.3
26.450	-130.1	248.2	-97.65	-1.619E3	1.622E3
26.467	-153.3	252.1	87.57	-735.9	741.1
26.483	-127.1	223.7	-124.8	-819.6	829.0
26.500	-157.4	224.7	-264.3	-889.7	928.1
26.517	-136.0	194.1	2.303E3	-212.8	2.313E3
26.533	-80.65	217.7	47.13	-398.8	401.6
26.550	-134.4	180.8	-1.846E3	-739.9	1.989E3
26.567	-142.2	193.0	1.935E3	976.0	2.167E3
26.583	-69.90	213.3	2.711E3	418.4	2.743E3
26.600	-51.83	206.9	802.0	105.7	808.9
26.617	-43.16	216.8	-933.3	-813.6	1.238E3
26.633	-82.94	179.8	337.0	626.1	711.1
26.650	-31.93	237.7	892.8	176.3	910.0
26.667	-53.18	185.7	-15.95	-1.432E3	1.432E3
26.683	-32.46	190.0	975.8	2.614E3	2.791E3
26.700	-20.65	272.8	297.0	1.633E3	1.660E3
26.717	-22.56	244.4	-731.5	-636.6	969.8
26.733	-45.04	251.6	-766.3	-226.2	799.0
26.750	-48.11	236.9	-1.779E3	-1.180E3	2.135E3
26.767	-104.3	212.3	-1.277E3	-587.6	1.406E3
26.783	-90.68	217.3	-707.0	-481.7	855.5
26.800	-127.9	196.2	32.75	-138.0	141.8
26.817	-89.59	212.7	1.309E3	764.3	1.515E3
26.833	-84.27	221.7	-302.1	487.2	573.3
26.850	-99.66	228.9	235.7	1.192E3	1.215E3
26.867	-76.42	261.4	1.011E3	295.8	1.054E3
26.883	-65.94	238.8	-1.006E3	-2.308E3	2.518E3
26.900	-109.9	184.5	-1.444E3	-467.3	1.518E3
26.917	-114.1	223.2	-62.50	1.049E3	1.051E3
26.933	-112.0	219.5	1.781E3	-339.2	1.813E3
26.950	-54.72	211.9	-28.38	-262.1	263.7
26.967	-113.0	210.7	-303.1	1.375E3	1.408E3
26.983	-64.82	257.7	2.053E3	-723.3	2.176E3
27.000	-44.54	186.6	-1.954E3	-36.29	1.954E3
27.017	-130.0	256.5	-341.0	636.1	721.7
27.033	-55.91	207.8	2.849E3	-1.027E3	3.029E3
27.050	-34.98	222.3	446.9	-376.1	584.1
27.067	-41.01	195.3	-2.483E3	602.6	2.555E3
27.083	-117.7	242.4	-1.508E3	-138.9	1.515E3
27.100	-91.29	190.7	-404.8	18.62	405.3
27.117	-131.2	243.0	489.2	800.3	937.9
27.133	-74.98	217.3	393.0	-1.196E3	1.259E3
27.150	-118.1	203.1	-1.192E3	-341.3	1.240E3
27.167	-114.7	206.0	-1.471E3	1.056E3	1.811E3
27.183	-167.2	238.3	-641.2	2.099E3	2.195E3
27.200	-136.1	275.9	695.5	-1.723E3	1.858E3
27.217	-144.0	180.9	-80.19	-2.422E3	2.423E3
27.233	-138.7	195.2	282.9	952.0	993.1
27.250	-134.5	212.6	-790.3	996.4	1.272E3
27.267	-165.1	228.4	1.783E3	-905.9	2.000E3
27.283	-75.11	182.4	4.104E3	-39.71	4.104E3
27.300	-28.31	227.1	-49.06	419.8	422.7
27.317	-76.75	196.4	587.3	235.6	632.8
27.333	-8.728	234.9	650.7	1.790E3	1.904E3
27.350	-55.06	256.1	-277.1	563.0	627.5
27.367	-17.96	253.7	-1.335E3	-1.452E3	1.973E3
27.383	-99.56	207.7	-1.725E3	-2.220E3	2.812E3
27.400	-75.47	179.7	-208.8	309.4	373.3
27.417	-106.5	218.0	-1.768E3	162.2	1.775E3
27.433	-134.4	185.1	255.3	-361.0	442.2
27.450	-98.01	206.0	1.303E3	1.696E3	2.139E3
27.467	-90.98	241.6	-66.22	1.165E3	1.167E3
27.483	-100.2	244.8	-1.268E3	-528.1	1.374E3
27.500	-133.2	224.0	-356.2	-253.0	436.9
27.517	-112.1	236.4	625.5	1.008E3	1.186E3
27.533	-112.4	257.6	391.9	540.2	667.4
27.550	-99.03	254.4	931.4	-1.176E3	1.500E3
27.567	-81.34	218.4	-1.277E3	-1.891E3	2.282E3
27.583	-141.6	191.3	-1.188E3	-688.3	1.373E3
27.600	-120.9	195.5	-230.6	21.81	231.6
27.617	-149.3	192.0	1.019E3	2.148E3	2.378E3
27.633	-86.95	267.1	2.796E3	305.5	2.813E3
27.650	-56.05	202.2	1.035E3	-1.903E3	2.167E3
27.667	-52.44	203.7	296.6	-67.47	304.1
27.683	-46.17	200.0	547.0	-554.2	778.7
27.700	-34.21	185.2	-820.4	112.1	828.0
27.717	-73.51	203.7	-2.977E3	1.768E3	3.462E3
27.733	-133.4	244.1	-590.9	9.432	590.9
27.750	-93.21	204.0	1.653E3	-1.661E3	2.343E3
27.767	-78.35	188.8	-2.292E3	948.1	2.480E3
27.783	-169.6	235.6	-1.089E3	409.1	1.163E3
27.800	-114.6	202.4	-995.3	110.4	1.001E3
27.817	-202.8	239.3	1.226E3	1.614E3	2.027E3
27.833	-73.75	256.2	2.322E3	-478.6	2.371E3
27.850	-125.4	223.4	-1.959E3	-591.7	2.046E3
27.867	-139.0	236.5	-1.755E3	819.0	1.937E3
27.883	-183.9	250.7	-1.172E3	467.6	1.262E3
27.900	-178.1	252.1	1.895E3	-354.9	1.928E3
27.917	-120.7	238.8	4.177E3	189.5	4.181E3
27.933	-38.91	258.4	580.8	-234.9	626.5
27.950	-101.4	231.0	-401.6	-1.633E3	1.682E3
27.967	-52.30	204.0	1.528E3	-898.7	1.773E3
27.983	-50.43	201.0	543.9	-326.5	634.3
28.000	-34.17	193.1	542.9	-239.3	593.3
28.017	-32.33	193.1	-593.7	54.86	596.3
28.033	-53.96	194.9	-590.1	1.880E3	1.971E3
28.050	-52.00	255.7	1.115E3	1.201E3	1.639E3
28.067	-16.80	235.0	980.1	-196.7	999.6
28.083	-19.33	249.2	-3.105E3	-976.4	3.255E3
28.100	-120.3	202.4	-2.724E3	-967.4	2.890E3
28.117	-110.1	216.9	-78.62	-763.5	767.5
28.133	-122.9	177.0	-965.6	-1.130E3	1.486E3
28.150	-142.3	179.3	-407.7	457.1	612.5
28.167	-136.5	192.2	1.467E3	1.261E3	1.935E3
28.183	-93.41	221.3	1.262E3	904.5	1.552E3
28.200	-94.46	222.4	-120.8	158.8	199.5
28.217	-97.43	226.6	-0.593	59.74	59.74
28.233	-94.47	224.3	110.9	-162.9	197.1
28.250	-93.73	221.2	642.2	-207.0	674.7
28.267	-73.07	217.4	-793.6	996.1	1.274E3
28.283	-120.2	254.4	-464.6	461.5	654.9
28.300	-88.56	232.8	2.668E3	-1.605E3	3.114E3
28.317	-31.26	200.9	-142.9	211.2	255.0
28.333	-93.32	239.9	-2.531E3	1.480E3	2.932E3
28.350	-115.6	250.2	817.8	-1.051E3	1.332E3
28.367	-66.06	204.8	1.951E3	-1.812E3	2.662E3
28.383	-50.59	189.8	-418.4	-636.6	761.7
28.400	-80.00	183.6	-1.092E3	-166.6	1.104E3
28.417	-86.98	184.3	-1.990E3	629.5	2.087E3
28.433	-146.3	204.6	1.008E3	1.482E3	1.792E3
28.450	-53.39	233.7	479.9	1.542E3	1.615E3
28.467	-130.4	256.0	-552.4	692.1	885.5
28.483	-71.80	256.8	-298.9	389.0	490.6
28.500	-140.3	269.0	-1.061E3	523.3	1.183E3
28.517	-107.2	274.2	1.364E3	-1.044E3	1.718E3
28.533	-94.86	234.2	1.232E3	37.22	1.233E3
28.550	-66.09	275.4	323.7	-299.4	440.9
28.567	-84.07	224.2	-422.5	-1.388E3	1.451E3
28.583	-80.17	229.2	236.4	96.58	255.4
28.600	-76.19	227.4	-816.2	1.977E3	2.138E3
28.617	-107.4	295.1	-1.807E3	1.129E3	2.131E3
28.633	-136.4	265.0	-1.230E3	-1.349E3	1.826E3
28.650	-148.4	250.1	899.5	-686.7	1.132E3
28.667	-106.4	242.1	2.530E3	-1.388E3	2.886E3
28.683	-64.06	203.8	2.665E3	-294.3	2.681E3
28.700	-17.61	232.3	1.132E3	739.5	1.352E3
28.717	-26.32	228.5	-1.855E3	-1.251E3	2.237E3
28.733	-79.43	190.6	-3.282E3	-1.062E3	3.450E3
28.750	-135.7	193.1	-527.0	-206.0	565.8
28.767	-97.00	183.8	960.7	-331.0	1.016E3
28.783	-103.7	182.1	-1.044E3	573.0	1.191E3
28.800	-131.8	202.9	619.4	2.155E3	2.243E3
28.817	-83.06	253.9	-929.0	488.3	1.050E3
28.833	-162.8	219.1	-523.7	-1.458E3	1.549E3
28.850	-100.5	205.3	1.399E3	-510.1	1.489E3
28.867	-116.1	202.1	657.4	-17.00	657.6
28.883	-78.61	204.7	1.064E3	578.8	1.211E3
28.900	-80.66	221.4	-333.1	1.026E3	1.079E3
28.917	-89.71	238.9	-847.0	954.6	1.276E3
28.933	-108.9	253.2	1.190E3	-814.3	1.442E3
28.950	-50.05	211.8	-496.6	954.1	1.076E3
28.967	-125.5	285.0	-3.410E3	1.962E3	3.934E3
28.983	-163.7	277.2	1.118E3	-1.500E3	1.871E3
29.000	-88.17	235.1	2.152E3	-1.239E3	2.483E3
29.017	-92.00	235.9	-794.3	-204.0	820.1
29.033	-114.6	228.3	1.416E3	-286.1	1.445E3
29.050	-44.79	226.4	73.11	-1.232E3	1.234E3
29.067	-112.2	187.2	-2.888E3	-609.2	2.951E3
29.083	-141.0	206.1	-1.627E3	566.6	1.723E3
29.100	-166.4	206.1	2.257E3	1.177E3	2.545E3
29.117	-65.83	245.3	3.040E3	1.220E3	3.276E3
29.133	-65.11	246.7	-1.553E3	274.8	1.577E3
29.150	-117.6	254.5	-2.441E3	-1.600E3	2.918E3
29.167	-146.5	193.4	497.4	320.3	591.6
29.183	-101.0	265.1	1.818E3	231.3	1.832E3
29.200	-85.88	201.1	455.9	-1.904E3	1.957E3
29.217	-85.82	201.7	652.8	418.7	775.5
29.233	-64.12	215.1	2.120E3	1.474E3	2.582E3
29.250	-15.16	250.8	1.598E3	1.350E3	2.092E3
29.267	-10.84	260.1	-3.070E3	399.1	3.096E3
29.283	-117.5	264.1	-3.263E3	202.9	3.269E3
29.300	-119.6	266.9	1.253E3	-1.256E3	1.774E3
29.317	-75.71	222.3	933.9	-1.625E3	1.875E3
29.333	-88.47	212.7	301.0	23.83	301.9
29.350	-65.68	223.1	-285.4	-226.0	364.1
29.367	-97.98	205.1	-1.754E3	53.28	1.755E3
29.383	-124.2	224.8	-1.403E3	246.4	1.424E3
29.400	-144.7	213.4	-562.5	-356.3	665.9
29.417	-142.9	213.0	2.084E3	962.9	2.296E3
29.433	-75.28	245.4	2.367E3	395.1	2.399E3
29.450	-64.02	226.1	-2.372E3	-1.366E3	2.737E3
29.467	-154.3	199.9	-2.350E3	-601.1	2.426E3
29.483	-142.4	206.1	689.1	37.30	690.1
29.500	-131.4	201.2	708.2	-603.0	930.2
29.517	-118.7	186.0	473.3	-137.7	493.0
29.533	-115.6	196.6	2.030E3	166.7	2.036E3
29.550	-51.09	191.6	390.6	848.5	934.1
29.567	-102.6	224.8	-2.339E3	2.240E3	3.238E3
29.583	-129.1	266.2	246.0	318.2	402.2
29.600	-94.36	235.5	1.046E3	-736.0	1.279E3
29.617	-94.19	241.7	-1.599E3	1.523E3	2.209E3
29.633	-147.7	286.2	-131.4	-592.6	607.0
29.650	-98.57	221.9	1.211E3	-1.183E3	1.693E3
29.667	-107.3	246.8	-329.5	642.2	721.8
29.683	-109.6	243.3	513.1	3.272	513.1
29.700	-90.19	246.9	198.0	-23.26	199.4
29.717	-103.0	242.6	-72.35	-316.1	324.3
29.733	-92.61	236.4	390.8	-236.8	457.0
29.750	-89.93	234.7	-411.4	-1.383E3	1.443E3
29.767	-106.3	190.3	-83.63	-309.9	321.0
29.783	-92.72	224.3	-289.8	676.3	735.7
29.800	-116.0	212.8	-43.68	-1.331E3	1.331E3
29.817	-94.17	180.0	1.084E3	-874.7	1.393E3
29.833	-79.83	183.6	-862.8	580.7	1.040E3
29.850	-122.9	199.3	1.781E3	1.756E3	2.501E3
29.867	-20.48	242.2	3.309E3	702.5	3.382E3
29.883	-12.65	222.8	-930.3	-1.231E3	1.543E3
29.900	-51.48	201.2	-3.534E3	957.8	3.662E3
29.917	-130.5	254.7	-1.498E3	1.446E3	2.082E3
29.933	-101.4	249.3	2.338E3	-1.140E3	2.601E3
29.950	-52.51	216.7	1.090E3	-879.4	1.401E3
29.967	-65.08	220.0	-712.3	-98.94	719.1
29.983	-76.25	213.4	-632.1	-141.4	647.7
30.000	-86.15	215.3	110.7	337.5	355.2
30.017	-72.56	224.6	-2.148E3	772.2	2.282E3
30.033	-157.7	241.1	-601.5	-118.1	613.0
30.050	-92.61	220.7	1.185E3	-1.039E3	1.576E3
30.067	-118.2	206.4	616.2	728.4	954.1
30.083	-72.07	245.0	1.534E3	833.8	1.746E3
30.100	-67.10	234.2	-1.879E3	-1.018E3	2.137E3
30.117	-134.7	211.1	-1.843E3	-838.2	2.025E3
30.133	-128.5	206.3	202.5	-1.364E3	1.379E3
30.150	-128.0	165.6	818.7	-785.5	1.135E3
30.167	-101.2	180.1	-1.291E3	1.852E3	2.258E3
30.183	-171.0	227.3	573.6	444.7	725.8
30.200	-82.13	194.9	3.022E3	-1.127E3	3.225E3
30.217	-70.30	189.8	1.994E3	467.3	2.048E3
30.233	-15.64	210.5	1.715E3	1.269E3	2.134E3
30.250	-13.13	232.1	-1.931E3	-302.0	1.955E3
30.267	-80.01	200.4	-152.4	483.5	506.9
30.283	-18.20	248.2	-7.805	769.3	769.3
30.300	-80.27	226.1	-2.379E3	-237.1	2.391E3
30.317	-97.51	240.3	521.3	2.013E3	2.080E3
30.333	-62.90	293.2	-1.564E3	-1.051E3	1.884E3
30.350	-149.6	205.3	-1.646E3	-1.203E3	2.039E3
30.367	-117.8	253.1	322.7	-91.49	335.4
30.383	-138.9	202.2	-491.6	-1.395E3	1.479E3
30.400	-134.2	206.6	-4.734	152.0	152.1
30.417	-139.0	207.3	-294.5	-207.2	360.1
30.433	-144.0	199.7	168.5	393.4	428.0
30.450	-133.4	220.4	1.072E3	709.8	1.286E3
30.467	-108.2	223.3	2.520E3	-391.8	2.550E3
30.483	-49.42	207.3	2.485E3	942.8	2.658E3
30.500	-25.41	254.7	958.5	1.391E3	1.689E3
30.517	-17.47	253.7	626.6	-774.6	996.3
30.533	-4.523	228.9	388.8	-770.1	862.7
30.550	-4.506	228.0	-1.531E3	-1.175E3	1.930E3
30.567	-55.56	189.8	-229.3	-233.5	327.3
30.583	-12.15	220.3	22.21	408.0	408.6
30.600	-54.82	203.4	-2.831E3	-896.5	2.970E3
30.617	-106.5	190.4	-1.328E3	195.7	1.343E3
30.633	-99.09	209.9	223.4	550.6	594.2
30.650	-99.08	208.7	375.9	-41.39	378.2
30.667	-86.56	208.5	12.54	-7.139	14.43
30.683	-98.66	208.5	-542.7	-140.4	560.5
30.700	-104.7	203.8	-987.5	33.87	988.1
30.717	-131.6	209.6	-798.9	190.1	821.2
30.733	-131.3	210.2	-1.017E3	868.0	1.337E3
30.750	-165.5	238.5	395.2	152.6	423.7
30.767	-118.1	215.2	1.330E3	-756.6	1.530E3
30.783	-121.1	213.3	1.111E3	-763.1	1.348E3
30.800	-81.08	189.8	637.1	-496.1	807.5
30.817	-99.91	196.8	-74.07	204.3	217.3
30.833	-83.55	196.6	402.6	-194.5	447.1
30.850	-86.49	190.3	-1.544E3	1.487E3	2.144E3
30.867	-135.0	246.2	1.168E3	280.9	1.202E3
30.883	-47.54	199.7	2.541E3	-1.485E3	2.943E3
30.900	-50.32	196.7	958.8	1.332E3	1.641E3
30.917	-15.58	244.1	-766.8	1.997E3	2.139E3
30.933	-75.88	263.3	-1.867E3	-1.494E3	2.391E3
30.950	-77.81	194.3	-361.9	-1.651E3	1.691E3
30.967	-87.94	208.2	-107.3	577.0	586.9
30.983	-81.39	213.5	539.8	2.505E3	2.563E3
31.000	-69.95	291.7	-1.653E3	-474.9	1.720E3
31.017	-136.5	197.7	-494.2	-1.365E3	1.452E3
31.033	-86.42	246.2	493.6	377.5	621.4
31.050	-120.0	210.3	-1.894E3	-586.0	1.983E3
31.067	-149.6	226.7	278.8	821.8	867.8
31.083	-110.7	237.7	1.238E3	556.9	1.358E3
31.100	-108.3	245.2	-1.128E3	-1.191E3	1.640E3
31.117	-148.3	198.0	-167.1	-225.9	281.0
31.133	-113.9	237.7	1.185E3	1.082E3	1.605E3
31.150	-108.8	234.0	0.129	-310.4	310.4
31.167	-113.9	227.4	2.834E3	567.0	2.891E3
31.183	-14.36	252.9	44.78	128.5	136.1
31.200	-112.4	231.6	-1.557E3	-1.695E3	2.302E3
31.217	-66.27	196.4	1.857E3	-1.072E3	2.144E3
31.233	-50.48	195.9	-1.577E3	748.6	1.745E3
31.250	-118.8	221.4	-359.7	-540.8	649.5
31.267	-62.47	177.9	158.2	-983.6	996.3
31.283	-113.5	188.6	187.0	1.243E3	1.257E3
31.300	-56.24	219.3	-606.2	-432.8	744.9
31.317	-133.7	174.2	-2.126E3	-910.0	2.313E3
31.333	-127.1	189.0	408.1	596.5	722.8
31.350	-120.1	194.1	507.2	419.6	658.3
31.367	-110.2	203.0	165.2	502.8	529.2
31.383	-114.6	210.8	586.0	69.95	590.2
31.400	-90.66	205.3	151.4	236.1	280.4
31.417	-109.6	218.7	-517.8	375.2	639.5
31.433	-107.9	217.8	148.2	284.6	320.9
31.450	-104.6	228.2	-490.8	1.112E3	1.215E3
31.467	-124.3	254.9	390.3	300.1	492.3
31.483	-91.64	238.2	1.257E3	-712.8	1.445E3
31.500	-82.40	231.1	1.367E3	-907.4	1.640E3
31.517	-46.08	207.9	1.987E3	-242.5	2.002E3
31.533	-16.16	223.0	-356.5	-338.2	491.4
31.550	-57.97	196.7	-2.227E3	-1.397E3	2.629E3
31.567	-90.40	176.5	-863.0	1.847E3	2.039E3
31.583	-86.73	258.2	-769.8	2.581E3	2.693E3
31.600	-116.1	262.5	-1.734E3	-2.407E3	2.966E3
31.617	-144.5	178.0	-757.9	-2.533E3	2.644E3
31.633	-141.3	178.1	574.0	239.5	622.0
31.650	-125.4	186.0	140.0	806.7	818.7
31.667	-136.7	205.0	-235.6	758.4	794.2
31.683	-133.3	211.3	1.116E3	-377.9	1.179E3
31.700	-99.45	192.4	1.012E3	-294.8	1.054E3
31.717	-99.52	201.5	-983.4	1.168E3	1.527E3
31.733	-132.2	231.3	-900.8	1.089E3	1.413E3
31.750	-129.5	237.7	970.4	10.89	970.4
31.767	-99.88	231.7	1.820E3	-202.8	1.831E3
31.783	-68.88	231.0	539.3	-251.6	595.1
31.800	-81.91	223.3	-664.7	337.9	745.6
31.817	-91.03	242.2	-539.6	837.2	996.0
31.833	-99.89	251.2	1.333E3	-1.082E3	1.717E3
31.850	-46.60	206.2	-142.8	-305.2	336.9
31.867	-104.7	241.0	-1.990E3	921.2	2.193E3
31.883	-112.9	236.9	-81.63	-704.8	709.5
31.900	-107.4	217.5	-640.2	-448.9	781.9
31.917	-134.3	221.9	-638.4	-1.451E3	1.585E3
31.933	-128.7	169.2	2.370E3	-413.4	2.406E3
31.950	-55.27	208.1	1.272E3	473.8	1.357E3
31.967	-86.26	185.0	-354.3	755.0	834.0
31.983	-67.08	233.3	799.1	1.332E3	1.553E3
32.000	-59.63	229.3	288.8	-152.0	326.4
32.017	-57.46	228.2	-1.345E3	-972.4	1.659E3
32.033	-104.4	196.9	-3.317E3	92.75	3.318E3
32.050	-168.0	231.3	1.537E3	1.557E3	2.188E3
32.067	-53.22	248.8	-566.8	267.4	626.7
32.083	-186.9	240.2	667.0	204.7	697.7
32.100	-30.98	255.7	3.594E3	-608.0	3.645E3
32.117	-67.12	220.0	-1.687E3	-417.1	1.738E3
32.133	-87.21	241.8	1.835E3	1.132E3	2.156E3
32.150	-5.949	257.7	888.3	-676.1	1.116E3
32.167	-57.60	219.2	-1.677E3	-1.171E3	2.046E3
32.183	-61.86	218.7	1.115E3	1.047E3	1.530E3
32.200	-20.43	254.1	-754.3	-5.292	754.3
32.217	-87.01	218.5	-3.081E3	-1.048E3	3.255E3
32.233	-123.1	219.2	-1.115E3	1.750E3	2.075E3
32.250	-124.2	276.8	982.1	1.509E3	1.800E3
32.267	-90.41	269.5	-341.5	-2.190E3	2.217E3
32.283	-135.6	203.8	-853.9	-1.720E3	1.920E3
32.300	-118.9	212.2	373.2	230.6	438.7
32.317	-123.1	211.5	1.721E3	1.272E3	2.140E3
32.333	-61.51	254.6	-487.6	-39.07	489.2
32.350	-139.4	210.2	-858.7	-1.706E3	1.910E3
32.367	-90.13	197.7	1.718E3	-473.2	1.782E3
32.383	-82.09	194.4	151.7	254.2	296.0
32.400	-85.08	206.2	-2.364E3	2.065E3	3.139E3
32.417	-160.9	263.3	-386.9	888.0	968.6
32.433	-97.98	235.8	263.3	621.8	675.2
32.450	-152.1	284.0	114.9	58.80	129.0
32.467	-94.15	237.8	1.409E3	-1.173E3	1.834E3
32.483	-105.1	244.9	-356.6	216.1	417.0
32.500	-106.0	245.0	-1.423E3	1.202E3	1.863E3
32.517	-152.6	285.0	-259.8	-294.8	392.9
32.533	-114.7	235.1	3.063E3	-1.659E3	3.483E3
32.550	-50.47	229.7	205.9	-764.1	791.4
32.567	-107.8	209.7	-844.9	-920.7	1.250E3
32.583	-78.64	199.0	566.8	-295.0	639.0
32.600	-88.94	199.8	-2.785E3	567.3	2.842E3
32.617	-171.5	217.9	-1.735E3	285.2	1.758E3
32.633	-146.8	209.3	2.133E3	-871.9	2.304E3
32.650	-100.4	188.8	159.2	-186.0	244.8
32.667	-141.5	203.1	-148.1	-377.4	405.4
32.683	-105.3	176.3	518.0	159.8	542.1
32.700	-124.2	208.5	1.205E3	547.1	1.324E3
32.717	-65.13	194.5	1.406E3	-219.2	1.423E3
32.733	-77.32	201.1	-317.3	289.5	429.5
32.750	-75.71	204.1	549.8	210.3	588.7
32.767	-58.99	208.2	-869.5	2.368E3	2.522E3
32.783	-104.7	283.1	-1.330E3	2.326E3	2.680E3
32.800	-103.3	285.7	2.676E3	-846.9	2.807E3
32.817	-15.50	254.8	1.403E3	-1.963E3	2.413E3
32.833	-56.55	220.3	-1.646E3	-870.0	1.861E3
32.850	-70.35	225.8	-1.286E3	316.1	1.325E3
32.867	-99.43	230.8	-2.103E3	268.4	2.120E3
32.883	-140.5	234.8	-984.4	37.44	985.1
32.900	-132.2	232.1	674.0	1.340E3	1.500E3
32.917	-118.0	279.4	2.103E3	994.3	2.327E3
32.933	-62.13	265.2	1.441E3	-518.7	1.532E3
32.950	-69.95	262.2	-1.803E3	-137.6	1.808E3
32.967	-122.2	260.6	-1.455E3	-175.8	1.465E3
32.983	-118.4	256.3	636.0	-2.007E3	2.105E3
33.000	-101.0	193.7	1.536E3	-2.119E3	2.617E3
33.017	-67.25	185.6	1.971E3	700.6	2.092E3
33.033	-35.33	217.1	990.2	964.6	1.382E3
33.050	-34.24	217.8	-1.287E3	-283.6	1.318E3
33.067	-78.23	207.6	-520.2	-665.5	844.7
33.083	-51.58	195.6	1.003E3	-370.0	1.069E3
33.100	-44.81	195.3	186.0	130.1	227.0
33.117	-45.38	199.9	-1.954E3	1.624E3	2.541E3
33.133	-109.9	249.4	-1.064E3	913.5	1.402E3
33.150	-80.83	230.4	919.4	-1.159E3	1.479E3
33.167	-79.28	210.8	-206.2	-469.3	512.6
33.183	-87.71	214.8	-724.8	271.5	774.0
33.200	-103.4	219.8	-474.0	147.1	496.3
33.217	-103.5	219.7	-1.525E3	311.3	1.556E3
33.233	-154.3	230.2	-45.60	29.33	54.22
33.250	-105.0	220.6	369.9	-134.5	393.6
33.267	-141.9	225.7	-852.9	-89.33	857.5
33.283	-133.5	217.7	44.13	-402.7	405.1
33.300	-140.5	212.3	1.307E3	-761.0	1.513E3
33.317	-89.88	192.3	424.1	-189.5	464.6
33.333	-126.3	206.0	236.1	1.951E3	1.966E3
33.350	-82.01	257.3	2.583E3	1.510E3	2.992E3
33.367	-40.23	256.3	-7.515	64.54	64.98
33.383	-82.26	259.5	-539.5	-1.859E3	1.936E3
33.400	-58.21	194.4	667.3	-1.637E3	1.768E3
33.417	-60.02	204.9	1.278E3	1.435E3	1.922E3
33.433	-15.60	242.2	1.476E3	1.362E3	2.008E3
33.450	-10.83	250.3	-1.876E3	-1.085E3	2.167E3
33.467	-78.13	206.1	-1.361E3	-1.188E3	1.807E3
33.483	-56.18	210.7	-428.3	446.5	618.8
33.500	-92.41	220.9	-1.305E3	395.5	1.364E3
33.517	-99.68	223.9	-847.4	473.0	970.5
33.533	-120.7	236.7	953.0	1.501E3	1.778E3
33.550	-67.91	273.9	236.6	-834.2	867.1
33.567	-112.8	208.9	-699.8	-1.931E3	2.054E3
33.583	-91.24	209.5	-415.6	578.7	712.5
33.600	-126.6	228.2	788.9	1.604E3	1.788E3
33.617	-64.94	263.0	825.9	-794.0	1.146E3
33.633	-99.09	201.7	-1.398E3	-1.552E3	2.088E3
33.650	-111.5	211.3	-1.857E3	1.144E3	2.182E3
33.667	-161.0	239.9	1.160E3	-328.3	1.206E3
33.683	-72.85	200.4	462.2	103.9	473.7
33.700	-145.6	243.3	-1.998E3	1.368E3	2.421E3
33.717	-139.5	246.0	1.801E3	-1.526E3	2.360E3
33.733	-85.58	192.5	1.704E3	-1.646E3	2.369E3
33.750	-82.65	191.1	2.005E3	927.0	2.209E3
33.767	-18.73	223.4	-127.6	15.55	128.5
33.783	-86.90	191.6	-1.497E3	-322.6	1.532E3
33.800	-68.65	212.6	306.2	619.2	690.7
33.817	-76.69	212.2	-367.9	245.8	442.5
33.833	-80.91	220.8	-306.7	944.5	993.0
33.850	-86.92	243.7	-1.064E3	512.7	1.181E3
33.867	-116.4	237.9	-2.015E3	-682.4	2.128E3
33.883	-154.1	221.0	-753.1	-261.9	797.3
33.900	-141.5	229.2	374.2	237.5	443.2
33.917	-141.6	228.9	-406.0	-891.6	979.7
33.933	-155.0	199.5	1.441E3	314.5	1.475E3
33.950	-93.58	239.4	432.7	49.65	435.6
33.967	-140.6	201.1	-591.6	1.479E3	1.593E3
33.983	-113.3	288.7	951.4	763.1	1.220E3
34.000	-108.9	226.6	-95.45	-2.006E3	2.008E3
34.017	-116.5	221.8	3.130E3	722.3	3.212E3
34.033	-4.523	250.6	2.825E3	914.7	2.970E3
34.050	-22.30	252.3	-145.6	-708.3	723.1
34.067	-9.376	227.0	103.2	-678.2	686.0
34.083	-18.86	229.7	-2.216E3	-1.116E3	2.481E3
34.100	-83.25	189.8	-1.369E3	-1.308E3	1.893E3
34.117	-64.48	186.1	56.78	272.0	277.8
34.133	-81.35	198.9	635.9	1.420E3	1.556E3
34.150	-43.29	233.4	-801.0	-28.86	801.5
34.167	-108.1	197.9	-1.893E3	-820.4	2.063E3
34.183	-106.4	206.1	-255.1	257.7	362.6
34.200	-116.6	206.5	-107.6	283.0	302.8
34.217	-110.0	215.5	1.586E3	1.513E3	2.192E3
34.233	-63.70	257.0	509.7	-142.2	529.2
34.250	-92.97	210.8	-951.5	-1.346E3	1.648E3
34.267	-95.41	212.1	-664.7	209.7	697.0
34.283	-115.1	217.8	-618.5	-202.1	650.7
34.300	-116.0	205.4	-1.813E3	1.044E3	2.092E3
34.317	-175.6	252.6	595.1	287.8	661.1
34.333	-96.19	215.0	1.152E3	-69.39	1.154E3
34.350	-137.2	250.3	630.6	-298.3	697.7
34.367	-75.17	205.0	2.170E3	-1.743E3	2.784E3
34.383	-64.82	192.2	529.0	-457.6	699.5
34.400	-57.54	189.8	7.045	394.0	394.1
34.417	-64.59	205.3	-794.6	172.6	813.1
34.433	-84.02	195.5	-1.662E3	178.7	1.672E3
34.450	-120.0	211.2	123.4	2.171E3	2.174E3
34.467	-79.91	267.9	-607.7	-87.23	613.9
34.483	-140.3	208.3	-576.2	-2.102E3	2.180E3
34.500	-99.11	197.8	1.502E3	859.6	1.731E3
34.517	-90.17	237.0	-1.360E3	-156.0	1.369E3
34.533	-144.5	192.6	-2.491E3	-1.393E3	2.854E3
34.550	-173.2	190.5	2.580E3	2.003E3	3.267E3
34.567	-58.44	259.4	2.885E3	1.792E3	3.396E3
34.583	-77.03	250.3	-2.801E3	-833.3	2.923E3
34.600	-151.8	231.6	-1.084E3	-291.3	1.123E3
34.617	-113.2	240.6	1.396E3	194.8	1.409E3
34.633	-105.3	238.1	-265.0	-126.6	293.7
34.650	-122.0	236.4	-362.4	142.6	389.4
34.667	-117.4	242.8	1.041E3	-912.4	1.384E3
34.683	-87.32	205.9	640.9	-602.3	879.5
34.700	-96.01	222.8	1.857E3	300.2	1.881E3
34.717	-25.44	215.9	581.9	-925.4	1.093E3
34.733	-76.61	191.9	-2.691E3	-26.68	2.691E3
34.750	-115.1	215.1	-58.73	-316.7	322.1
34.767	-78.57	181.4	859.9	-960.0	1.289E3
34.783	-86.46	183.1	-313.7	27.22	314.9
34.800	-89.03	182.3	-24.81	-21.40	32.77
34.817	-87.29	182.3	858.0	1.636E3	1.847E3
34.833	-60.43	236.8	-1.058E3	207.8	1.078E3
34.850	-122.5	189.3	-1.189E3	-1.218E3	1.702E3
34.867	-100.1	196.2	-572.6	1.144E3	1.280E3
34.883	-141.6	227.4	96.01	351.5	364.4
34.900	-96.86	207.9	-234.0	643.9	685.1
34.917	-149.4	248.9	-299.9	732.1	791.2
34.933	-106.9	232.3	944.5	-59.48	946.3
34.950	-118.0	246.9	160.8	71.64	176.1
34.967	-101.5	234.7	2.722E3	-78.13	2.723E3
34.983	-27.21	244.3	2.339E3	321.2	2.361E3
35.000	-23.52	245.4	450.6	239.4	510.2
35.017	-12.19	252.3	-1.684E3	-1.202E3	2.069E3
35.033	-79.66	205.4	-1.744E3	412.2	1.792E3
35.050	-70.34	266.0	-183.8	2.139E3	2.146E3
35.067	-85.79	276.6	359.7	86.19	369.9
35.083	-58.35	268.9	498.6	-2.797E3	2.842E3
35.100	-69.17	183.4	-2.180E3	-1.767E3	2.806E3
35.117	-131.0	210.0	527.7	2.087E3	2.152E3
35.133	-51.58	253.0	206.7	-1.279E3	1.295E3
35.150	-124.1	167.4	-1.573E3	-1.812E3	2.399E3
35.167	-104.0	192.6	607.7	834.1	1.032E3
35.183	-103.9	195.2	-1.030E3	756.1	1.278E3
35.200	-138.3	217.8	-1.030E3	762.2	1.281E3
35.217	-138.2	220.6	1.711E3	1.573E3	2.324E3
35.233	-81.30	270.2	1.670E3	1.457E3	2.216E3
35.250	-82.53	269.1	-1.110E3	-872.7	1.412E3
35.267	-118.3	241.1	160.3	-1.440E3	1.449E3
35.283	-77.19	221.2	2.763E3	4.079	2.763E3
35.300	-26.21	241.2	-188.9	195.1	271.5
35.317	-83.48	227.7	-1.482E3	-676.4	1.629E3
35.333	-75.62	218.7	-1.523E3	1.056E3	1.853E3
35.350	-134.2	262.9	-1.660E3	617.9	1.771E3
35.367	-131.0	239.3	-58.61	-640.9	643.5
35.383	-136.2	241.5	1.052E3	-1.053E3	1.489E3
35.400	-95.89	204.2	53.03	-1.507E3	1.508E3
35.417	-134.4	191.3	-756.3	-515.5	915.3
35.433	-121.1	187.0	1.468E3	-328.4	1.504E3
35.450	-85.48	180.3	2.085E3	1.500E3	2.568E3
35.467	-51.61	237.0	-1.006E3	2.211E3	2.429E3
35.483	-119.0	254.0	-2.068E3	578.3	2.147E3
35.500	-120.5	256.3	-1.601E3	-1.916E3	2.497E3
35.517	-172.4	190.2	-1.014E3	-2.088E3	2.321E3
35.533	-154.3	186.7	971.8	13.95	971.9
35.550	-140.0	190.6	2.035E3	2.415E3	3.158E3
35.567	-86.52	267.2	-64.28	279.6	286.9
35.583	-142.1	199.9	267.9	-1.805E3	1.825E3
35.600	-77.59	207.0	2.787E3	696.3	2.872E3
35.617	-49.24	223.1	757.7	2.296E3	2.418E3
35.633	-52.34	283.5	-1.332E3	-975.9	1.651E3
35.650	-93.62	190.6			
