0.12 0.12
0220202002002000022202200220220000020222222222220210200000000000202222200200220020002222022022020200
2022002000200020200000022222000002020222222222222200000000000000202022222000002222220202220222022002
2200220002202022022022220020200002222202222222200220220000000020000022220202200002002002020022200220
0022222222000220000220200200002222022222200200200002220220220000002000022220220200222200222000000002
2200002000020200000000200220020022222220202000002022022222020200000002202200220222222220202222022220
2002220000002200200002202202000202220220000000020022202222222200200020222020020022220220022222200022
0022002202020020000002002002202222220000000000022002002222222222200000020022022022222202202020022002
0220222022002200222022200022022202020000000000020002202222222222202020002002220002000220022002000200
2202222002000222220022022200200020000000000002200022220022222222222202220220002002200000222022000020
2002200222002222002222002202222000000000020222222200000000202222222222000020022000022000022000220022
0000200020022202022202202022022000000200022202220022200020002220222222002002020020002020002202220222
2002000222002200202002020000220200000200202202200002220020020220222220200222202022020220022000222022
0222022220020220220002000002200000000220202222222200000000020200222222220022222022200200202200002000
0202200220020020200022002220220002000222222222202220020000000000222022200200022002220202202200220020
0202020000202222000022202022000000020002222222000012222000000022202222222002020002222000020222202020
2022220200022222000222220000202000202022222222222022000000000002020222020222200000222000002220200002
0002200200202200222022200222220200200022222200002200022220000002220220200000220002000220020220220022
0002002000222002200220220000000000000222020020202200020202202000222222222222200200220022000222022022
0020200000020002200022002002022202222222220222222220000000200000000020002022022002220022202222220202
2202000202022020220000020000202222002022200000000022222222220002022000020222202222200202002020222020
2222000222222200002002000022022200022202000000000022222222222020002220002002222022022220000000222000
0020022002222000200202220000002220202020000020220002200202222202020200022222200020220222000022002202
0020002020202220222022220000020000200000000000220002200222222222220222202222200002000200020202022202
0222022222200022022202220002000000022000000000022200002222222222002222222022200020002002220000002000
2202002222002200222222200002200202200000000000002002022222222222220020220022220000000220022000022020
0220020000000202220020202002002002020000000000000220222222222222202022022022020202200020222222202200
2200020222002220020022000022000022200000002002000022222022022222220002222002222002202200022000202220
2000222202202020222022002002220222000000022200200200220220002222222000200022022002000202020020000222
2220000002200020000002022020222000000000000202000200222020222222222222000202002022222202220022222200
2222222200220002222002222002200022000000002202000002222020022222222002220022000022000022200220000000
0202020020000022200020022022200220220000022222220200200000002222200200220002002202220002222202202020
0000222200000000022020200200002200200002020022200022220002202022220220022220220202002222222220000222
0202002202002000222020022222200000200000002022220002200002022222220222220000002202000222022020022020
2220022002202000000222000222002200200000002022022002002002022222220220022000222000222222020022002200
2000022200002002202000000022000022000000000202202002020020222222222002222002222222020022022220002222
0200000002220202220222000002002202000000000220020002202200222222222020022022222000200020200022222220
0202000002020220222002222002002202000000000020022002002202222222222020022022000022000200202022222020
2220222002002220000020220002022022000000000022220002200002222222222002002022200202222200022022000200
2222000222002200022200200202222000000000000002222002000022222222222222000020220220002220022000222000
2222002200000002022220002002022000000000000002222002000022222222222222002022022200002022222220022000
0220022200220000022220022022002000000000000000200002220222222222222222022002002200002222200220002200
2020022222222020000222200200220000000000000000000002222222222222222222200220220000222202000000002202
2200020022222022000222220002200000000000000000000002222222222222222222220022200000222002000002202220
2220000222220020000020220000220000000000000000000002222222222222222222200222200202222202200000222200
2200020002200220000000020022220000000000000000000002222222222222222222200002202222222200220022202220
2220000020200222220002000022020000000000000000000002222222222222222222202002222022200000220202222200
0220000202200200222002220022020000000000000000000002222222222222222222202002200022000220220020222200
2000000222200002222020220222000000000000000000000002222222222222222222222000200202000022220000222222
2222200202220000200022002022000000000000000000000002222222222222222222222002022002220222200020220000
2222200022220000220222022002000000000000000000000002222222222222222222222022002000200222200002220000
2222200002222000222002202102000000000000000000000012222222222222222222222021020022000222000022220000
2222200022220000220222022002000000000000000000000002222222222222222222222022002000200222200002220000
2222200202220000200022002022000000000000000000000002222222222222222222222002022002220222200020220000
2000000222200002222020220222000000000000000000000002222222222222222222222000200202000022220000222222
0220000202200200222002220022020000000000000000000002222222222222222222202002200022000220220020222200
2220000020200222220002000022020000000000000000000002222222222222222222202002222022200000220202222200
2200020002200220000000020022220000000000000000000002222222222222222222200002202222222200220022202220
2220000222220020000020220000220000000000000000000002222222222222222222200222200202222202200000222200
2200020022222022000222220002200000000000000000000002222222222222222222220022200000222002000002202220
2020022222222020000222200200220000000000000000000002222222222222222222200220220000222202000000002202
0220022200220000022220022022002000000000000000200002220222222222222222022002002200002222200220002200
2222002200000002022220002002022000000000000002222002000022222222222222002022022200002022222220022000
2222000222002200022200200202222000000000000002222002000022222222222222000020220220002220022000222000
2220222002002220000020220002022022000000000022220002200002222222222002002022200202222200022022000200
0202000002020220222002222002002202000000000020022002002202222222222020022022000022000200202022222020
0200000002220202220222000002002202000000000220020002202200222222222020022022222000200020200022222220
2000022200002002202000000022000022000000000202202002020020222222222002222002222222020022022220002222
2220022002202000000222000222002200200000002022022022002002022222220220022000222000222222020022002200
0202002202002000222020022222200000200000002022220022200002022222220222220000002202000222022020022020
0000222200000000022020200200002200200002020022200002220002202022220220022220220202002222222220000222
0202020020000022200020022022200220220000022222220220200000002222200200220002002202220002222202202020
2222222200220002222002222002200022000000002202000002222020022222222002220022000022000022200220000000
2220000002200020000002022020222000000000000202000200222020222222222222000202002022222202220022222200
2000222202202020222022002002220222000000022200200220220220002222222000200022022002000202020020000222
2200020222002220020022000022000022200000002002000002222022022222220002222002222002202200022000202220
0220020000000202220020202002002002020000000000000220222222222222202022022022020202200020222222202200
2202002222002200222222200002200202200000000000002002022222222222220020220022220000000220022000022020
0222022222200022022202220002000000022000000000022200002222222222002222222022200020002002220000002000
0020002020202220222022220000020000200000000000220002200222222222220222202222200002000200020202022202
0020022002222000200202220000002220202020000020220002200202222202020200022222200020220222000022002202
2222000222222200002002000022022200022202000000000022222222222020002220002002222022022220000000222000
2202000202022020220000020000202222002022200000000022222222220002022000020222202222200202002020222020
0020200000020002200022002002022202222222220222222220000000200000000020002022022002220022202222220202
0002002000222002200220220000000000000222020020202200020202202000222222222222200200220022000222022022
0002200200202200222022200222220200200022222200002200022220000002220220200000220002000220020220220022
2022220200022222000222220000202000202022222222222022000000000002020222020222200000222000002220200002
0202020000202222000022202022000000020002222222000022222000000022202222222002020002222000020222202020
0202200220020020200022002220220002000222222222202220020000000000222022200200022002220202202200220020
0222022220020220220002000002200000000220202222222200000000020200222222220022222022200200202200002000
2002000222002200202002020000220200000200202202200002220020020220222220200222202022020220022000222022
0000200020022202022202202022022000000200022202220022200020002220222222002002020020002020002202220222
2002200222002222002222002202222000000000020222222200000000202222222222000020022000022000022000220022
2202222002000222220022022200200020000000000002200002220022222222222202220220002002200000222022000020
0220222022002200222022200022022202020000000000020012202222222222202020002002220002000220022002000200
0022002202020020000002002002202222220000000000022002002222222222200000020022022022222202202020022002
2002220000002200200002202202000202220220000000020022202222222200200020222020020022220220022222200022
2200002000020200000000200220020022222220202000002022022222020200000002202200220222222220202222022220
0022222222000220000220200200002222022222200200200002220220220000002000022220220200222200222000000002
2200220002202022022022220020200002222202222222200220220000000020000022220202200002002002020022200220
2022002000200020200000022222000002020222222222222220000000000000202022222000002222220202220222022002
