0.12 0.12
2022202002002000022220020020220020000200202002020012202022020220222202200202202200002222022022020002
2220200220022220222220222202022202000002202222020012202000020022222020002020000200000200002200220200
0022020220202202202200000220202020222022022000002210022222002002000202020200222220020020020200202002
2002020202200022020002220202002020000002022200222210000220002022222202022020200022202002220020202022
0220220002202220200022020000220222202202000202220210200020222020020000200222202002220200020022200200
0202020022202000000220222020200202000002000020000210222202222022222020220202000200222222020002202020
0202200202020220200000200222002002202222000222200210220000222000020022022000220222220200202020220020
2000000200222000000202022220202202202000202200220012200220020222020020020200002020222222000220222222
0200000220222202200202022002020222200200022020020002202202002220220000202022002020220020000200222220
0002020220002220200000002222200222022202222200222002000220000020002000220000022222220200022200202022
2022002002000200002000222020020222200000022022020012202002002222220000202202000222022220222022022002
2020220220202202020022022200022202220002000222202022020000222022200020002220002002202020020200200202
2022000222022220020202222022200000220200000002200012220022222220200222220002000020202200002000222002
0002200020000000002222020022022000000000000000202022020222222222222222002002202000022222222202220022
2022222202022220202222020202202222000000000000022022002222222222222000020020202000020200002020000002
0222000020200020000220222220222200200000000000022002002222222222220220000200000200222202220202222000
2002200000022020000000002020222222220000000000002022022222222222200000000202022222222202002222220022
0000000220220022220222220000000222022200000000000210222222222220002000222222200000200002200200222222
2222220202022220020202002000020220220222000000000022222222222000200200202222022020202200002020200000
0202202020000222200020200222002200002022200000000220222222220002022220022000220202220000222202020020
0020220000020000220000000022222202202022222000000002222222000002020020000002222222200222202222200202
2002200200020000022202020200202222222000022000000002222222002222000000020220202020002222202220220022
0222222200200202220022000202002222222200000000000002222222222220000000022020222002200020220220000000
2202202000022020200200202022222002222222000000000002222222222000000022000002020220220202002222020020
2220000000200202002220002000222220022222200000000002222222220000002200000222022200022020220222222200
0022022222000020022200222022222222220022222000000002222222000002200000000002000220002202222000002002
2200002222222022002222202022222222222200222200000002222220000220000000000002020000022002000000022220
0202200222000222200022200020200222222222022220000002222200002000000000220202220002220000222000220020
2000202002022200202022202000000200002222222222000022222000000000022220222222020002020220002022020222
0220000002200200002000222200000000000000222022200002220002000222222222222220000222022220220022222200
0202222020002000220200022200000000000000002222200002220000022222222222222220002220200222022202000020
0202000222222020002022022200000000000000000222220002200000222222222222222220002002022202000000222020
2220020220022000220002222200000000000000000002220002200022222222222222222220000022200222002200202200
2200220002220000000202202200000000000000000000220002200222222222222222222220020020222222200022200220
0000000022002220020022002200000000000000000000022002002222222222222222222220022002202200022002222222
2020220202220000222020000000000000000000000000022002002222222222222222222222222202000222200020200202
0202222202000222002220020000000000000000000000002002022222222222222222222222202200022000222020000020
2220002020200002000022000000000000000000000000002002022222222222222222222222222002222022220202022200
0200000020002200000022020000000000000000000000002002022222222222222222222222202002222220022202222220
0000000000020000220202000000000000000000000000000002222222222222222222222222222020200222202222222222
0222200220222000000222000000000000000000000000000002222222222222222222222222222000222222000200220000
0020222000000200022222000000000000000000000000000002222222222222222222222222222000002220222222000202
0000000020000002222222000000000000000000000000000002222222222222222222222222222000000022222202222222
2000002000022002222220000000000000000000000000000002222222222222222222222222222200000022002222022222
2002202022222222222222000000000000000000000000000002222222222222222222222222222000000000000002020022
2200002002222220022220000000000000000000000000000002222222222222222222222222222200002200000022022220
2002022002220002222220000000000000000000000000000002222222222222222222222222222200000022200022002022
2222020000202222222220000000000000000000000000000002222222222222222222222222222200000000020222202000
0020200202222022222220000000000000000000000000000002222222222222222222222222222200000002000020220202
0202000222220000000220000000000000000000000000000002222222222222222222222222222200222222200000222020
0020222202002222200020000000000000000000000000000012222222222222222222222222222202220000022020000202
0202000222220000000220000000000000000000000000000002222222222222222222222222222200222222200000222020
0020200202222022222220000000000000000000000000000002222222222222222222222222222200000002000020220202
2222020000202222222220000000000000000000000000000002222222222222222222222222222200000000020222202000
2002022002220002222220000000000000000000000000000002222222222222222222222222222200000022200022002022
2200002002222220022220000000000000000000000000000002222222222222222222222222222200002200000022022220
2002202022222222222222000000000000000000000000000002222222222222222222222222222000000000000002020022
2000002000022002222220000000000000000000000000000002222222222222222222222222222200000022002222022222
0000000020000002222222000000000000000000000000000002222222222222222222222222222000000022222202222222
0020222000000200022222000000000000000000000000000002222222222222222222222222222000002220222222000202
0222200220222000000222000000000000000000000000000002222222222222222222222222222000222222000200220000
0000000000020000220202000000000000000000000000000002222222222222222222222222222020200222202222222222
0200000020002200000022020000000000000000000000002002022222222222222222222222202002222220022202222220
2220002020200002000022000000000000000000000000002002022222222222222222222222222002222022220202022200
0202222202000222002220020000000000000000000000002002022222222222222222222222202200022000222020000020
2020220202220000222020000000000000000000000000022002002222222222222222222222222202000222200020200202
0000000022002220020022002200000000000000000000022002002222222222222222222220022002202200022002222222
2200220002220000000202202200000000000000000000220002200222222222222222222220020020222222200022200220
2220020220022000220002222200000000000000000002220002200022222222222222222220000022200222002200202200
0202000222222020002022022200000000000000000222220002200000222222222222222220002002022202000000222020
0202222020002000220200022200000000000000002222200002220000022222222222222220002220200222022202000020
0220000002200200002000222200000000000000222022200002220002000222222222222220000222022220220022222200
2000202002022200202022202000000200002222222222000002222000000000022220222222020002020220002022020222
0202200222000222200022200020200222222222022220000002222200002000000000220202220002220000222000220020
2200002222222022002222202022222222222200222200000002222220000220000000000002020000022002000000022220
0022022222000020022200222022222222220022222000000002222222000002200000000002000220002202222000002002
2220000000200202002220002000222220022222200000000002222222220000002200000222022200022020220222222200
2202202000022020200200202022222002222222000000000002222222222000000022000002020220220202002222020020
0222222200200202220022000202002222222200000000000002222222222220000000022020222002200020220220000000
2002200200020000022202020200202222222000022000000002222222002222000000020220202020002222202220220022
0020220000020000220000000022222202202022222000000002222222000002020020000002222222200222202222200202
0202202020000222200020200222002200002022200000000220222222220002022220022000220202220000222202020020
2222220202022220020202002000020220220222000000000022222222222000200200202222022020202200002020200000
0000000220220022220222220000000222022200000000000210222222222220002000222222200000200002200200222222
2002200000022020000000002020222222220000000000002012022222222222200000000202022222222202002222220022
0222000020200020000220222220222200200000000000022002002222222222220220000200000200222202220202222000
2022222202022220202222020202202222000000000000022022002222222222222000020020202000020200002020000002
0002200020000000002222020022022000000000000000202012020222222222222222002002202000022222222202220022
2022000222022220020202222022200000220200000002200012220022222220200222220002000020202200002000222002
2020220220202202020022022200022202220002000222202012020000222022200020002220002002202020020200200202
2022002002000200002000222020020222200000022022020012202002002222220000202202000222022220222022022002
0002020220002220200000002222200222022202222200222012000220000020002000220000022222220200022200202022
0200000220222202200202022002020222200200022020020002202202002220220000202022002020220020000200222220
2000000200222000000202022220202202202000202200220012200220020222020020020200002020222222000220222222
0202200202020220200000200222002002202222000222200210220000222000020022022000220222220200202020220020
0202020022202000000220222020200202000002000020000210222202222022222020220202000200222222020002202020
0220220002202220200022020000220222202202000202220210200020222020020000200222202002220200020022200200
2002020202200022020002220202002020000002022200222210000220002022222202022020200022202002220020202022
0022020220202202202200000220202020222022022000002210022222002002000202020200222220020020020200202002
2220200220022220222220222202022202000002202222020012202000020022222020002020000200000200002200220200
