0.12 0.12
2222202002000220222020020022222200220000200222222222222200022222202202000222200020000200020002002000
0200200002200020222002000000022220200000222222222222220000200222000202202200020020020000000222000202
0202202000220000200220222222222200020020222222222222222222202022022220222200002002002022020222202000
0200000222200202200020002200022222020222202222222222222222020000222000022000200220202002002202022000
0000000022020200022020002222202200202220022222222222222222220002020202022200220002200020220022222202
2000202220000200222220022202222222022200022222222222222222220000002020220200200000202202220022000202
0222222202000200002000202202222200020002022222222222222222220000000002222222222200222222202022220220
2222000222200002022000002020202220220000222200020222222222222000220202220022202202020220222022022202
2002220022220202000220202202002202200202002202022222222222220200222200200002020220222200220200222220
0222020020202022220020202020002022022222222222222222222222222000200020220220222222002202200200000002
2222000222222022220200000000022200020002000222222222222222222220022020002222002202202002202222202022
0200200022202000222020220200200222220200000020022222222222202200200202022200000000020000200220002222
0020000222220020020000000000002200222200002020222202222202222220020220200002200220020020002020222000
0000002022202022022222002222220022220000020022222222220022222002022020002000220202200200220020202022
2222200200202000220222022200220222220002222022022222222020002000220222000020220022002222022222022000
2000222000022020220000202000002202200002002022022220222020002020020202220200000222202202022200000020
0002220002020222020020200222222200000020000222222222222200200002200022222202022200222022222202222202
0022220202000222222220202020022022222202022222222202222222000022022222200222022000022022222222200000
2022002220000020002220222200200020022200202222222222222220200002222220002020222220000020220020222000
0002220202002200020020200022000202002020220202222222220202000022222020022022002020002222000202200220
2202002022202022202020220222222000022002202222222222222222220002020222000202200200222202000020202000
0022202202200202202022222000002220220002222002022222222222020020020220020222200202022202022002200220
2220220022020220220000222202222200202002220222002020022222222202000202002220200002022202220000222220
2022200202200220220022022002222020022022220022020002222222220002220000202000220220222000202002222002
2222022002020222000002222202002202002000222000022202222222220002000020202002200002020022000002020002
2020000002022002020002000020202200022200220002002022222222222002020220002000000202022200002222202202
2020002222202202000200002222002020220000000000200222222222022220020220222202020200020002200022002222
2220220020002022022000022222200022200022000000022222222022222200200000020222222000020020200000222222
2222000002000020222002222220020022020022000000022222220222202222222220222220020000220002202202200020
0200020222000022002002222020000002002022000000002222200200222202022222222022020202022200022002022220
0200000022000002002202220222002200202020000000002022002202222222202000222222022202022200220200222222
2000002220022220022000002002020000200000000022200002000222222202222200200222000200022020222220022002
2200022002000020222200022002020220200000000022200222200022222200222000200000020222222022220000202202
0200022002222200200022022220022200202020000020000202002202220222202202202220022200220020220220022220
2000002222220020220022222002222200200202000020020022002022220022002020020200222222200002002000222220
2220222220220000220000020002020202020202000022000202220222222220220020000222222002222002020220002020
2200222002222220002222002000022002220200000022220000220022222202002222200002200000020022022022000022
2022222020002022000022200222002002200000000000200020200222222020000022222202202022202000222002202002
2220222222220002000002000000200202000200000002220222002222222020202220202022222202202200222202002202
2000220220000200220000000220222202200200000000220222000222222222200000000202222220020022200000202222
0002000222220222022022000002222220202000000000220022000222222220002022002202220002000000022000202022
0002200220222222200020222000020002002000000000000022220222222222022222220202020022220202202020222222
0022202002200220220222020002202202220000000000020022022222222222002220220202202020220200222002000002
0020222200002002200002002020222002020000000000000022222222222222002222222200022002220022022222222002
0022022000022202200200220200002200220000000000000022222222222222022020002202200020020020022222222002
0022000000020000200222222022220202220000000000000022222222222222000200220222222000020220202222222002
0022222200020222222222020202222002020000000000000022222222222222220022222000200002000022002220000002
0022222200022002000022020220222002020000000000000022222222222222200222200202200202222222002220000002
0002222200022220000020220000020002220000000000000022222222222222222220202222222202222200022220000022
0002222200002222000022002200022202220000000000000022222222222222222202020200022002222000022220000222
0000222200001222100022000200202022220000000000000022222222222222222202210200220002220000222220000222
0002222200002222000022002200022202220000000000000022222222222222222202020200022002222000022220000222
0002222200022220000020220000020002220000000000000022222222222222222220202222222202222200022220000022
0022222200022002000022020220222002020000000000000022222222222222200222200202200202222222002220000002
0022222200020222222222020202222002020000000000000022222222222222220022222000200002000022002220000002
0022000000020000200222222022220202220000000000000022222222222222000200220222222000020220202222222002
0022022000022202200200220200002200220000000000000022222222222222022020002202200020020020022222222002
0020222200002002200002002020222002020000000000000022222222222222002222222200022002220022022222222002
0022202002200220220222020002202202220000000000020022022222222222002220220202202020220200222002000002
0002200220222222200020222000020002002000000000000022220222222222022222220202020022220202202020222222
0002000222220222022022000002222220202000000000220022000222222220002022002202220002000000022000202022
2000220220000200220000000220222202200200000000220222000222222222200000000202222220020022200000202222
2220222222220002000002000000200202000200000002220222002222222020202220202022222202202200222202002202
2022222020002022000022200222002002200000000000200020200222222020000022222202202022202000222002202002
2200222002222220002222002000022002220200000022220000220022222202002222200002200000020022022022000022
2220222220220000220000020002020202020202000022000202220222222220220020000222222002222002020220002020
2000002222220020220022222002222200200202000020020022002022220022002020020200222222200002002000222220
0200022002222200200022022220022200202020000020000202002202220222202202202220022200220020220220022220
2200022002000020222200022002020220200000000022200222200022222200222000200000020222222022220000202202
2000002220022220022000002002020000200000000022200002000222222202222200200222000200022020222220022002
0200000022000002002202220222002200202020000000002022002202222222202000222222022202022200220200222222
0200020222000022002002222020000002002022000000002222200200222202022222222022020202022200022002022220
2222000002000020222002222220020022020022000000022222220222202222222220222220020000220002202202200020
2220220020002022022000022222200022200022000000022222222022222200200000020222222000020020200000222222
2020002222202202000200002222002020220000000000200222222222022220020220222202020200020002200022002222
2020000002022002020002000020202200022200220002002022222222222002020220002000000202022200002222202202
2222022002020222000002222202002202002000222000022202222222220002000020202002200002020022000002020002
2022200202200220220022022002222020022022220022020002222222220002220000202000220220222000202002222002
2220220022020220220000222202222200202002220222002020022222222202000202002220200002022202220000222220
0022202202200202202022222000002220220002222002022222222222020020020220020222200202022202022002200220
2202002022202022202020220222222000022002202222222222222222220002020222000202200200222202000020202000
0002220202002200020020200022000202002020220202222222220202000022222020022022002020002222000202200220
2022002220000020002220222200200020022200202222222222222220200002222220002020222220000020220020222000
0022220202000222222220202020022022222202022222222202222222000022022222200222022000022022222222200000
0002220002020222020020200222222200000020000222222222222200200002200022222202022200222022222202222202
2000222000022020220000202000002202200002002022022220222020002020020202220200000222202202022200000020
2222200200202000220222022200220222220002222022022222222020002000220222000020220022002222022222022000
0000002022202022022222002222220022220000020022222222220022222002022020002000220202200200220020202022
0020000222220020020000000000002200222200002020222202222202222220020220200002200220020020002020222000
0200200022202000222020220200200222220200000020022222222222202200200202022200000000020000200220002222
2222000222222022220200000000022200020002000222222222222222222220022020002222002202202002202222202022
0222020020202022220020202020002022022222222222222222222222222000200020220220222222002202200200000002
2002220022220202000220202202002202200202002202022222222222220200222200200002020220222200220200222220
2222000222200002022000002020202220220000222200020222222222222000220202220022202202020220222022022202
0222222202000200002000202202222200020002022222222222222222220000000002222222222200222222202022220220
2000202220000200222220022202222222022200022222222222222222220000002020220200200000202202220022000202
0000000022020200022020002222202200202220022222222222222222220002020202022200220002200020220022222202
0200000222200202200020002200022222020222202222222222222222020000222000022000200220202002002202022000
0202202000220000200220222222222200020020222222222222222222202022022220222200002002002022020222202000
0200200002200020222002000000022220200000222222222222220000200222000202202200020020020000000222000202
