0.12 0.12
2002222202202022022222000002222200202020020202202220020020202202020220000022222000002002020020000022
0000020220022022000202222022020020222220220222002002022000200200000202202002000020222002002200202222
2022002222000020220220220222202020000200200000220022200222220220222202020000200200200202222000022002
0200220222022202222002002200022222022200220022202200020002200220002000002220022022000020002000200220
2220002200200202022022200222020000222220202220000022222200020200000222202000220002002020220220022200
2202020222002000002002222020020020202200020000020210202222202220020202202202000022022222022000202020
2002220020002200222220022002022220022222222020000022222202000000002200002022002200000220022202200022
0002200220020002022202022200220220022020202000200022220222020202002200200220002020002022202200220022
0222002020000022020200200022200202200000000222202220020000222222220020220002220220202002222202022000
2020000202022000222020000020022222000020022000200200220222002202222000002202222202000222002020222202
2002222200000200222022200200002020022220200020022200002202220200002202022220220002000220222220000022
2022022220220020020222200202020002222220020222202002020000202200000022202020220000202202200200002002
2222022222000002200020000222000000220220002020222220000202022200200222222000222202220022222000002000
0000220020022202222220000220002022022000222220202022020200000222002002022200222200000020002202200222
0222222002202222000022002200020200022000022000200022220222002222002220202220022002222000020022000000
0022000020200000022020200000020002222000002020202220020202022222000022202222220202002222220202222002
2222202222020022200020020220202002000200002020002220022202022220222022020200202202220002202000020000
0220020020002220022000200202022220002020000022202002020002222202022200002020220222002200022202202200
0002000002220002220222200220200202202002220202000002222020200022020020220200220000200022200022222022
0222000200002002022220202000002202200002002222220012200000022022220020022222020200002022022220222000
0020220202202202022022222220202020002020022002000220222022002202022202020200000002002020020020200202
2022002000002002222020202200020222000022202002220220200022020002222000202220020202000022022222022002
0200022222002000200222200022002022222202220222000002222000200020000002022002220000220222022000002220
2222202000200200000020220020222222202220202202220002200020020200020000000202200202222220220222020000
2200200002002002002022220002220202000002220220222200000200200022222020200022200002022022022022220220
0220000000002202020020000222022220222020022220002002022200002202000200002000222202202020022222222200
2202202200222222220220000002022200020000202200220002200220020222202220002022222200200000000220020020
2002202022222020200200200222222222220020202000200002220222020202200000000000220220220202000002020022
0020202220222200222200000020202200002200020020220022200202202220022220020202222220000220000200020202
2022222222220220020000000202000202202002000200202002020220222022020020222020222222202200200000000002
2200022000020000222002202022220222200002022200220200200220002022220000200002020022000222202222002220
0220202202020000000220222000200022000202220220200002220200200020222002220222000200222222202020020200
0020022222002202222022002202222000002200200200000022222220220220022222000020022002000020022000002202
0002020002002200002000022002002200200222220020000220222202200000220220022022002222022220022022202022
2020020202202002002220200002020220020022022000002200022222002002202200202022220200022022020020202202
0220222020020022022220002022020002200000220002002200022022200222220022202002022200002002202202000200
0000222222022022222222002222022220200000022000002002022222002222220200002000022000000002002000000222
2002002200022220202202002222002222000000002020202002020202022222222000022000022020020200002220022022
0000022200220022022000022022002002000000000202002002022020222222222022022002002222002002200220002222
2220020222000202200222202002022200000000000002002002022022222222222220002022020000220020222000202200
0222202220200020202202220022022000000000000000222002000222222222222222002002200020020202220200020000
2200002020000020000000200002002000000000000000022002002222222222222222022022220222222202222202022220
2000022000022220022020022220200000000000000000022002002222222222222222220200002202002200002222002222
0002022222200022000002200220000000000000000000002002022222222222222222222200220022222002220000002022
0020002220200020000002202222000000000000000000000002222222222222222222222000020022222202220200022202
2222002022222200022220222200200000000000000000000002222222222222222222220220000200002220000002022000
0000022000002020002020220220200000000000000000000002222222222222222222220200200202022202022222002222
0002020000200220000220000220200000000000000000000002222222222222222222220200222200222200220222202022
0222200220022020002000000020200000000000000000000002222222222222222222220202222222022202002200220000
0222200200222220002222220020200000000000000000000002222222222222222222220202200000022200000220220000
0222220000022220002220022020200000000000000000000012222222222222222222220202002200022200002222200000
0222200200222220002222220020200000000000000000000002222222222222222222220202200000022200000220220000
0222200220022020002000000020200000000000000000000002222222222222222222220202222222022202002200220000
0002020000200220000220000220200000000000000000000002222222222222222222220200222200222200220222202022
0000022000002020002020220220200000000000000000000002222222222222222222220200200202022202022222002222
2222002022222200022220222200200000000000000000000002222222222222222222220220000200002220000002022000
0020002220200020000002202222000000000000000000000002222222222222222222222000020022222202220200022202
0002022222200022000002200220000000000000000000002002022222222222222222222200220022222002220000002022
2000022000022220022020022220200000000000000000022002002222222222222222220200002202002200002222002222
2200002020000020000000200002002000000000000000022002002222222222222222022022220222222202222202022220
0222202220200020202202220022022000000000000000222002000222222222222222002002200020020202220200020000
2220020222000202200222202002022200000000000002002002022022222222222220002022020000220020222000202200
0000022200220022022000022022002002000000000202002002022020222222222022022002002222002002200220002222
2002002200022220202202002222002222000000002020202002020202022222222000022000022020020200002220022022
0000222222022022222222002222022220200000022000002002022222002222220200002000022000000002002000000222
0220222020020022022220002022020002200000220002002200022022200222220022202002022200002002202202000200
2020020202202002002220200002020220020022022000002220022222002002202200202022220200022022020020202202
0002020002002200002000022002002200200222220020000220222202200000220220022022002222022220022022202022
0020022222002202222022002202222000002200200200000002222220220220022222000020022002000020022000002202
0220202202020000000220222000200022000202220220200022220200200020222002220222000200222222202020020200
2200022000020000222002202022220222200002022200220220200220002022220000200002020022000222202222002220
2022222222220220020000000202000202202002000200202002020220222022020020222020222222202200200000000002
0020202220222200222200000020202200002200020020220002200202202220022220020202222220000220000200020202
2002202022222020200200200222222222220020202000200002220222020202200000000000220220220202000002020022
2202202200222222220220000002022200020000202200220002200220020222202220002022222200200000000220020020
0220000000002202020020000222022220222020022220002002022200002202000200002000222202202020022222222200
2200200002002002002022220002220202000002220220222200000200200022222020200022200002022022022022220220
2222202000200200000020220020222222202220202202220002200020020200020000000202200202222220220222020000
0200022222002000200222200022002022222202220222000002222000200020000002022002220000220222022000002220
2022002000002002222020202200020222000022202002220220200022020002222000202220020202000022022222022002
0020220202202202022022222220202020002020022002000220222022002202022202020200000002002020020020200202
0222000200002002022220202000002202200002002222220012200000022022220020022222020200002022022220222000
0002000002220002220222200220200202202002220202000002222020200022020020220200220000200022200022222022
0220020020002220022000200202022220002020000022202002020002222202022200002020220222002200022202202200
2222202222020022200020020220202002000200002020002220022202022220222022020200202202220002202000020000
0022000020200000022020200000020002222000002020202220020202022222000022202222220202002222220202222002
0222222002202222000022002200020200022000022000200022220222002222002220202220022002222000020022000000
0000220020022202222220000220002022022000222220202022020200000222002002022200222200000020002202200222
2222022222000002200020000222000000220220002020222220000202022200200222222000222202220022222000002000
2022022220220020020222200202020002222220020222202002020000202200000022202020220000202202200200002002
2002222200000200222022200200002020022220200020022200002202220200002202022220220002000220222220000022
2020000202022000222020000020022222000020022000200200220222002202222000002202222202000222002020222202
0222002020000022020200200022200202200000000222202220020000222222220020220002220220202002222202022000
0002200220020002022202022200220220022020202000200022220222020202002200200220002020002022202200220022
2002220020002200222220022002022220022222222020000022222202000000002200002022002200000220022202200022
2202020222002000002002222020020020202200020000020210202222202220020202202202000022022222022000202020
2220002200200202022022200222020000222220202220000022222200020200000222202000220002002020220220022200
0200220222022202222002002200022222022200220022202200020002200220002000002220022022000020002000200220
2022002222000020220220220222202020000200200000220022200222220220222202020000200200200202222000022002
0000020220022022000202222022020020222220220222002002022000200200000202202002000020222002002200202222
