0.12 0.12
0220200000020220222202020022220222222220222220022200002200000200000000200002202020000200202222220200
2022220022002002220022200002222222202200000222022200022000222200020000020022220002200022022002200002
2200002200002022222200202020022002202000220002020002202022200222020022002202020220000002022220022220
2222002222220020002020202220202020022200220222022220022000200220002202020200020002022202200000022000
2222000020022020220200020000020022000222220200222200000220200000202002222222202220200202002202222000
2002220022200000220220020020022200002020220222200022220000200202022220002202202200200222220002200022
0202002020002222222200202002002220020200000022002200002002222220202200022022020220000000022202020020
0020000222020202022000220200220220200022220200020200202200200002220200200220200222002020202000222202
2022222020002000222222022020200200000000002022002220022002022222222220220202002000000222022202000002
2002200220000200220020000222002000000200220200022220002220200220222222022000222202200220202200222022
2002222220200002002002022000000020220002020000200200220222202022200202222222002022022022220200200022
0020022020022200002200200022022202000000222020000002222202002222222020002202220220022020002202002202
0220000002002022202022202202202022202200200220220022200200200020020002020020020002020022022022222200
2000222000000222000022020222200022200000002022022220002002022222220002220000202002222000222222000222
2202020000200220002002020200000020022022222202220002200020000002002202222220202022022200220222202020
0000202020200020202202022020202200002200200020002002222202220222020220020202002020020202220202020222
2202002200220002200000200222000222020020002022020002202002022202202000222000220222220022200220022020
2022202002202202220222000220200022022220220222020220200000200200002002220200222000200020020022020002
0220200222020200202202200202222022222200202222020200202000020220000002000020220020020220202000220200
0000200200222022022002000202022002022200220202202002020022000220002022002020222022002002000220220222
2200220220002202222222202000222020020000002202222002000020022222202202000222020000000020022200200220
2000202002000022000222222020200020002000000202200200220020022222022202200202000000222002222022020222
2220200022200200022220200220020222000200020202200220220020202220222000002200220200002220220002220200
0200020000220222000200022222020000222200200002002200022022220220000222202000002220222000200222202220
0200000002020022022022002000200202020000022220020220202200002022202020220222022002002002202022222220
0020220000222222002202200022220220202022202002202022020022020002020200200002220020022000000222200202
2002000200220222222220220220022000020220202020022220002202020200202222002200200200000000200220222022
0020002022222000020000222202222220202002022022222200000002002022020200000020000222202222000002022202
2222200020022020200002200200202020000222202202202220020020020000222202020220220022220202002202220000
0020022020222002220222022020000222202220202220222200000200020200020000222202002000200020000202002202
2222022022020202220222220220220000220220220220022002002200200200200222200200200000200020202002002000
2200220002200022020002200200000220202222202202002200022020020000020200222220220022202002220022200220
2200000200000200020002002222200020202222200222202002020000220000020202220000022022202220222220222220
2202022020220022000222220222220220220000002200000200222220022222200200200000200000222002200202002020
2002000222002200220000000022222200200222002020200200220202022000220220000002222222200220022000222022
2200000222022220002200002000200020022200202022202022020002020220002202220222022220022200002000222220
2222200020002022022200200200000222000002202222202220020000020022222000222220220220002002022202220000
2202020202200202220200002222020200222220222202022022002020000200000220202000022220200020220020202020
2200202222200000222002220022000202220222220022200200220002200000200020222002200022000222220000020220
0202202022002000202220020002202022202022022022000022222002202002020002020022202200020222022002020020
2202002020020022002020222002002220002202222022022022002002002020022200022022000202022002202202022020
0002000222000220200202020000202200000200002020020220202202022220222220020222202020220200222000222022
0022200022000000022202002222200222022020022220020002202200002202002000220000022020002222222002220002
0200022000222222222022000200022000202202000200002200022220222020020222002220222002000000000222002220
2220220222202222000002002000000202000200020200020022202220202220222020222222022022222000020000200200
0200222002200200202002000202222200200220020000000200222222202200220220000020222022020220220022000220
2022200000020022200200202220220222020222002000000002222222022000202000200200020220220002202222220002
0000200022022222022002222222020222200020000000000022222222222202220000202000000022002000002002220222
2200202000200000020022200022202200000200202000000002222222020220222220020002220002202222220222020220
0200220022200202002002200200000222222020002000000002222222022202000000222220220022022020220002200220
0000022222200001222220000222200202022020202000000012222222020202002020220000222200000122220000002222
0200220022200202002002200200000222222020002000000002222222022202000000222220220022022020220002200220
2200202000200000020022200022202200000200202000000002222222020220222220020002220002202222220222020220
0000200022022222022002222222020222200020000000000022222222222202220000202000000022002000002002220222
2022200000020022200200202220220222020222002000000002222222022000202000200200020220220002202222220002
0200222002200200202002000202222200200220020000000200222222202200220220000020222022020220220022000220
2220220222202222000002002000000202000200020200020002202220202220222020222222022022222000020000200200
0200022000222222222022000200022000202202000200002200022220222020020222002220222002000000000222002220
0022200022000000022202002222200222022020022220020002202200002202002000220000022020002222222002220002
0002000222000220200202020000202200000200002020020200202202022220222220020222202020220200222000222022
2202002020020022002020222002002220002202222022022002002002002020022200022022000202022002202202022020
0202202022002000202220020002202022202022022022000022022002202002020002020022202200020222022002020020
2200202222200000222002220022000202220222220022200200220002200000200020222002200022000222220000020220
2202020202200202220200002222020200222220222202022022002020000200000220202000022220200020220020202020
2222200020002022022200200200000222000002202222202200020000020022222000222220220220002002022202220000
2200000222022220002200002000200020022200202022202002020002022220002202220222022220022200002000222220
2002000222002200220000000022222200200222002020200220220202022000220220000002222222200220022000222022
2202022020220022000222220222220220220000002200000200222220022222200200200000200000220002200202002020
2200000200000200020002002222200020202222200222202002020000220000020202220000022022202220222220222220
2200220002200022020000200200000220202222202202002200022020020000020200222220220022202002220022200220
2222022022020202220222220220220000220220220220022002022200200200200222200200200000200020202002002000
0020022020222002220222022020000222202220202220222200020200020200020000222202002000200022000202002202
2222200020022020200002200200202020000222202202202222020020020000222202020220220022220202002202220000
0020002022222000020000222202222220202002022022222200000002202022020200000020000222202222000002022202
2002000200220222222220220220022000020220202020022220002202020200202222002200200200000000200220222022
0020220000222222002202200022220220202022202002202002020022020002020200200002220020022000000222200202
0200000002020022022022002000200202020000022220020200202200002022202020220222022002002002202022222220
0200020000220222000200022222020000202200220002002200022022220220020222202000002220222000200222202220
2220200022200200022220200220020222000200020202200220220020200200222000002200220200002220220002220200
2000202002000022000222222020200020002000000202220200220020022222022202200202000000222002222022020222
2200220220002202222222200000222020020000002202222022000020022222202202000222220000000020022200200220
0000200200222022022002000202022002022200220202202002020022000220002022002020222022002002000220220222
0220200222020200202202200202222022222200202222020200202000020220000002000020220020020220202000220200
2022202002202202220222000220200022022220220222020220200000200200002002220200222000200020020022020002
2202002200220002200000200222000222020020002022020002202002022202202000222000220222220022200220022020
0000202020000020202202022020202000002200200020002022222202220222020222020202002020020202222202020222
2202020000200220002002020200000020022022222202220022200020000002002202222220202022022200220222202020
2000222000000222000022022222200022200000002022022200002002022222220002220000002002222000222222000222
0220000002002002202022202202202022202200200220220022200200200020020002020020020002020022022022222200
0020022020022202002200200020022202000000222020000002222202002222222020002202220220022020002202002202
2002222200200002002002022000000020220002020000200200220222202022200202222222002022022022220200200022
2002200220020200220020000222002000000200220200022220002220200220222022022000222202200220222200220022
2022222020002000222222022020200200000200002022002220022002022220222220220202002000000222022202000002
0020000222020202022000220200220220200022220220020220202220200002220200200220200222002020202000222202
0202202020002222222200202002002220020200000022022220022002222220202200022022020220000000022202020020
2002220022200000220220020020022200002020220222200022200000200202022220002202202200200222220002200022
2222000020022020220200020000000022000220220200222200000220200000202002222222202220200202002202222000
2222002222220020002022202220002020022200220222022200002000200220002202022200020002022202200000022000
2200002200002022222200202020022002202000220002020002200022200222020022002202020220000002022220022220
2022220022002002220022200002222222202220000202022200022000222200020000020022220002200022022002200002
