0.12 0.12
0000020002000222222202220220200022200220202002222002002020000202222000022222020222222202200200220022
0220202200202000020220022020002200200002202202020220202202002200020002022220002020202202020220020002
0222202200222000000200220200202202020220222022022000020202222002200202000220200002202202022020220202
0002222222020002002000000200222002220002000202200220020022222002002020002000220000220022000222202002
0002200020222002202222002000220220220200002200002000220200020000202200200202002000020020020020022020
2222002022202200222022022000222002220200000002022022002022202020200002220222000200200000002020202020
0022000222022022000022220020020220200022002002002200002222020220020020220202200020200020202222220002
0020202002002022200020002020202020220020002202202222202200200200220022202222220020002000002222200222
2202022002222202020000020022220202020200020200000022222202222020000222200022022222022200222000000200
0220202200222022200222220220222000000220002022022000200202002202202202022200020020220022220222020002
2020020002020020022220022220000020000220202000022020202202200202222022000200220200200222000022222220
0000200020200200002020022022000000020000022202202222202022020022020002022020202022200222202220000222
0202000002002220022220002200022020220200022200022220022020200022000202020202220020020002000200000202
0222202020022200202200020000002220222000020000022202002000022000220220002202000002022000200000000220
2022002000022022222002022022000202022200222022022202002022220200002022022202002202002202220000002202
0202220202222002000020002000020022000002200020002020200020022000220020000222020222002202020222000022
2220022220002022200222222000000000200000002000002000000020220000002222222020002002202002002000022222
2000200200022222220222022020022202220220222200000202022202020002002022200020022200000020200202000222
0020020200000002202220022222202002020222022000220202000202222222000222222002220200220020200022202002
2002022220202002020000202222200002222200220020022020202202022200020222002022020202202000200200200200
2000200000200022000200000002022222200200200022020200000000222202200002000002020220202000220220202022
0000002022222202200202000220002200000200222222200020222202002022200200222202002020000220220002020200
0022002020202220222020220020022220002220200020002002000020202220220020222202200000020000220220020202
2220000000020020002020200222222200002022200222200202222000222202002220222222000022000022202002022000
0220020020020202220222022220222220000222002000220200000222200200222000220222202220002000000022020202
2000020222200200200022202020002222202022202000220002000000000022022020000000022020020000202000000002
0000022020020222202022000222020200202200222000220200220022202022000000000220220022022002200220022200
2002020200000022022020020022022200000202022022222000002200222022222200222200200002222020002220200020
2220220020220022020000220022002200202020220020200200220002202022000002202022002020022002222220000002
0220002222000000020002022000202202222220202022220220002002020220220000002020222002220200200200202200
2000000200202220020020200220020022022002000000200202200000220222020200200200020022002022202002200020
2022200002022202200220222202002220202002220200022020000220200200000002020202200000022022200020222020
0000002202002022022022022202220020020200222220000002000022020000002002222202022222220000202000022002
2222000220020020202000000222200202020220000202020020222002002022220020002000000202000200000022200222
0000220222020202002202020202200020002002022200000220022002022222000020222022002000220222222200002220
2200220220022220220022002202002200200020200020220200200202002200220000202000222000220220220220202222
2200220020002222002022222000002200200200200000200222002200002202020202222200000202220000022002202200
0002202002220000002020222202022220000220020020222000022222200020220020202020220000002202220000222022
2202022200022200220020202200222200202220000022200000002000020020200000000000200020020002020200002222
0222202002000220200222020022220200202202020220220202022200220020220200220220200000022000200200222000
0220002000220022000022200020222022022222200002222202002220000222002200020002000000002200002222020022
2002222002000200202202222202020220202200000000220002200000222222220000020222202222002222222020020200
0000020202222000020202202002222220002000000000020200202220222222222002200220202222222022222200002000
2222220000002200020220022020002022202000000000000000002022222222222202022022020000200022000022000020
2200222000022002222000000002000020020000000000000020020022222222222202022222202022202220222200202000
0200202200002002200022022022022020200000000000000020000222222222222222020222000002002222220200002022
0220202002022202020020000202022000200000000000000000022222222222222222022202222020022200022200222220
0202000200020022200220000002022222200000000000000000022222222222222222222200200002020020002200202020
0200220220020020002000020200200022200000000000000000022222222222222222020222020000220222222002000222
2002220020200202000002000222000022200000000000000000022222222222222222000020020200202222000220002220
2000000220022202000002222020020020200000000000000000022222222222222222022020000202220200220022000220
2002220020200202000002000222000022200000000000000000022222222222222222000020020200202222000220002220
0200220220020020002000020200200022200000000000000000022222222222222222020222020000220222222002000222
0202000200020022200220000002022222200000000000000000022222222222222222222200200002020020002200202020
0220202002022202020020000202022000200000000000000000022222222222222222022202222020022200022200222220
0200202200002002200022022022022020200000000000000020000222222222222222020222000002002222220200002022
2200222000022002222000000002000020020000000000000020020022222222222202022222202022202220222200202000
2222220000002200020220022020002022202000000000000000002022222222222202022022020000200022000022000020
0000020202222000020202202002222220002000000000020200202220222222222002200220202222222022222200002000
2002222002000200202202222202020220202200000000220002200000222222220000020222202222002222222020020200
0220002000220022000022200020222022022222200002222202002220000222002200020002000000002200002222020022
0222202002000220200222020022220200202202020220220202022200220020220200220220200000022000200200222000
2202022200022200220020202200222200202220000022200000002000020020200000000000200020020002020200002222
0002202002220000002020222202022220000220020020222000022222200020220020202020220000002202220000222022
2200220020002222002022222000002200200200200000200222002200002202020202222200000202220000022002202200
2200220220022220220022002202002200200020200020220200200202002200220000202000222000220220220220202222
0000220222020202002202020202200020002002022200000220022002022222000020222022002000220222222200002220
2222000220020020202000000222200202020220000202020020222002002022220020002000000202000200000022200222
0000002202002022022022022202220020020200222220000002000022020000002002222202022222220000202000022002
2022200002022202200220222202002220202002220200022020000220200200000002020202200000022022200020222020
2000000200202220020020200220020022022002000000200202200000220222020200200200020022002022202002200020
0220002222000000020002022000202202222220202022220220002002020220220000002020222002220200200200202200
2220220020220022020000220022002200202020220020200200220002202022000002202022002020022002222220000002
2002020200000022022020020022022200000202022022222000002200222022222200222200200002222020002220200020
0000022020020222202022000222020200202200222000220200220022202022000000000220220022022002200220022200
2000020222200200200022202020002222202022202000220002000000000022022020000000022020020000202000000002
0220020020020202220222022220222220000222002000220200000222200200222000220222202220002000000022020202
2220000000020020002020200222222200002022200222200202222000222202002220222222000022000022202002022000
0022002020202220222020220020022220002220200020002002000020202220220020222202200000020000220220020202
0000002022222202200202000220002200000200222222200020222202002022200200222202002020000220220002020200
2000200000200022000200000002022222200200200022020200000000222202200002000002020220202000220220202022
2002022220202002020000202222200002222200220020022020202202022200020222002022020202202000200200200200
0020020200000002202220022222202002020222022000220202000202222222000222222002220200220020200022202002
2000200200022222220222022020022202220220222200000202022202020002002022200020022200000020200202000222
2220022220002022200222222000000000200000002000002000000020220000002222222020002002202002002000022222
0202220202222002000020002000020022000002200020002020200020022000220020000222020222002202020222000022
2022002000022022222002020022000202022200222022022202002022220200002022022202002202002202220000002202
0222202020022200202200020000002220222000020000022202002000022000220220002202000002022000200000000220
0202000002002220022220002200022020220200022200022220022020200022000202020202220020020002000200000202
0000200020200200002020022022000000020000022202202222202022020022020002022020202022200222202220000222
2020020002220020022220022220000020000220202000022020202202200202222022000200220200200222000022222220
0220202200222022200222220220222000000220002022022000200202002202202202022200020020220022220222020002
2202022002222202020000020022220202020200020200000022222202222020000222200022022222022200222000000200
0020202002002022200020002020202020220020002202202222202200200200220022202222220020002000002222200222
0022000222022022000022220020020220200022002002002200002222020220020020220202200020200020202222220002
2222002022202200222022022000222002220200000002022022002022202020200002220222000200200000002020202020
0002200020222002202222002000220220220200002200002000220200020000202200200202002000020020020020022020
0002222222020002002000000200222002220002000202200220020022222002002020002000220000220022000222202002
0222202200222000000200220200202202020220222022022000020202222002200202000220200002202202022020220202
0220202200202000020220022020002200200002202202020220202202002200020002022220002020202202020220020002
