0.12 0.12
0020000022222202000200222222220202222222200200000022222220220000000020200000000220222020000002222202
0200022200002000002002222002202222202220020000000002222222202200020000020022000022022222022220002220
2022000222020022002000000002022002002020220002000002222022200202022022002022222222022002202000222002
0222222022022220002222222020200000020222000022200200220002222000202222220202000000022200002002000000
2200022222202000202200000002020200002002222202002002022020000022022220202022222220020222020000002220
0202202220000220202022200002000000000222220022020002202002200000222222222022220002020200222200020020
0220200200000222222000022202220020220002220220202002020200200022200202200020002222000000222220220200
0200222220222002000220222020002020002020222022020220202002000202022202022202000200222022000200000220
0200022202000202222200222222002022022222200202220200200020220000002002022000000220000020222020002220
2220002222022200020222022200220022000222002022020002202002022000222002200220002000202220002000022200
2002222220200202020200202200000002020022200200200220220220220002202022222220020220202020220200000022
2022200002000200002202002020020222020020202202020022202020020202202000202202022020022220222022220002
2202000000022200000220000002202202000220222200000200222220000200222020020022222200222220002222222020
2220022022200022200202222020220200002200000000020002202222222220022220200202000020220002220002002200
0022022222222222220220222000000220002020202222220002200000020202022200222222000200200000000000002002
2020220002002202022000202220202222222022022202000022222020002002000000020200020222002020022022200202
2002200002200002202022222220200020020222222002202200020022000000202202220200000002020022220022220022
2020020202002222220220002000222020002202020020220002200202202020022202000222022200200000022020202202
2202000000002022000002202222200200002202022220002002022200002020022220220000020022222002022222222020
2000220202000200202222220020200202022022000022220022200002222002002020220202200000020220222020200222
2220002020002020000002220000000022022222022200022022002220002000002002222222200022222202022202022200
2220222220022202222022002220020222000220200022220200200002220200222000202200022002000020002200000200
0220020200002020020002002002220022200222000020202220020202222000220002200022022022202202022220202200
0022220200000200220000200002200202200222002220002022022200022000220020220022220222200220222220200002
0200222022000002222222200002200200202202002020020002202202022020020220220022220000000022222002000220
2202202022022200220222022000202200020020000222200200220000222202202220020222002000200220002002020020
0202000222002222200002002002220002020202000200002220022220222020202022200022022022220000022000222020
2022022220222002222002000022000022002202022220000022222200002020022002222002222022000022000200002002
0020222220220222220022220020002220000020200000000200222222220202222200022202200002200000200200000202
0000222222200002022222002220002020220022022020202002020202002002200202022200022000002022220000000222
2002020020200222022202002200002020220222022020000002222202002000200202022220022020002000220202202022
2020220000020002022222000202022020022020220222002002022000200202002202002020222000002022202222200202
0222202202000002002020000002222220020200020202222002000020202220202200000022222202022022222020020000
0020002202002220200220202022002002002200222200200200220220000220022022022002020200220200022020022202
0222022002002202020000022002220220202200020202220002200020202220020200200022002222202020022022002000
2202200202000202002000020002022002202220002002002200022022022200020022002022202222022020222020220020
0202200022222222220202002200222000220020200200202002020220220202200222000220022020200000000002220020
0020202000200000000222220200020022222200000202022200002020222220000002202220200000222222220222020202
2000222000022002200222200000022002202000022200200200220220002222020022002222220000220022002222000222
0202200200022022220022200000220002222000000202200200220020222222000022200222220002200002002220220020
2000000022002220202222002022200022200000000022000002222002222222220002220002022000020200022002222222
0020022200202002022222022222222022200000000000222200000222222222220002000000002000002022020220002202
2022022222202200200020002220022202000000000000022002002222222222222020002200022202220220020000002002
0020202022022202200200220200200000000000000000022002002222222222222222220220200220220020002002020202
0000022002200222222000200200022000000000000000002002022222222222222222002220220222000000220022002222
2002002000222000022020220222022000000000000000000002222222222222222222002000200202002222000222022022
2200202002220002022222020000222200000000000000000002222222222222222220000222202000002022200022020220
0220000002200020002022002000222200000000000000000002222222222222222220000222022002022202220022222200
0202000220200020220000202222202200000000000000000002222222222222222220020000020222200202220200222020
0022202020200022200020222222002200000000000000000002222222222222222220022000000202220002220202020002
2000002222200002222000220020202200000000000000000012222222222222222220020202200222000022220000022222
0022202020200022200020222222002200000000000000000002222222222222222220022000000202220002220202020002
0202000220200020220000202222202200000000000000000002222222222222222220020000020222200202220200222020
0220000002200020002022002000222200000000000000000002222222222222222220000222022002022202220022222200
2200202002220002022222020000222200000000000000000002222222222222222220000222202000002022200022020220
2002002000222000022020220222022000000000000000000002222222222222222222002000200202002222000222022022
0000022002200222222000200200022000000000000000002002022222222222222222002220220222000000220022002222
0020202022022202200200220200200000000000000000022002002222222222222222220220200220220020002002020202
2022022222202200200020002220022202000000000000022002002222222222222020002200022202220220020000002002
0020022200202002022222022222222022200000000000222200000222222222220002000000002000002022020220002202
2000000022002220202222002022200022200000000022000002222002222222220002220002022000020200022002222222
0202200200022022220022200000220002222000000202200200220020222222000022200222220002200002002220220020
2000222000022002200222200000022002202000022200200200220220002222020022002222220000220022002222000222
0020202000200000000222220200020022222200000202022200002020222220000002202220200000222222220222020202
0202200022222222220202002200222000220020200200202002020220220202200222000220022020200000000002220020
2202200202000202002000020002022002202220002002002200022022022200020022002022202222022020222020220020
0222022002002202020000022002220220202200020202220002200020202220020200200022002222202020022022002000
0020002202002220200220202022002002002200222200200200220220000220022022022002020200220200022020022202
0222202202000002002020000002222220020200020202222002000020202220202200000022222202022022222020020000
2020220000020002022222000202022020022020220222002002022000200202002202002020222000002022202222200202
2002020020200222022202002200002020220222022020000002222202002000200202022220022020002000220202202022
0000222222200002022222002220002020220022022020202022020202002002200202022200022000002022220000000222
0020222220220222220022220020002220000020200000000200222222220202222200022202200002200000200200000202
2022022220222002222002000022000022002202022220000022222200002020022002222002222022000022000200002002
0202000222002222200002002002220002020202000200002220022220222020202022200022022022220000022000222020
2202202022022200220222022000202200020020000222200200220000222202202220020222002000200220002002020020
0200222022000002222222200002200200202202002020020002202202022020020220220022220000000022222002000220
0022220200000200220000200002200202200222002220002002022200022000220020220022220222200220222220200002
0220020200002020020002002002220022200222000020202220020202222000220002200022022022202202022220202200
2220222220022202222022002220020222000220200022220220200002220200222000202200022002000020002200000200
2220002020002020000002220000000022022222022200022022002220002000002002222222200022222202022202022200
2000220202000200202222220020200202022022000022220022200002222002002020220202200000020220222020200222
2202000000002022000002202222200200002202022220002002022200002020022220220000020022222002022222222020
2020020202002222220220002000222020002202020020220002200202202020022202000222022200200000022020202202
2002200002200002202022222220200020020222222002202220020022000000202202220200000002020022220022220022
2020220002002202022000202220202222222022022202000002222020002002000000020200020222002020022022200202
0022022222222222220220222000000220002020202222220002200000020202022200222222000200200000000000002002
2220022022200022200202222020220200002200000000020002202222222220022220200202000020220002220002002200
2202000000022200000220000002202202000220222200000200222220000200222020020022222200222220002222222020
2022200002000200002202002020020222020020202202020022202020020202202000202202022020022220222022220002
2002222220200202020200202200000002020022200200200220220220220002202022222220020220202020220200000022
2220002222022200020222022200220022000222002022020002202002022000222002200220002000202220002000022200
0200022202000202222200222222002022022222200202220200200020220000002002022000000220000020222020002220
0200222220222002000220222020002020002020222022020200202002000202022202022202000200222022000200000220
0220200200000222222000022202220020220002220220202002020200200022200202200020002222000000222220220200
0202202220000220202022200002000000000222220022020002202002200000222222222022220002020200222200020020
2200022222202000202200000002020200002002222202002002022020000022022220202022222220020222020000002220
0222222022022220002222222020200000020222000022200200220002222000202222220202000000022200002002000000
2022000222020022002000000002022002002020220002000002222022200202022022002022222222022002202000222002
0200022200002000002002222002202222202220020000000002222222202200020000020022000022022222022220002220
