0.12 0.12
2022022022020020002200020222220202002020020222222002000000202202022020200000202220022202202002002002
0022200020222220202000202000220020020000222222222022000000000222202202200222020222020200000202220002
2000200002220000000020200002222220220020202222202220020000020202200200000022220202222222200022220222
2002000000000202222202022020222222202220222222022200002000000220020000000202002020000020222222222022
2022020020002000002202202200220200000022022220002022022200002002222220200220020020022222022202202002
2002222020202222002000002200200222200200022022002022022002002220220000220220022222022000020202000022
0022220002220020202000022222020220000000000220000200222200222222222202202000002222020202200022200002
2222000222020000020220002020200202002222222000002002022222000000022020220202022200202222202000222000
0020220220222222200202220220222222202000000000000002222222222222020000000200200020220000000200200202
2022222200202220022022000202220022022022020000000220222222202002002002200020222002002200020220000002
0002222220220000200000002000222002002002200000000002222222220022022022000222022222220222200200000022
0202202222020202202020222202200222002022202002002200022022020002022000220020000202020020202000020020
2022002022002222022022222000200202202202000022202220020002222020020020220222000002002000022002022002
0202002020000020020220200200002202222222000002202200020022222000000020022220220200202202222202022020
2000022222202200020000202000220000002220002220222220000200022200022222200222020222202220020000002222
2202220222200200000202002220200220022200020202222220000020202220002200220200022020222220220000200020
0000002002220220202002022000200220002220200002222200000022220200022200220222002022020200200022022222
2002200022002200020200020222020000022000222222222220000000000222002222202000202220202220022002220022
0022202000000200000020002020200222222200220022222220000002200220000000220202022202222220222222020002
0220202000022220020000002022222200222200200220202200020200220220000220000002022222202200002222020200
0000000022220220022020220200022202222202020002020022202022202020000020002220200202002200200002222222
0000202020022222000000020222200220000200222200000022222220000220222200220000202222222000002202020222
0200002222202002002202200202200022022200202220020022202200020220002002220020220020022022020000022220
2220000202200002222000002202000022220222222222000200222000000000200002222020022222000022220020222200
0000020202022022020222200002222220020020220020000220222202200202202200000022220000202002002020202222
0200222200020002202020002022220000200002222220000022222200000022220222200002022202020022202220000220
0020022222000022220002220000220200000200022000002002022222002220222220200222200022200002222000002202
2022000022000022220002002020020020002220002200002200022220022200022202202202022022200002222002222002
0200202220002222222022222020002220002202202000002002022222020020022200022202000002000000022200020220
2022002020202202222002222220202200022000202000000200222222020222002220020200000022000020020202022002
0200002220020000222020002022222222202002002200000002222220022022020000000002022202000222202200022220
2020000222022220200200000220220200222020022000000022222222002202000220200200222220220200002000222202
0020002020020222002000022202202200020020202200020022202220020202202220020020002222022000202202022202
2000220202200000220000022022000222200020020000222002000222202202220000222002002222200222220020200222
0002202222222222002000220002202200020202002000020220202222022020202220020022200222022000000000020022
2000000002222220020022200220000020020200022000022200002222002220202202222200220002202200000022222222
2002222200200002000002022200220020220202200000020220202222220020200202200220002022222022220220000022
0000000020220020220022222020022202202000202000220022200222020222020020002202000002200202200202222222
0222200200000220022200000222220002202022202000200022220222020002020022200000222220002200222220220000
2222020220202220200202222000020202020020220000202002020222200202202020202222000020220200020200202000
2220200020020000200200020220222022022222222000020002202222000000002002000200202220220222202202220200
2200202020002022002000020220220200020000222000000002222222000222202220200200202222022002022202020220
2022000000222220020020002000020222200000000000002002022222222222220000202222022202202200000222222002
0002200000000002222220200020020202220002000000020002202222222022200020202202220200000022222222220022
0022222222222220022020020022202220220200200000000002222222220220200200020002202202002200000000000002
0022222222222002200222020002220020220020200000000002222222220202200202200022202000220022000000000002
0000000000220022022000220002222002000022000000000002222222222002222022000022200222002002200222222222
2000000002220022000220022200022022000020200000000002222222220202222002002220002200222002200022222222
2220000002220022200022222222220000200020200000000002222222220202220222200000000002220002200022222200
2222000002222000022220000222002220022220200000000002222222220200002200022000222200002222000022222000
2222100001222200000222200222022012002222200000000012222222220000022012002000220000222220000122221000
2222000002222000022220000222002220022220200000000002222222220200002200022000222200002222000022222000
2220000002220022200022222222220000200020200000000002222222220202220222200000000002220002200022222200
2000000002220022000220022200022022000020200000000002222222220202222002002220002200222002200022222222
0000000000220022022000220002222002000022000000000002222222222002222022000022200222002002200222222222
0022222222222002200222020002220020220020200000000002222222220202200202200022202000220022000000000002
0022222222222220022020020022202220220200200000000022222222220220200200020002202202002200000000000002
0002200000000002222220200020020202220002000000020022202222222022200020202202220200000022222222220022
2022000000222220020020002000020222200000000000002002022222222222220000202222022202202200000222222002
2200202020002022002000020220220200020000222000000002222222000222202220200200202222022002022202020220
2220200020020000200200020220222022022222222000020022202222000000002002000200202220220222202202220200
2222020220202220200202222000020202020020220000202022020222200202202020202222000020220200020200202000
0222200200000220022200000222220002202022202000200002220222020002020022200000222220002200222220220000
0000000020220020220022222020022202202000202000220022200222020222020020002202000002200202200202222222
2002222200200002000002022200220020220202200000020200202222220020200202200220002022222022220220000022
2000000002222220020022200220000020020200022000022220002222002220202202222200220002202200000022222222
0002202222222222002000220002202200020202002000020200202222022020202220020022200222022000000000020022
2000220202200000220000022022000222200020020000222002000222202202220000222002002222200222220020200222
0020002020020222002000022202202200020020202200020002202220020202202220020020002222022000202202022202
2020000222022220200200000220220200222020022000000002222222002202000220200200222220220200002000222202
0200002220020000222020002022222222202002002200000002222220022022020000000002022202000222202200022220
2022002020202202222002222220202200022000202000000220222222020222002220020200000022000020020202022002
0200202220002222222022222020002220002202202000002022022222020020022200022202000002000000022200020220
2022000022000022220002002020020020002220002200002220022220022200022202202202022022200002222002222002
0020022222000022220002220000220200000200022000002022022222002220222220200222200022200002222000002202
0200222200020002202020002022220000200002222220000002222200000022220222200002022202020022202220000220
0000020202022022020222200002222220020020220020000200222202200202202200000022220000202002002020202222
2220000202200002222000002202000022220222222222000200222000000000200002222020022222000022220020222200
0200002222202002002202200202200022022200202220020002202200020220002002220020220020022022020000022220
0000202020022222000000020222200220000200222200000002222220000220222200220000202222222000002202020222
0000000022220220022020220200022202222202020002020002202022202020000020002220200202002200200002222222
0220202000022220020000002022222200222200200220202200020200220220000220000002022222202200002222020200
0022202000000200000020002020200222222200220022222220000002200220000000220202022202222220222222020002
2002200022002200020200020222020000022000222222222220000000000222002222202000202220202220022002220022
0000002002220220202002022000200220002220200002222220000022220200022200220222002022020200200022022222
2202220222200200000202002220200220022200020202222220000020202220002200220200022020222220220000200020
2000022222202200020000202000220000002220002220222200000200022200022222200222020222202220020000002222
0202002020000020020220200200002202222222000002202200020022222000000020022220220200202202222202022020
2022002022002222022022222000200202202202000022202200020002222020020020220222000002002000022002022002
0202202222020202202020222202200222002022202002002220022022020002020000220020000202020020202000020020
0002222220220000200000002000222002002002200000000002222222220022022022000222022222220222200200000022
2022222200202220022022000202220022022022020000000220222222202002002002200020222002002200020220000002
0020220220222222200202220220222222202000000000000002222222222222020000000200200020220000000200200202
2222000222020000020220002020200202002222222000002022022222000000022020220202022200202222202000222000
0022220002220020202000022222020220000000000220000200222200222222222202202000002222020202200022200002
2002222020202222002000002200200222200200022022002022022002002220220000220220022222022000020202000022
2022020020002000002202202200220200000022022220002022022200002002222220200220020020022222022202202002
2002000000000202222202022020222222202200222222022200002000000220020000000202002020000020222222222022
2000200002220000000020200002222220220020202222202220020000020202200200000022220202222222200022220222
0022200020222220202000202000220020020000222222222002000000000222202202200222020222020200000202220002
