	质量 A					
t	x	y	vx	vy	v	
0.000	-2.986E-2	-6.928E-2			
0.017	4.387E-2	-5.170E-2	-0.167	-6.905E-2	0.181
0.033	-3.543E-2	-7.158E-2	-2.239	-0.657	2.333
0.050	-3.076E-2	-7.360E-2	-5.226E-3	-6.060E-2	6.083E-2
0.067	-3.561E-2	-7.360E-2	-0.146	5.981E-4	0.146
0.083	-3.562E-2	-7.358E-2	0.212	0.187	0.283
0.100	-2.855E-2	-6.737E-2	0.212	0.187	0.283
0.117	-2.856E-2	-6.734E-2	-1.956E-2	0.107	0.109
0.133	-2.920E-2	-6.381E-2	-2.050E-2	0.106	0.108
0.150	-2.924E-2	-6.383E-2	-0.191	-6.710E-2	0.202
0.167	-3.556E-2	-6.604E-2	-0.188	-6.610E-2	0.199
0.183	-3.551E-2	-6.603E-2	2.176E-3	2.885E-3	3.613E-3
0.200	-3.549E-2	-6.595E-2	2.925E-4	3.297E-3	3.310E-3
0.217	-3.550E-2	-6.592E-2	0.148	0.129	0.196
0.233	-3.056E-2	-6.166E-2	0.149	0.129	0.197
0.250	-3.055E-2	-6.160E-2	-5.499E-2	3.722E-2	6.641E-2
0.267	-3.240E-2	-6.042E-2	-5.481E-2	3.508E-2	6.507E-2
0.283	-3.237E-2	-6.043E-2	-2.440E-3	1.058E-2	1.086E-2
0.300	-3.248E-2	-6.006E-2	-3.999E-3	1.157E-2	1.224E-2
0.317	-3.251E-2	-6.005E-2	-0.117	-0.313	0.334
0.333	-3.639E-2	-7.050E-2	-0.117	-0.313	0.334
0.350	-3.641E-2	-7.048E-2	9.407E-2	0.304	0.318
0.367	-3.325E-2	-6.038E-2	0.154	0.372	0.402
0.383	-3.127E-2	-5.810E-2	0.114	2.226E-2	0.116
0.400	-2.945E-2	-5.964E-2	5.324E-2	-4.677E-2	7.086E-2
0.417	-2.950E-2	-5.965E-2	-0.195	-0.259	0.324
0.433	-3.593E-2	-6.828E-2	-0.192	-0.258	0.322
0.450	-3.591E-2	-6.826E-2	1.606E-2	0.176	0.176
0.467	-3.539E-2	-6.242E-2	1.592E-2	0.176	0.177
0.483	-3.537E-2	-6.240E-2	0.524	0.118	0.537
0.500	-1.794E-2	-5.848E-2	0.523	0.117	0.536
0.517	-1.794E-2	-5.850E-2	5.733E-2	0.144	0.155
0.533	-1.603E-2	-5.367E-2	5.635E-2	0.145	0.155
0.550	-1.606E-2	-5.367E-2	0.422	-3.444E-3	0.422
0.567	-1.972E-3	-5.378E-2	0.422	-3.545E-3	0.422
0.583	-2.004E-3	-5.379E-2	0.446	0.158	0.473
0.600	1.290E-2	-4.852E-2	0.447	0.157	0.473
0.617	1.289E-2	-4.855E-2	1.017	1.414E-2	1.017
0.633	4.679E-2	-4.805E-2	1.016	1.494E-2	1.016
0.650	4.674E-2	-4.806E-2	0.758	0.261	0.801
0.667	7.204E-2	-3.936E-2	0.759	0.262	0.802
0.683	7.202E-2	-3.933E-2	0.486	-0.157	0.510
0.700	8.822E-2	-4.458E-2	0.485	-0.157	0.510
0.717	8.820E-2	-4.455E-2	0.375	1.907E-2	0.375
0.733	0.101	-4.394E-2	0.375	1.905E-2	0.376
0.750	0.101	-4.392E-2	0.186	-0.205	0.277
0.767	0.107	-5.077E-2	0.187	-0.206	0.278
0.783	0.107	-5.078E-2	0.220	0.135	0.258
0.800	0.114	-4.628E-2	0.219	0.136	0.258
0.817	0.114	-4.624E-2	6.320E-2	-7.628E-2	9.906E-2
0.833	0.116	-4.883E-2	6.339E-2	-7.787E-2	0.100
0.850	0.116	-4.883E-2	6.887E-2	3.029E-2	7.524E-2
0.867	0.119	-4.782E-2	6.995E-2	3.065E-2	7.637E-2
0.883	0.119	-4.781E-2	-0.119	5.716E-3	0.119
0.900	0.115	-4.762E-2	-0.121	4.502E-3	0.121
0.917	0.115	-4.766E-2	-6.271E-2	0.180	0.190
0.933	0.113	-4.164E-2	-6.295E-2	0.180	0.190
0.950	0.113	-4.168E-2	-8.611E-3	-0.219	0.219
0.967	0.112	-4.893E-2	-7.910E-3	-0.218	0.218
0.983	0.112	-4.895E-2	-0.263	-1.766E-2	0.264
1.000	0.104	-4.952E-2	-0.262	-1.665E-2	0.263
1.017	0.104	-4.951E-2	-0.552	-0.197	0.586
1.033	8.514E-2	-5.608E-2	-0.552	-0.199	0.586
1.050	8.515E-2	-5.612E-2	-1.025	0.312	1.072
1.067	5.097E-2	-4.567E-2	-1.027	0.312	1.074
1.083	5.091E-2	-4.571E-2	-0.744	-0.117	0.753
1.100	2.616E-2	-4.958E-2	-0.743	-0.117	0.752
1.117	2.616E-2	-4.962E-2	-0.449	-0.233	0.505
1.133	1.121E-2	-5.735E-2	-0.450	-0.231	0.506
1.150	1.116E-2	-5.732E-2	-0.315	0.508	0.598
1.167	7.151E-4	-4.040E-2	-0.313	0.508	0.597
1.183	7.233E-4	-4.037E-2	-0.313	-0.105	0.330
1.200	-9.724E-3	-4.390E-2	-0.313	-0.104	0.330
1.217	-9.696E-3	-4.385E-2	-0.445	-0.227	0.500
1.233	-2.457E-2	-5.147E-2	-0.446	-0.228	0.501
1.250	-2.456E-2	-5.146E-2	-7.958E-2	0.119	0.144
1.267	-2.722E-2	-4.748E-2	-7.814E-2	0.118	0.142
1.283	-2.716E-2	-4.752E-2	0.502	-0.165	0.528
1.300	-1.049E-2	-5.298E-2	0.501	-0.165	0.527
1.317	-1.047E-2	-5.301E-2	-0.243	4.782E-2	0.247
1.333	-1.857E-2	-5.138E-2	-0.242	4.704E-2	0.247
1.350	-1.855E-2	-5.144E-2	0.744	0.130	0.756
1.367	6.239E-3	-4.704E-2	0.743	0.133	0.755
1.383	6.209E-3	-4.701E-2	0.103	-0.205	0.229
1.400	9.679E-3	-5.387E-2	0.105	-0.207	0.232
1.417	9.715E-3	-5.391E-2	0.855	0.303	0.907
1.433	3.817E-2	-4.378E-2	0.853	0.304	0.905
1.450	3.813E-2	-4.376E-2	0.843	-0.301	0.895
1.467	6.626E-2	-5.380E-2	0.843	-0.302	0.895
1.483	6.622E-2	-5.384E-2	0.408	0.130	0.429
1.500	7.987E-2	-4.947E-2	0.408	0.130	0.429
1.517	7.983E-2	-4.949E-2	0.457	-1.192E-3	0.457
1.533	9.510E-2	-4.951E-2	0.460	-9.275E-4	0.460
1.550	9.515E-2	-4.952E-2	0.369	5.483E-2	0.373
1.567	0.107	-4.768E-2	0.368	5.530E-2	0.373
1.583	0.107	-4.768E-2	0.212	7.890E-2	0.226
1.600	0.114	-4.505E-2	0.212	7.864E-2	0.226
1.617	0.115	-4.506E-2	5.521E-3	-1.860E-2	1.940E-2
1.633	0.115	-4.567E-2	4.287E-3	-1.905E-2	1.952E-2
1.650	0.115	-4.569E-2	-4.683E-2	0.123	0.132
1.667	0.113	-4.157E-2	-4.706E-2	0.125	0.133
1.683	0.113	-4.154E-2	-0.155	-9.637E-2	0.183
1.700	0.108	-4.478E-2	-0.156	-9.787E-2	0.184
1.717	0.108	-4.480E-2	0.172	-0.227	0.285
1.733	0.114	-5.235E-2	0.172	-0.227	0.285
1.750	0.114	-5.236E-2	-0.438	7.298E-2	0.444
1.767	9.906E-2	-4.992E-2	-0.596	0.242	0.643
1.783	9.374E-2	-4.430E-2	-0.310	-0.165	0.351
1.800	8.874E-2	-5.542E-2	-0.152	-0.334	0.367
1.817	8.868E-2	-5.545E-2	-0.471	0.146	0.493
1.833	7.305E-2	-5.054E-2	-0.468	0.148	0.491
1.850	7.307E-2	-5.052E-2	-0.666	-0.118	0.677
1.867	5.083E-2	-5.446E-2	-0.669	-0.117	0.679
1.883	5.077E-2	-5.444E-2	-0.601	5.246E-2	0.604
1.900	3.078E-2	-5.271E-2	-0.599	5.118E-2	0.601
1.917	3.082E-2	-5.273E-2	-0.609	-6.277E-2	0.612
1.933	1.049E-2	-5.481E-2	-0.610	-6.310E-2	0.613
1.950	1.049E-2	-5.484E-2	-0.717	0.301	0.777
1.967	-1.340E-2	-4.477E-2	-0.715	0.301	0.776
1.983	-1.334E-2	-4.481E-2	9.117E-2	-0.433	0.443
2.000	-1.036E-2	-5.922E-2	8.979E-2	-0.434	0.443
2.017	-1.035E-2	-5.926E-2	-0.179	-0.209	0.275
2.033	-1.634E-2	-6.617E-2	-0.179	-0.207	0.274
2.050	-1.633E-2	-6.618E-2	-9.028E-2	0.241	0.258
2.067	-1.935E-2	-5.813E-2	-9.020E-2	0.242	0.258
2.083	-1.934E-2	-5.811E-2	0.226	2.421E-2	0.228
2.100	-1.180E-2	-5.733E-2	0.226	2.421E-2	0.228
2.117	-1.179E-2	-5.730E-2	0.657	0.227	0.696
2.133	1.011E-2	-4.975E-2	0.657	0.227	0.695
2.150	1.011E-2	-4.975E-2	0.457	0.106	0.470
2.167	2.536E-2	-4.621E-2	0.458	0.106	0.470
2.183	2.536E-2	-4.623E-2	0.375	-0.391	0.542
2.200	3.787E-2	-5.926E-2	0.375	-0.391	0.542
2.217	3.787E-2	-5.926E-2	0.408	0.373	0.552
2.233	5.146E-2	-4.684E-2	0.407	0.371	0.551
2.250	5.143E-2	-4.688E-2	0.763	4.575E-2	0.764
2.267	7.688E-2	-4.531E-2	0.762	4.644E-2	0.763
2.283	7.683E-2	-4.533E-2	0.319	0.121	0.341
2.300	8.753E-2	-4.128E-2	0.321	0.121	0.343
2.317	8.753E-2	-4.130E-2	0.492	1.545E-2	0.492
2.333	0.104	-4.076E-2	0.493	1.631E-2	0.493
2.350	0.104	-4.076E-2	9.426E-2	-1.154E-2	9.496E-2
2.367	0.107	-4.115E-2	9.399E-2	-1.192E-2	9.474E-2
2.383	0.107	-4.115E-2	-4.472E-2	1.818E-2	4.827E-2
2.400	0.106	-4.054E-2	-4.652E-2	1.946E-2	5.043E-2
2.417	0.106	-4.051E-2	4.029E-2	-0.186	0.190
2.433	0.107	-4.673E-2	4.399E-2	-0.187	0.192
2.450	0.107	-4.674E-2	-0.290	0.150	0.326
2.467	9.724E-2	-4.173E-2	-0.291	0.149	0.326
2.483	9.732E-2	-4.177E-2	-0.218	-0.162	0.272
2.500	8.997E-2	-4.714E-2	-0.219	-0.162	0.273
2.517	9.000E-2	-4.715E-2	-0.198	6.508E-2	0.208
2.533	8.337E-2	-4.497E-2	-0.199	6.676E-2	0.210
2.550	8.336E-2	-4.493E-2	-0.545	-0.300	0.622
2.567	6.519E-2	-5.495E-2	-0.544	-0.300	0.621
2.583	6.523E-2	-5.494E-2	-0.933	0.401	1.016
2.600	3.409E-2	-4.157E-2	-0.934	0.402	1.017
2.617	3.410E-2	-4.155E-2	-0.561	1.748E-2	0.562
2.633	1.537E-2	-4.099E-2	-0.563	1.567E-2	0.563
2.650	1.534E-2	-4.103E-2	-0.257	-0.163	0.304
2.667	6.800E-3	-4.642E-2	-0.256	-0.161	0.302
2.683	6.821E-3	-4.640E-2	-0.557	-0.371	0.669
2.700	-1.176E-2	-5.877E-2	-0.558	-0.370	0.670
2.717	-1.177E-2	-5.875E-2	0.207	0.170	0.268
2.733	-4.850E-3	-5.311E-2	0.207	0.168	0.267
2.750	-4.873E-3	-5.314E-2	-1.518E-3	-0.121	0.121
2.767	-4.901E-3	-5.715E-2	3.259E-5	-0.122	0.122
2.783	-4.872E-3	-5.721E-2	-4.002E-2	-9.033E-2	9.880E-2
2.800	-6.235E-3	-6.016E-2	-3.896E-2	-8.938E-2	9.750E-2
2.817	-6.171E-3	-6.019E-2	0.295	0.188	0.350
2.833	3.597E-3	-5.389E-2	0.294	0.188	0.349
2.850	3.625E-3	-5.393E-2	0.335	-8.652E-2	0.346
2.867	1.477E-2	-5.677E-2	0.335	-8.615E-2	0.346
2.883	1.480E-2	-5.680E-2	0.493	0.299	0.576
2.900	3.120E-2	-4.680E-2	0.494	0.301	0.579
2.917	3.127E-2	-4.676E-2	0.788	0.112	0.796
2.933	5.746E-2	-4.306E-2	0.784	0.110	0.792
2.950	5.742E-2	-4.310E-2	0.546	-0.234	0.594
2.967	7.566E-2	-5.087E-2	0.548	-0.234	0.596
2.983	7.568E-2	-5.091E-2	0.469	0.141	0.490
3.000	9.131E-2	-4.617E-2	0.469	0.140	0.489
3.017	9.131E-2	-4.623E-2	-5.160E-2	0.101	0.113
3.033	8.959E-2	-4.281E-2	-5.088E-2	0.102	0.114
3.050	8.961E-2	-4.284E-2	0.237	-5.086E-2	0.242
3.067	9.749E-2	-4.451E-2	0.235	-5.097E-2	0.240
3.083	9.743E-2	-4.454E-2	-5.034E-2	8.351E-2	9.751E-2
3.100	9.581E-2	-4.172E-2	-4.691E-2	8.584E-2	9.782E-2
3.117	9.587E-2	-4.168E-2	0.164	-0.268	0.314
3.133	0.101	-5.066E-2	0.161	-0.269	0.313
3.150	0.101	-5.065E-2	-0.431	2.470E-2	0.432
3.167	8.691E-2	-4.983E-2	-0.678	0.216	0.712
3.183	7.861E-2	-4.346E-2			
3.200					
3.217					
3.233	5.885E-2	-5.498E-2			
3.250					
3.267					
3.283					
3.300	4.311E-2	-5.056E-2			
3.317					
3.333	9.869E-3	-5.705E-2			
3.350					
3.367	-6.367E-5	-5.743E-2			
3.383	-1.038E-2	-5.705E-2	-0.264	-4.584E-2	0.268
3.400	-8.850E-3	-5.896E-2	0.358	-4.225E-2	0.361
3.417	1.569E-3	-5.846E-2			
3.433					
3.450	-1.191E-2	-5.820E-2			
3.467	-7.688E-3	-5.533E-2	0.126	8.612E-2	0.153
3.483	-7.704E-3	-5.533E-2	0.481	6.302E-2	0.485
3.500	8.341E-3	-5.323E-2	0.562	-0.201	0.596
3.517	1.102E-2	-6.202E-2			
3.533					
3.550					
3.567	3.897E-2	-5.311E-2			
3.583	4.764E-2	-4.521E-2	0.654	0.514	0.832
3.600	6.077E-2	-3.597E-2	0.332	4.499E-3	0.332
3.617	5.869E-2	-4.506E-2	0.711	-0.143	0.725
3.633	8.447E-2	-4.073E-2	0.774	0.130	0.785
3.650	8.450E-2	-4.072E-2	-3.193E-2	-0.118	0.123
3.667	8.341E-2	-4.468E-2	-3.650E-2	-0.118	0.123
3.683	8.328E-2	-4.464E-2	0.407	-4.096E-4	0.407
3.700	9.696E-2	-4.469E-2	0.408	2.625E-4	0.408
3.717	9.688E-2	-4.463E-2	3.600E-2	-2.200E-2	4.219E-2
3.733	9.816E-2	-4.542E-2	3.811E-2	-2.360E-2	4.483E-2
3.750	9.815E-2	-4.542E-2	-4.594E-2	-1.305E-2	4.776E-2
3.767	9.663E-2	-4.586E-2	-4.629E-2	-1.225E-2	4.789E-2
3.783	9.661E-2	-4.583E-2	-6.900E-2	-0.169	0.182
3.800	9.433E-2	-5.148E-2	-6.970E-2	-0.168	0.182
3.817	9.428E-2	-5.142E-2	-0.350	0.224	0.416
3.833	8.265E-2	-4.402E-2	-0.350	0.221	0.413
3.850	8.263E-2	-4.407E-2	-0.690	-0.204	0.719
3.867	5.966E-2	-5.082E-2	-0.690	-0.203	0.719
3.883	5.964E-2	-5.082E-2	-0.284	0.157	0.325
3.900	5.019E-2	-4.558E-2	-0.283	0.157	0.324
3.917	5.021E-2	-4.558E-2	-0.549	-0.101	0.559
3.933	3.188E-2	-4.896E-2	-0.550	-0.102	0.559
3.950	3.188E-2	-4.898E-2	-0.805	-0.201	0.830
3.967	5.048E-3	-5.565E-2	-0.807	-0.199	0.831
3.983	4.975E-3	-5.561E-2	0.134	4.022E-3	0.134
4.000	9.509E-3	-5.551E-2	0.134	4.306E-3	0.134
4.017	9.452E-3	-5.547E-2	-0.169	-0.188	0.253
4.033	3.880E-3	-6.179E-2	-0.168	-0.188	0.253
4.050	3.850E-3	-6.175E-2	-0.118	-2.856E-2	0.122
4.067	-5.992E-5	-6.274E-2	-0.118	-3.132E-2	0.122
4.083	-7.693E-5	-6.280E-2	0.455	0.221	0.506
4.100	1.510E-2	-5.537E-2	0.454	0.223	0.506
4.117	1.506E-2	-5.535E-2	0.276	-8.934E-3	0.276
4.133	2.431E-2	-5.567E-2	0.278	-8.824E-3	0.278
4.150	2.432E-2	-5.565E-2	0.544	0.199	0.579
4.167	4.244E-2	-4.905E-2	0.543	0.197	0.578
4.183	4.243E-2	-4.909E-2	0.200	0.283	0.347
4.200	4.912E-2	-3.963E-2	0.200	0.284	0.348
4.217	4.910E-2	-3.962E-2	0.525	-7.903E-2	0.530
4.233	6.661E-2	-4.226E-2	0.527	-7.855E-2	0.532
4.250	6.665E-2	-4.224E-2	0.501	-6.833E-2	0.506
4.267	8.331E-2	-4.454E-2	0.499	-6.957E-2	0.504
4.283	8.330E-2	-4.456E-2	-4.228E-2	1.612E-2	4.525E-2
4.300	8.191E-2	-4.400E-2	-4.301E-2	1.463E-2	4.542E-2
4.317	8.186E-2	-4.407E-2	0.536	-0.159	0.559
4.333	9.977E-2	-4.932E-2	0.537	-0.159	0.560
4.350	9.977E-2	-4.938E-2	-0.505	2.606E-2	0.505
4.367	8.295E-2	-4.845E-2			
4.383					
4.400	8.751E-2	-5.009E-2			
4.417	8.752E-2	-5.006E-2	-0.520	0.216	0.563
4.433	7.017E-2	-4.290E-2			
4.450					
4.467	4.834E-2	-4.585E-2			
4.483	4.831E-2	-4.588E-2	-0.329	-0.157	0.365
4.500	3.736E-2	-5.108E-2	-0.329	-0.156	0.364
4.517	3.734E-2	-5.108E-2	-0.738	-2.267E-3	0.738
4.533	1.276E-2	-5.116E-2	-0.738	-3.932E-3	0.738
4.550	1.273E-2	-5.121E-2	-0.163	-0.114	0.199
4.567	7.312E-3	-5.496E-2	-0.161	-0.113	0.197
4.583	7.352E-3	-5.496E-2	0.133	-6.010E-2	0.146
4.600	1.176E-2	-5.696E-2	0.133	-5.873E-2	0.145
4.617	1.178E-2	-5.692E-2	-6.896E-2	8.328E-2	0.108
4.633	9.458E-3	-5.419E-2	-6.939E-2	8.082E-2	0.107
4.650	9.472E-3	-5.423E-2	0.123	-3.858E-2	0.129
4.667	1.356E-2	-5.547E-2	0.124	-3.806E-2	0.130
4.683	1.360E-2	-5.550E-2	0.173	-7.043E-2	0.187
4.700	1.934E-2	-5.782E-2	0.172	-7.035E-2	0.186
4.717	1.935E-2	-5.784E-2	0.611	0.278	0.671
4.733	3.969E-2	-4.854E-2	0.610	0.277	0.670
4.750	3.969E-2	-4.861E-2	0.276	0.273	0.388
4.767	4.887E-2	-3.945E-2	0.274	0.274	0.388
4.783	4.881E-2	-3.946E-2	0.345	-0.158	0.379
4.800	6.038E-2	-4.471E-2	0.347	-0.157	0.381
4.817	6.038E-2	-4.469E-2	0.514	-0.267	0.579
4.833	7.752E-2	-5.360E-2	0.513	-0.266	0.578
4.850	7.748E-2	-5.354E-2	0.278	0.169	0.325
4.867	8.678E-2	-4.796E-2	0.278	0.168	0.325
4.883	8.675E-2	-4.796E-2	-0.155	-0.109	0.189
4.900	8.161E-2	-5.158E-2	-0.154	-0.109	0.189
4.917	8.162E-2	-5.159E-2	-7.371E-2	-1.594E-2	7.541E-2
4.933	7.915E-2	-5.211E-2	-7.402E-2	-1.520E-2	7.556E-2
4.950	7.915E-2	-5.210E-2	3.722E-3	0.188	0.188
4.967	7.927E-2	-4.585E-2	4.343E-3	0.188	0.188
4.983	7.930E-2	-4.584E-2	-0.370	-4.014E-2	0.372
5.000	6.693E-2	-4.719E-2	-0.371	-3.978E-2	0.374
5.017	6.692E-2	-4.717E-2	-0.433	3.584E-2	0.434
5.033	5.251E-2	-4.600E-2	-0.434	3.470E-2	0.435
5.050	5.246E-2	-4.601E-2	-0.656	6.247E-2	0.659
5.067	3.063E-2	-4.391E-2	-0.653	6.281E-2	0.656
5.083	3.069E-2	-4.392E-2	-0.172	-0.212	0.273
5.100	2.488E-2	-5.097E-2	-0.184	-0.215	0.283
5.117	2.456E-2	-5.109E-2	-0.189	-1.443E-2	0.189
5.133	1.860E-2	-5.145E-2	-0.181	-9.803E-3	0.181
5.150	1.854E-2	-5.142E-2	-0.345	-0.205	0.401
5.167	7.100E-3	-5.829E-2	-0.343	-0.205	0.400
5.183	7.094E-3	-5.824E-2	-1.771E-2	2.544E-2	3.100E-2
5.200	6.509E-3	-5.744E-2	-1.941E-2	2.371E-2	3.064E-2
5.217	6.447E-3	-5.745E-2	0.116	-3.059E-2	0.120
5.233	1.038E-2	-5.846E-2	0.118	-3.092E-2	0.122
5.250	1.037E-2	-5.848E-2	0.753	0.200	0.779
5.267	3.548E-2	-5.181E-2	0.753	0.200	0.779
5.283	3.548E-2	-5.182E-2	7.515E-2	0.329	0.337
5.300	3.798E-2	-4.086E-2	7.543E-2	0.328	0.336
5.317	3.799E-2	-4.089E-2	0.843	-0.189	0.864
5.333	6.609E-2	-4.715E-2	0.844	-0.188	0.864
5.350	6.611E-2	-4.715E-2	3.335E-2	-6.929E-3	3.406E-2
5.367	6.720E-2	-4.738E-2	3.080E-2	-8.012E-3	3.182E-2
5.383	6.714E-2	-4.742E-2	0.463	0.150	0.486
5.400	8.262E-2	-4.239E-2	0.463	0.152	0.487
5.417	8.258E-2	-4.235E-2	0.116	-0.425	0.441
5.433	8.649E-2	-5.657E-2	0.117	-0.426	0.442
5.450	8.649E-2	-5.655E-2	-0.377	0.140	0.402
5.467	7.393E-2	-5.188E-2	-0.375	0.142	0.401
5.483	7.398E-2	-5.182E-2	-0.103	6.714E-2	0.123
5.500	7.049E-2	-4.964E-2	-0.105	6.553E-2	0.124
5.517	7.047E-2	-4.964E-2	-0.425	0.147	0.450
5.533	5.630E-2	-4.474E-2	-0.423	0.148	0.448
5.550	5.637E-2	-4.471E-2	-0.479	-9.131E-2	0.488
5.567	4.033E-2	-4.778E-2	-0.481	-9.202E-2	0.489
5.583	4.035E-2	-4.777E-2	-0.414	-3.426E-3	0.414
5.600	2.652E-2	-4.790E-2	-0.415	-3.570E-3	0.415
5.617	2.651E-2	-4.789E-2	-0.413	-0.184	0.452
5.633	1.276E-2	-5.403E-2	-0.414	-0.185	0.454
5.650	1.270E-2	-5.407E-2	7.200E-2	5.065E-2	8.803E-2
5.667	1.516E-2	-5.234E-2	7.442E-2	5.102E-2	9.023E-2
5.683	1.518E-2	-5.237E-2	-3.078E-2	6.343E-2	7.050E-2
5.700	1.414E-2	-5.023E-2	-3.065E-2	6.266E-2	6.975E-2
5.717	1.415E-2	-5.028E-2	0.153	0.148	0.213
5.733	1.923E-2	-4.529E-2	0.152	0.149	0.213
5.750	1.922E-2	-4.532E-2	0.424	8.815E-2	0.433
5.767	3.336E-2	-4.236E-2	0.425	8.892E-2	0.434
5.783	3.338E-2	-4.236E-2	0.488	-4.468E-2	0.490
5.800	4.963E-2	-4.385E-2	0.487	-4.565E-2	0.489
5.817	4.961E-2	-4.388E-2	0.346	-6.151E-3	0.346
5.833	6.116E-2	-4.405E-2	0.347	-5.054E-3	0.347
5.850	6.118E-2	-4.405E-2	0.353	-0.177	0.395
5.867	7.294E-2	-4.996E-2	0.353	-0.176	0.395
5.883	7.296E-2	-4.990E-2	0.160	-1.307E-3	0.160
5.900	7.826E-2	-5.000E-2	0.159	-4.317E-3	0.159
5.917	7.826E-2	-5.004E-2	0.149	-0.174	0.229
5.933	8.323E-2	-5.579E-2	0.149	-0.172	0.227
5.950	8.323E-2	-5.577E-2	-0.207	0.295	0.361
5.967	7.632E-2	-4.595E-2	-0.208	0.295	0.361
5.983	7.630E-2	-4.593E-2	-0.270	-5.640E-2	0.276
6.000	6.731E-2	-4.783E-2	-0.270	-5.717E-2	0.276
6.017	6.731E-2	-4.783E-2	-0.478	0.161	0.505
6.033	5.137E-2	-4.246E-2	-0.478	0.160	0.504
6.050	5.139E-2	-4.250E-2	-0.503	5.055E-2	0.506
6.067	3.459E-2	-4.077E-2	-0.504	5.254E-2	0.506
6.083	3.461E-2	-4.075E-2	-0.485	-0.511	0.705
6.100	1.841E-2	-5.782E-2	-0.485	-0.512	0.705
6.117	1.845E-2	-5.782E-2	0.233	0.333	0.406
6.133	2.617E-2	-4.673E-2	0.231	0.331	0.404
6.150	2.615E-2	-4.677E-2	-0.126	-6.248E-2	0.140
6.167	2.199E-2	-4.881E-2	-0.125	-6.255E-2	0.140
6.183	2.198E-2	-4.886E-2	-9.503E-2	-0.267	0.283
6.200	1.882E-2	-5.769E-2	-9.497E-2	-0.266	0.282
6.217	1.882E-2	-5.771E-2	0.373	0.423	0.564
6.233	3.124E-2	-4.360E-2	0.372	0.422	0.563
6.250	3.123E-2	-4.364E-2	0.374	-0.163	0.408
6.267	4.370E-2	-4.904E-2	0.375	-0.161	0.408
6.283	4.372E-2	-4.901E-2	0.501	-9.039E-2	0.509
6.300	6.039E-2	-5.206E-2	0.510	-7.677E-2	0.516
6.317	6.072E-2	-5.157E-2	0.332	-4.566E-3	0.332
6.333	7.147E-2	-5.221E-2	0.327	-2.011E-2	0.327
6.350	7.162E-2	-5.224E-2	-0.111	2.748E-2	0.114
6.367	6.777E-2	-5.129E-2	-0.114	2.720E-2	0.117
6.383	6.782E-2	-5.133E-2	0.253	2.002E-2	0.254
6.400	7.620E-2	-5.062E-2	0.251	2.110E-2	0.251
6.417	7.617E-2	-5.063E-2	-9.146E-2	0.150	0.175
6.433	7.315E-2	-4.563E-2	-9.026E-2	0.151	0.176
6.450	7.317E-2	-4.560E-2	-0.267	0.104	0.286
6.467	6.426E-2	-4.216E-2	-0.266	0.102	0.285
6.483	6.430E-2	-4.220E-2	-0.631	7.235E-2	0.635
6.500	4.323E-2	-3.974E-2	-0.633	7.433E-2	0.637
6.517	4.321E-2	-3.972E-2	-9.072E-2	-0.113	0.145
6.533	4.020E-2	-4.351E-2	-8.967E-2	-0.114	0.145
6.550	4.022E-2	-4.351E-2	-0.609	-9.128E-2	0.616
6.567	1.989E-2	-4.655E-2	-0.610	-8.987E-2	0.616
6.583	1.990E-2	-4.650E-2	6.088E-2	-0.106	0.122
6.600	2.192E-2	-5.007E-2	6.185E-2	-0.106	0.122
6.617	2.196E-2	-5.002E-2	-0.109	-0.154	0.189
6.633	1.830E-2	-5.521E-2	-0.110	-0.157	0.191
6.650	1.829E-2	-5.524E-2	3.508E-2	-0.190	0.193
6.667	1.947E-2	-6.154E-2	3.588E-2	-0.188	0.192
6.683	1.949E-2	-6.151E-2	0.352	2.102E-2	0.353
6.700	3.120E-2	-6.084E-2	0.352	1.984E-2	0.352
6.717	3.121E-2	-6.085E-2	0.533	0.381	0.655
6.733	4.897E-2	-4.815E-2	0.533	0.378	0.654
6.750	4.898E-2	-4.824E-2	0.288	-0.190	0.345
6.767	5.857E-2	-5.449E-2	0.288	-0.187	0.344
6.783	5.859E-2	-5.448E-2	0.404	0.217	0.459
6.800	7.203E-2	-4.726E-2	0.403	0.216	0.457
6.817	7.202E-2	-4.727E-2	0.251	0.352	0.433
6.833	8.040E-2	-3.551E-2	0.251	0.352	0.432
6.850	8.038E-2	-3.554E-2	-0.167	-2.796E-2	0.170
6.867	7.482E-2	-3.644E-2	-0.167	-2.682E-2	0.169
6.883	7.481E-2	-3.643E-2	-0.339	-0.208	0.398
6.900	6.353E-2	-4.338E-2	-0.338	-0.208	0.397
6.917	6.354E-2	-4.336E-2	-0.409	-7.472E-2	0.416
6.933	4.990E-2	-4.587E-2	-0.411	-7.556E-2	0.417
6.950	4.986E-2	-4.588E-2	-0.104	-0.171	0.200
6.967	4.643E-2	-5.157E-2	-0.102	-0.171	0.199
6.983	4.645E-2	-5.158E-2	-0.267	3.299E-3	0.267
7.000	3.754E-2	-5.146E-2	-0.266	3.589E-3	0.266
7.017	3.759E-2	-5.146E-2	-0.258	-0.258	0.365
7.033	2.894E-2	-6.006E-2	-0.259	-0.257	0.365
7.050	2.896E-2	-6.004E-2	-0.495	-1.869E-2	0.495
7.067	1.246E-2	-6.069E-2	-0.495	-1.993E-2	0.496
7.083	1.244E-2	-6.071E-2	0.411	0.108	0.425
7.100	2.615E-2	-5.710E-2	0.411	0.108	0.425
7.117	2.614E-2	-5.709E-2	0.134	0.150	0.201
7.133	3.061E-2	-5.209E-2	0.133	0.149	0.200
7.150	3.058E-2	-5.211E-2	0.387	6.303E-2	0.393
7.167	4.352E-2	-4.999E-2	0.388	6.374E-2	0.393
7.183	4.350E-2	-4.999E-2	7.591E-2	0.129	0.150
7.200	4.605E-2	-4.569E-2	7.739E-2	0.128	0.149
7.217	4.608E-2	-4.574E-2	0.535	0.122	0.549
7.233	6.390E-2	-4.161E-2	0.535	0.125	0.550
7.250	6.393E-2	-4.157E-2	0.186	5.586E-2	0.195
7.267	7.012E-2	-3.974E-2	0.187	4.887E-2	0.193
7.283	7.017E-2	-3.994E-2	0.183	2.135E-2	0.184
7.300	7.622E-2	-3.903E-2	0.181	2.636E-2	0.183
7.317	7.620E-2	-3.906E-2	-0.312	-0.252	0.401
7.333	6.581E-2	-4.743E-2	-0.313	-0.251	0.401
7.350	6.578E-2	-4.744E-2	-0.102	-9.917E-2	0.143
7.367	6.239E-2	-5.073E-2	-0.102	-9.790E-2	0.142
7.383	6.237E-2	-5.070E-2	-0.307	5.369E-2	0.312
7.400	5.216E-2	-4.894E-2	-0.305	5.157E-2	0.310
7.417	5.219E-2	-4.898E-2	-0.439	-0.269	0.515
7.433	3.752E-2	-5.793E-2	-0.441	-0.268	0.517
7.450	3.748E-2	-5.793E-2	-0.214	4.978E-2	0.219
7.467	3.040E-2	-5.627E-2	-0.212	4.933E-2	0.218
7.483	3.041E-2	-5.629E-2	-0.416	-0.165	0.447
7.500	1.654E-2	-6.175E-2	-0.417	-0.164	0.448
7.517	1.651E-2	-6.175E-2	6.628E-3	5.515E-2	5.554E-2
7.533	1.676E-2	-5.992E-2	6.703E-3	5.447E-2	5.488E-2
7.550	1.673E-2	-5.994E-2	0.505	0.264	0.569
7.567	3.358E-2	-5.113E-2	0.504	0.265	0.570
7.583	3.354E-2	-5.111E-2	0.310	0.146	0.343
7.600	4.393E-2	-4.627E-2	0.312	0.145	0.344
7.617	4.395E-2	-4.627E-2	3.067E-2	0.127	0.130
7.633	4.495E-2	-4.205E-2	4.081E-2	0.128	0.134
7.650	4.531E-2	-4.201E-2	0.482	-6.842E-2	0.487
7.667	6.102E-2	-4.433E-2	0.472	-6.912E-2	0.477
7.683	6.104E-2	-4.431E-2	8.009E-2	-4.076E-2	8.986E-2
7.700	6.369E-2	-4.569E-2	7.882E-2	-4.182E-2	8.923E-2
7.717	6.367E-2	-4.571E-2	0.322	0.189	0.373
7.733	7.442E-2	-3.938E-2	0.321	0.190	0.373
7.750	7.438E-2	-3.937E-2	-0.402	-0.290	0.496
7.767	6.103E-2	-4.907E-2	-0.401	-0.293	0.496
7.783	6.103E-2	-4.913E-2	-0.186	-6.283E-3	0.186
7.800	5.484E-2	-4.927E-2	-0.187	-4.481E-3	0.187
7.817	5.479E-2	-4.927E-2	-0.485	-0.142	0.506
7.833	3.865E-2	-5.399E-2	-0.486	-0.141	0.506
7.850	3.861E-2	-5.396E-2	4.335E-2	6.006E-2	7.407E-2
7.867	4.010E-2	-5.199E-2	1.722E-3	6.049E-2	6.052E-2
7.883	3.866E-2	-5.195E-2	-0.291	-0.139	0.323
7.900	3.039E-2	-5.663E-2	-0.248	-0.143	0.286
7.917	3.041E-2	-5.671E-2	-0.271	-0.151	0.310
7.933	2.136E-2	-6.166E-2	-0.273	-0.146	0.309
7.950	2.133E-2	-6.158E-2	0.218	0.312	0.381
7.967	2.863E-2	-5.126E-2	0.219	0.312	0.381
7.983	2.862E-2	-5.119E-2	0.155	0.159	0.222
8.000	3.380E-2	-4.595E-2	0.155	0.157	0.221
8.017	3.380E-2	-4.596E-2	0.349	6.672E-2	0.356
8.033	4.545E-2	-4.372E-2	0.348	6.562E-2	0.355
8.050	4.542E-2	-4.378E-2	0.239	-3.808E-3	0.239
8.067	5.342E-2	-4.385E-2	0.239	-3.250E-3	0.239
8.083	5.340E-2	-4.389E-2	0.219	-3.137E-2	0.221
8.100	6.072E-2	-4.490E-2	0.219	-3.171E-2	0.221
8.117	6.069E-2	-4.494E-2	0.250	-0.236	0.344
8.133	6.905E-2	-5.275E-2	0.250	-0.234	0.343
8.150	6.904E-2	-5.275E-2	5.517E-2	0.172	0.181
8.167	7.089E-2	-4.702E-2	5.388E-2	0.172	0.180
8.183	7.083E-2	-4.703E-2	-0.419	1.982E-2	0.419
8.200	5.693E-2	-4.636E-2	-0.418	1.934E-2	0.418
8.217	5.690E-2	-4.638E-2	6.196E-4	-0.110	0.110
8.233	5.695E-2	-5.002E-2	1.314E-4	-0.110	0.110
8.250	5.690E-2	-5.006E-2	-0.384	2.894E-2	0.385
8.267	4.414E-2	-4.905E-2	-0.382	2.978E-2	0.383
8.283	4.416E-2	-4.907E-2	-0.440	-5.657E-2	0.444
8.300	2.947E-2	-5.094E-2	-0.439	-5.619E-2	0.443
8.317	2.953E-2	-5.094E-2	-0.106	0.179	0.208
8.333	2.593E-2	-4.497E-2	-0.110	0.180	0.211
8.350	2.586E-2	-4.493E-2	0.130	-0.243	0.276
8.367	3.025E-2	-5.308E-2	0.133	-0.243	0.277
8.383	3.028E-2	-5.303E-2	0.123	-3.046E-2	0.127
8.400	3.435E-2	-5.410E-2	0.122	-3.145E-2	0.126
8.417	3.436E-2	-5.408E-2	1.638E-2	4.905E-2	5.172E-2
8.433	3.490E-2	-5.246E-2	1.489E-2	4.753E-2	4.981E-2
8.450	3.486E-2	-5.250E-2	0.246	6.961E-2	0.255
8.467	4.309E-2	-5.014E-2	0.247	7.040E-2	0.256
8.483	4.308E-2	-5.015E-2	0.538	-9.199E-2	0.546
8.500	6.101E-2	-5.321E-2	0.539	-9.125E-2	0.547
8.517	6.104E-2	-5.319E-2	0.188	9.432E-2	0.210
8.533	6.727E-2	-5.006E-2	0.188	9.446E-2	0.210
8.550	6.730E-2	-5.004E-2	6.435E-2	0.107	0.124
8.567	6.941E-2	-4.651E-2	6.278E-2	0.106	0.123
8.583	6.939E-2	-4.651E-2	-7.215E-2	1.603E-2	7.391E-2
8.600	6.701E-2	-4.598E-2	-7.055E-2	1.653E-2	7.246E-2
8.617	6.704E-2	-4.596E-2	-0.154	-0.103	0.185
8.633	6.188E-2	-4.942E-2	-0.156	-0.103	0.187
8.650	6.184E-2	-4.938E-2	-0.516	0.160	0.540
8.667	4.469E-2	-4.409E-2	-0.516	0.160	0.540
8.683	4.464E-2	-4.406E-2	-0.237	-0.185	0.301
8.700	3.678E-2	-5.026E-2	-0.235	-0.187	0.300
8.717	3.682E-2	-5.028E-2	-0.212	-0.240	0.320
8.733	2.971E-2	-5.827E-2	-0.215	-0.239	0.321
8.750	2.966E-2	-5.824E-2	-0.335	6.858E-3	0.335
8.767	1.854E-2	-5.804E-2	-0.333	7.598E-3	0.333
8.783	1.857E-2	-5.799E-2	0.463	0.198	0.503
8.800	3.396E-2	-5.144E-2	0.557	9.458E-2	0.565
8.817	3.714E-2	-5.484E-2	0.157	5.948E-2	0.168
8.833	3.918E-2	-4.946E-2	5.979E-2	0.159	0.170
8.850	3.913E-2	-4.953E-2	0.194	-5.158E-2	0.200
8.867	4.564E-2	-5.118E-2	0.196	-4.927E-2	0.202
8.883	4.566E-2	-5.117E-2	0.238	0.165	0.290
8.900	5.357E-2	-4.568E-2	0.239	0.163	0.289
8.917	5.364E-2	-4.574E-2	0.335	-0.165	0.374
8.933	6.475E-2	-5.117E-2	0.332	-0.163	0.370
8.950	6.470E-2	-5.117E-2	0.162	7.748E-2	0.179
8.967	7.013E-2	-4.859E-2	0.163	7.594E-2	0.180
8.983	7.014E-2	-4.864E-2	-2.247E-2	-1.362E-2	2.628E-2
9.000	6.939E-2	-4.904E-2	-2.313E-2	-1.159E-2	2.587E-2
9.017	6.937E-2	-4.902E-2	-0.259	0.216	0.337
9.033	6.074E-2	-4.184E-2	-0.257	0.216	0.336
9.050	6.080E-2	-4.181E-2	-0.445	-0.234	0.503
9.067	4.591E-2	-4.966E-2	-0.446	-0.235	0.504
9.083	4.594E-2	-4.965E-2	-0.205	8.179E-2	0.220
9.100	3.908E-2	-4.693E-2	-0.203	8.135E-2	0.219
9.117	3.917E-2	-4.693E-2	-0.125	-2.585E-2	0.128
9.133	3.490E-2	-4.779E-2	-0.129	-2.609E-2	0.132
9.150	3.486E-2	-4.780E-2	-4.133E-2	-0.110	0.118
9.167	3.353E-2	-5.146E-2	-3.988E-2	-0.109	0.116
9.183	3.353E-2	-5.145E-2	-1.588E-2	-8.390E-2	8.539E-2
9.200	3.300E-2	-5.426E-2	-1.501E-2	-8.460E-2	8.592E-2
9.217	3.303E-2	-5.427E-2	8.231E-2	0.104	0.132
9.233	3.574E-2	-5.080E-2	8.167E-2	0.103	0.132
9.250	3.575E-2	-5.082E-2	0.185	-0.333	0.380
9.267	4.189E-2	-6.189E-2	0.184	-0.332	0.380
9.283	4.190E-2	-6.189E-2	0.141	0.144	0.202
9.300	4.661E-2	-5.709E-2	0.142	0.144	0.202
9.317	4.662E-2	-5.708E-2	9.206E-2	0.142	0.170
9.333	4.968E-2	-5.234E-2	9.239E-2	0.142	0.169
9.350	4.970E-2	-5.236E-2	0.573	0.206	0.609
9.367	6.878E-2	-4.549E-2	0.571	0.207	0.608
9.383	6.875E-2	-4.545E-2	-6.180E-2	4.627E-2	7.720E-2
9.400	6.672E-2	-4.395E-2	-6.235E-2	4.668E-2	7.789E-2
9.417	6.667E-2	-4.390E-2	-0.174	-1.476E-2	0.175
9.433	6.092E-2	-4.444E-2	-0.172	-1.512E-2	0.173
9.450	6.093E-2	-4.440E-2	-0.415	0.221	0.470
9.467	4.709E-2	-3.708E-2	-0.415	0.219	0.469
9.483	4.710E-2	-3.710E-2	-0.143	-0.313	0.344
9.500	4.233E-2	-4.753E-2	-0.144	-0.313	0.344
9.517	4.231E-2	-4.753E-2	-0.336	5.218E-2	0.340
9.533	3.112E-2	-4.579E-2	-0.336	5.394E-2	0.340
9.550	3.111E-2	-4.574E-2	6.611E-2	-0.316	0.323
9.567	3.332E-2	-5.632E-2	6.731E-2	-0.317	0.324
9.583	3.335E-2	-5.630E-2	7.698E-2	-0.285	0.295
9.600	3.589E-2	-6.581E-2	7.663E-2	-0.285	0.295
9.617	3.590E-2	-6.580E-2	0.251	0.249	0.353
9.633	4.425E-2	-5.751E-2	0.250	0.251	0.355
9.650	4.425E-2	-5.742E-2	-1.093E-3	0.141	0.141
9.667	4.422E-2	-5.282E-2	-2.979E-4	0.139	0.139
9.683	4.424E-2	-5.278E-2	0.223	3.394E-2	0.225
9.700	5.164E-2	-5.169E-2	0.223	3.186E-2	0.225
9.717	5.168E-2	-5.172E-2	0.143	0.226	0.267
9.733	5.639E-2	-4.418E-2	0.141	0.227	0.267
9.750	5.637E-2	-4.415E-2	0.175	-3.063E-2	0.178
9.767	6.223E-2	-4.520E-2	0.177	-3.148E-2	0.179
9.783	6.225E-2	-4.520E-2	-6.152E-2	0.125	0.139
9.800	6.018E-2	-4.103E-2	-6.415E-2	0.125	0.140
9.817	6.011E-2	-4.104E-2	-0.269	0.102	0.288
9.833	5.121E-2	-3.762E-2	-0.268	0.102	0.286
9.850	5.119E-2	-3.763E-2	-0.118	-0.236	0.264
9.867	4.726E-2	-4.549E-2	-0.117	-0.235	0.262
9.883	4.728E-2	-4.546E-2	-0.354	5.107E-2	0.357
9.900	3.547E-2	-4.378E-2	-0.353	5.038E-2	0.356
9.917	3.553E-2	-4.378E-2	-4.721E-2	-7.670E-2	9.006E-2
9.933	3.390E-2	-4.634E-2	-4.696E-2	-7.788E-2	9.094E-2
9.950	3.397E-2	-4.637E-2	-6.077E-2	-0.323	0.329
9.967	3.188E-2	-5.712E-2	-6.227E-2	-0.322	0.328
9.983	3.189E-2	-5.709E-2	9.019E-3	9.955E-3	1.343E-2
10.000	3.218E-2	-5.679E-2	7.190E-3	8.602E-3	1.121E-2
10.017	3.213E-2	-5.681E-2	0.515	-9.642E-3	0.515
10.033	4.933E-2	-5.711E-2	0.516	-7.502E-3	0.516
10.050	4.933E-2	-5.706E-2	2.102E-2	-2.204E-2	3.046E-2
10.067	5.003E-2	-5.784E-2	2.068E-2	-2.377E-2	3.151E-2
10.083	5.002E-2	-5.785E-2	-4.640E-3	6.482E-2	6.499E-2
10.100	4.988E-2	-5.568E-2	-3.902E-3	6.767E-2	6.779E-2
10.117	4.989E-2	-5.559E-2	1.610E-2	0.471	0.472
10.133	5.041E-2	-3.997E-2	1.526E-2	0.468	0.468
10.150	5.039E-2	-4.000E-2	0.148	-0.232	0.275
10.167	5.534E-2	-4.772E-2	0.148	-0.231	0.274
10.183	5.533E-2	-4.769E-2	-0.231	0.302	0.381
10.200	4.763E-2	-3.764E-2	-0.230	0.302	0.379
10.217	4.767E-2	-3.762E-2	-8.673E-2	8.551E-2	0.122
10.233	4.474E-2	-3.479E-2	-8.736E-2	8.501E-2	0.122
10.250	4.476E-2	-3.479E-2	-0.168	-0.306	0.349
10.267	3.914E-2	-4.499E-2	-0.167	-0.304	0.347
10.283	3.918E-2	-4.492E-2	-0.214	-0.105	0.238
10.300	3.202E-2	-4.850E-2	-0.214	-0.106	0.239
10.317	3.204E-2	-4.846E-2	0.138	-0.358	0.383
10.333	3.662E-2	-6.042E-2	0.139	-0.360	0.386
10.350	3.668E-2	-6.046E-2	0.192	5.343E-2	0.199
10.367	4.302E-2	-5.864E-2	0.192	5.451E-2	0.200
10.383	4.309E-2	-5.864E-2	0.163	9.856E-2	0.190
10.400	4.844E-2	-5.535E-2	0.160	9.893E-2	0.188
10.417	4.840E-2	-5.534E-2	4.279E-2	8.338E-2	9.372E-2
10.433	4.986E-2	-5.258E-2	4.287E-2	8.121E-2	9.184E-2
10.450	4.983E-2	-5.263E-2	-6.131E-2	-8.488E-2	0.105
10.467	4.782E-2	-5.540E-2	-6.180E-2	-8.194E-2	0.103
10.483	4.777E-2	-5.537E-2	0.162	0.257	0.304
10.500	5.323E-2	-4.684E-2	0.163	0.252	0.300
10.517	5.322E-2	-4.696E-2	-0.187	0.237	0.301
10.533	4.701E-2	-3.896E-2	-0.187	0.241	0.305
10.550	4.700E-2	-3.894E-2	-4.775E-2	-0.157	0.164
10.567	4.542E-2	-4.419E-2	-4.770E-2	-0.157	0.164
10.583	4.541E-2	-4.417E-2	2.276E-2	-3.312E-2	4.019E-2
10.600	4.617E-2	-4.529E-2	2.365E-2	-3.502E-2	4.225E-2
10.617	4.620E-2	-4.534E-2	-8.336E-2	-0.110	0.138
10.633	4.340E-2	-4.896E-2	-8.575E-2	-0.109	0.139
10.650	4.334E-2	-4.898E-2	-9.836E-2	-0.161	0.188
10.667	4.012E-2	-5.432E-2	-9.736E-2	-0.161	0.188
10.683	4.009E-2	-5.433E-2	-0.183	1.014E-2	0.183
10.700	3.401E-2	-5.398E-2	-0.183	1.133E-2	0.183
10.717	3.399E-2	-5.395E-2	0.169	-0.142	0.221
10.733	3.966E-2	-5.871E-2	0.171	-0.144	0.223
10.750	3.968E-2	-5.874E-2	0.242	1.351E-2	0.242
10.767	4.772E-2	-5.826E-2	0.242	1.491E-2	0.242
10.783	4.773E-2	-5.825E-2	0.305	0.162	0.346
10.800	5.789E-2	-5.286E-2	0.306	0.161	0.345
10.817	5.791E-2	-5.289E-2	6.172E-2	1.599E-2	6.376E-2
10.833	5.995E-2	-5.233E-2	6.008E-2	1.715E-2	6.248E-2
10.850	5.992E-2	-5.232E-2	-0.271	0.300	0.405
10.867	5.090E-2	-4.233E-2	-0.271	0.299	0.404
10.883	5.089E-2	-4.234E-2	-0.111	-0.130	0.171
10.900	4.719E-2	-4.666E-2	-0.116	-0.130	0.175
10.917	4.702E-2	-4.668E-2	-0.136	0.252	0.286
10.933	4.265E-2	-3.826E-2	-0.130	0.251	0.283
10.950	4.269E-2	-3.830E-2	1.442E-2	-0.354	0.355
10.967	4.313E-2	-5.007E-2	1.221E-2	-0.352	0.352
10.983	4.310E-2	-5.003E-2	-0.214	0.125	0.247
11.000	3.601E-2	-4.592E-2	-0.211	0.124	0.245
11.017	3.605E-2	-4.591E-2	1.170E-3	-0.136	0.136
11.033	3.605E-2	-5.046E-2	7.836E-3	-0.150	0.150
11.050	3.632E-2	-5.091E-2	-2.856E-2	3.332E-2	4.388E-2
11.067	3.510E-2	-4.935E-2	-3.439E-2	4.655E-2	5.788E-2
11.083	3.517E-2	-4.935E-2	0.229	-0.189	0.297
11.100	4.272E-2	-5.566E-2	0.225	-0.188	0.294
11.117	4.268E-2	-5.563E-2	0.326	3.497E-3	0.326
11.133	5.358E-2	-5.554E-2	0.328	4.433E-3	0.328
11.150	5.360E-2	-5.549E-2	-6.801E-2	-5.818E-2	8.950E-2
11.167	5.131E-2	-5.748E-2	-6.911E-2	-5.924E-2	9.102E-2
11.183	5.130E-2	-5.746E-2	2.348E-2	6.347E-2	6.768E-2
11.200	5.209E-2	-5.537E-2	2.312E-2	6.330E-2	6.739E-2
11.217	5.207E-2	-5.535E-2	3.357E-3	0.412	0.412
11.233	5.220E-2	-4.163E-2	3.179E-3	0.410	0.410
11.250	5.218E-2	-4.167E-2	1.048E-2	3.359E-2	3.518E-2
11.267	5.255E-2	-4.051E-2	1.195E-2	3.454E-2	3.655E-2
11.283	5.258E-2	-4.052E-2	-0.354	-0.176	0.396
11.300	4.074E-2	-4.639E-2	-0.355	-0.176	0.396
11.317	4.074E-2	-4.640E-2	-0.236	0.139	0.274
11.333	3.286E-2	-4.176E-2	-0.236	0.138	0.273
11.350	3.288E-2	-4.182E-2	0.243	-0.152	0.286
11.367	4.096E-2	-4.682E-2	0.242	-0.149	0.285
11.383	4.096E-2	-4.679E-2	0.145	-0.130	0.195
11.400	4.580E-2	-5.114E-2	0.146	-0.132	0.197
11.417	4.582E-2	-5.120E-2	-6.035E-2	-0.240	0.247
11.433	4.378E-2	-5.913E-2	-6.263E-2	-0.239	0.247
11.450	4.373E-2	-5.915E-2	0.303	5.900E-2	0.308
11.467	5.387E-2	-5.716E-2	0.305	5.882E-2	0.310
11.483	5.389E-2	-5.719E-2	-6.006E-2	0.132	0.145
11.500	5.187E-2	-5.277E-2	-5.948E-2	0.133	0.146
11.517	5.190E-2	-5.275E-2	-0.113	-0.124	0.167
11.533	4.812E-2	-5.689E-2	-0.113	-0.125	0.168
11.550	4.814E-2	-5.692E-2	6.524E-2	0.267	0.275
11.567	5.029E-2	-4.800E-2	6.332E-2	0.269	0.277
11.583	5.025E-2	-4.794E-2	-7.649E-2	0.106	0.131
11.600	4.774E-2	-4.445E-2	-7.462E-2	0.106	0.129
11.617	4.776E-2	-4.443E-2	-0.121	-3.916E-2	0.127
11.633	4.370E-2	-4.575E-2	-0.120	-3.973E-2	0.127
11.650	4.376E-2	-4.575E-2	-0.104	9.546E-2	0.141
11.667	4.023E-2	-4.257E-2	-0.106	9.469E-2	0.142
11.683	4.023E-2	-4.259E-2	0.189	-9.843E-2	0.213
11.700	4.652E-2	-4.585E-2	0.187	-9.751E-2	0.211
11.717	4.647E-2	-4.584E-2	-8.084E-2	-0.303	0.313
11.733	4.382E-2	-5.594E-2	-7.871E-2	-0.301	0.311
11.750	4.385E-2	-5.587E-2	-5.803E-2	-1.472E-2	5.987E-2
11.767	4.189E-2	-5.644E-2	-5.789E-2	-1.607E-2	6.008E-2
11.783	4.192E-2	-5.641E-2	-5.172E-2	8.382E-2	9.849E-2
11.800	4.016E-2	-5.364E-2	-5.171E-2	8.279E-2	9.761E-2
11.817	4.019E-2	-5.365E-2	0.227	-4.229E-2	0.231
11.833	4.773E-2	-5.505E-2	0.226	-4.309E-2	0.231
11.850	4.774E-2	-5.509E-2	6.980E-2	8.915E-2	0.113
11.867	5.005E-2	-5.208E-2	7.036E-2	8.920E-2	0.114
11.883	5.009E-2	-5.211E-2	0.107	0.200	0.227
11.900	5.361E-2	-4.541E-2	0.107	0.200	0.227
11.917	5.366E-2	-4.545E-2	-0.153	-0.118	0.193
11.933	4.851E-2	-4.934E-2	-0.154	-0.117	0.194
11.950	4.852E-2	-4.936E-2	3.378E-2	0.195	0.198
11.967	4.964E-2	-4.283E-2	3.203E-2	0.195	0.198
11.983	4.959E-2	-4.286E-2	-0.166	0.101	0.194
12.000	4.410E-2	-3.947E-2	-0.164	0.102	0.193
12.017	4.413E-2	-3.946E-2	9.538E-2	-0.287	0.302
12.033	4.728E-2	-4.902E-2	9.272E-2	-0.284	0.299
12.050	4.722E-2	-4.894E-2	3.412E-2	8.606E-2	9.258E-2
12.067	4.841E-2	-4.615E-2	3.574E-2	8.455E-2	9.179E-2
12.083	4.841E-2	-4.612E-2	-4.640E-2	-0.275	0.279
12.100	4.687E-2	-5.532E-2	-4.693E-2	-0.275	0.279
12.117	4.685E-2	-5.530E-2	1.730E-2	0.111	0.112
12.133	4.744E-2	-5.161E-2	1.932E-2	0.111	0.113
12.150	4.749E-2	-5.160E-2	-0.158	2.058E-3	0.158
12.167	4.219E-2	-5.154E-2	-0.159	6.468E-4	0.159
12.183	4.217E-2	-5.157E-2	8.914E-2	-0.185	0.206
12.200	4.516E-2	-5.773E-2	8.981E-2	-0.184	0.205
12.217	4.517E-2	-5.771E-2	0.149	0.168	0.225
12.233	5.012E-2	-5.211E-2	0.148	0.168	0.224
12.250	5.010E-2	-5.212E-2	0.111	9.453E-2	0.146
12.267	5.381E-2	-4.896E-2	0.110	9.445E-2	0.145
12.283	5.378E-2	-4.897E-2	0.169	4.600E-2	0.175
12.300	5.945E-2	-4.743E-2	0.171	4.621E-2	0.177
12.317	5.947E-2	-4.743E-2	-9.603E-2	9.716E-2	0.137
12.333	5.625E-2	-4.419E-2	-9.664E-2	9.701E-2	0.137
12.350	5.625E-2	-4.420E-2	-0.440	0.114	0.454
12.367	4.159E-2	-4.039E-2	-0.439	0.114	0.454
12.383	4.161E-2	-4.041E-2	3.400E-2	3.831E-2	5.122E-2
12.400	4.272E-2	-3.911E-2	3.278E-2	3.960E-2	5.141E-2
12.417	4.270E-2	-3.909E-2	-3.489E-2	-0.236	0.238
12.433	4.156E-2	-4.697E-2	-3.517E-2	-0.237	0.240
12.450	4.153E-2	-4.700E-2	0.184	-6.571E-2	0.195
12.467	4.770E-2	-4.916E-2	0.184	-6.356E-2	0.194
12.483	4.765E-2	-4.912E-2	-0.134	-0.198	0.239
12.500	4.324E-2	-5.577E-2	-0.133	-0.200	0.240
12.517	4.323E-2	-5.577E-2	0.156	-0.288	0.328
12.533	4.845E-2	-6.537E-2	0.157	-0.289	0.328
12.550	4.845E-2	-6.539E-2	-3.144E-2	0.356	0.357
12.567	4.740E-2	-5.351E-2	-3.143E-2	0.355	0.357
12.583	4.741E-2	-5.355E-2	9.664E-2	-1.557E-2	9.788E-2
12.600	5.062E-2	-5.403E-2	9.748E-2	-1.517E-2	9.866E-2
12.617	5.066E-2	-5.406E-2	2.282E-2	5.414E-2	5.875E-2
12.633	5.139E-2	-5.222E-2	2.245E-2	5.485E-2	5.926E-2
12.650	5.140E-2	-5.223E-2	-7.284E-3	0.151	0.151
12.667	5.114E-2	-4.718E-2	-8.049E-3	0.152	0.152
12.683	5.114E-2	-4.716E-2	-0.219	6.671E-2	0.229
12.700	4.383E-2	-4.496E-2	-0.219	6.619E-2	0.229
12.717	4.383E-2	-4.496E-2	-0.220	0.239	0.324
12.733	3.650E-2	-3.701E-2	-0.219	0.240	0.324
12.750	3.654E-2	-3.697E-2	0.230	-0.113	0.256
12.767	4.416E-2	-4.077E-2	0.229	-0.114	0.255
12.783	4.416E-2	-4.077E-2	-4.408E-2	-0.313	0.316
12.800	4.269E-2	-5.119E-2	-4.431E-2	-0.313	0.316
12.817	4.268E-2	-5.119E-2	8.825E-2	-6.214E-2	0.108
12.833	4.563E-2	-5.326E-2	8.902E-2	-6.278E-2	0.109
12.850	4.565E-2	-5.328E-2	0.166	5.998E-2	0.177
12.867	5.117E-2	-5.126E-2	0.165	6.213E-2	0.177
12.883	5.116E-2	-5.121E-2	9.284E-2	-0.196	0.216
12.900	5.426E-2	-5.778E-2	9.329E-2	-0.197	0.218
12.917	5.427E-2	-5.777E-2	-0.188	4.662E-2	0.194
12.933	4.799E-2	-5.623E-2	-0.189	4.413E-2	0.194
12.950	4.797E-2	-5.630E-2	-5.450E-2	0.152	0.162
12.967	4.618E-2	-5.115E-2	-5.329E-2	0.153	0.162
12.983	4.619E-2	-5.118E-2	-5.170E-2	0.115	0.126
13.000	4.445E-2	-4.733E-2	-4.976E-2	0.116	0.126
13.017	4.454E-2	-4.733E-2	1.052E-2	-6.851E-2	6.932E-2
13.033	4.480E-2	-4.962E-2	8.177E-3	-6.974E-2	7.022E-2
13.050	4.481E-2	-4.965E-2	-0.128	0.271	0.300
13.067	4.054E-2	-4.057E-2	-0.129	0.276	0.304
13.083	4.051E-2	-4.046E-2	0.311	-0.214	0.378
13.100	5.090E-2	-4.772E-2	0.311	-0.216	0.379
13.117	5.089E-2	-4.768E-2	-0.179	3.643E-2	0.182
13.133	4.495E-2	-4.650E-2	-0.179	3.553E-2	0.183
13.150	4.491E-2	-4.649E-2	-0.170	6.763E-2	0.183
13.167	3.928E-2	-4.425E-2	-0.168	6.718E-2	0.181
13.183	3.932E-2	-4.425E-2	0.156	-0.123	0.199
13.200	4.448E-2	-4.835E-2	0.155	-0.122	0.197
13.217	4.449E-2	-4.832E-2	-0.149	-0.108	0.184
13.233	3.952E-2	-5.195E-2	-0.148	-0.109	0.184
13.250	3.957E-2	-5.197E-2	0.233	-9.788E-2	0.253
13.267	4.728E-2	-5.521E-2	0.231	-9.761E-2	0.251
13.283	4.727E-2	-5.522E-2	-5.666E-2	2.469E-2	6.181E-2
13.300	4.539E-2	-5.439E-2	-5.600E-2	2.649E-2	6.195E-2
13.317	4.541E-2	-5.434E-2	9.013E-2	4.572E-2	0.101
13.333	4.840E-2	-5.286E-2	9.018E-2	4.367E-2	0.100
13.350	4.841E-2	-5.289E-2	8.216E-2	0.261	0.274
13.367	5.114E-2	-4.416E-2	8.128E-2	0.261	0.273
13.383	5.112E-2	-4.418E-2	8.976E-2	-0.106	0.139
13.400	5.413E-2	-4.771E-2	9.035E-2	-0.105	0.139
13.417	5.413E-2	-4.769E-2	-0.331	-4.645E-2	0.334
13.433	4.309E-2	-4.925E-2	-0.331	-4.735E-2	0.335
13.450	4.309E-2	-4.926E-2	8.037E-2	-3.340E-2	8.703E-2
13.467	4.577E-2	-5.037E-2	8.112E-2	-3.449E-2	8.815E-2
13.483	4.579E-2	-5.041E-2	-0.102	0.149	0.180
13.500	4.237E-2	-4.542E-2	-0.101	0.150	0.181
13.517	4.241E-2	-4.543E-2	-4.093E-3	-4.764E-2	4.782E-2
13.533	4.224E-2	-4.700E-2	-3.655E-3	-4.728E-2	4.742E-2
13.550	4.229E-2	-4.700E-2	-2.000E-2	5.979E-2	6.304E-2
13.567	4.157E-2	-4.501E-2	-2.355E-2	5.945E-2	6.395E-2
13.583	4.150E-2	-4.502E-2	0.124	-0.151	0.195
13.600	4.569E-2	-5.005E-2	0.126	-0.150	0.196
13.617	4.570E-2	-5.002E-2	3.530E-2	3.935E-2	5.287E-2
13.633	4.687E-2	-4.874E-2	3.494E-2	3.929E-2	5.258E-2
13.650	4.687E-2	-4.871E-2	-1.698E-3	4.572E-2	4.575E-2
13.667	4.681E-2	-4.721E-2	-1.444E-3	4.604E-2	4.606E-2
13.683	4.682E-2	-4.718E-2	0.321	-0.172	0.365
13.700	5.753E-2	-5.296E-2	0.321	-0.172	0.364
13.717	5.754E-2	-5.290E-2	-0.362	2.218E-2	0.363
13.733	4.546E-2	-5.222E-2	-0.363	1.967E-2	0.364
13.750	4.543E-2	-5.224E-2	8.484E-2	0.233	0.248
13.767	4.829E-2	-4.445E-2	8.583E-2	0.234	0.249
13.783	4.829E-2	-4.445E-2	-4.021E-3	-0.187	0.187
13.800	4.815E-2	-5.069E-2	-4.146E-3	-0.186	0.186
13.817	4.816E-2	-5.067E-2	-0.154	-9.441E-2	0.181
13.833	4.301E-2	-5.384E-2	-0.156	-9.423E-2	0.182
13.850	4.297E-2	-5.381E-2	-9.760E-2	0.154	0.183
13.867	3.975E-2	-4.869E-2	-9.399E-2	0.152	0.179
13.883	3.983E-2	-4.873E-2	6.737E-2	-9.742E-2	0.118
13.900	4.200E-2	-5.194E-2	6.607E-2	-9.720E-2	0.118
13.917	4.204E-2	-5.197E-2	0.152	-0.118	0.193
13.933	4.706E-2	-5.589E-2	0.152	-0.118	0.192
13.950	4.710E-2	-5.590E-2	8.861E-2	3.776E-2	9.632E-2
13.967	5.001E-2	-5.463E-2	8.646E-2	3.892E-2	9.482E-2
13.983	4.998E-2	-5.460E-2	-1.741E-2	3.845E-2	4.221E-2
14.000	4.943E-2	-5.335E-2	-1.631E-2	4.000E-2	4.319E-2
14.017	4.944E-2	-5.327E-2	0.112	4.731E-2	0.121
14.033	5.315E-2	-5.177E-2	0.112	4.654E-2	0.122
14.050	5.319E-2	-5.172E-2	-0.148	-0.114	0.187
14.067	4.823E-2	-5.558E-2	-0.148	-0.117	0.189
14.083	4.826E-2	-5.562E-2	2.585E-2	0.195	0.197
14.100	4.910E-2	-4.909E-2	2.440E-2	0.195	0.197
14.117	4.907E-2	-4.911E-2	4.754E-2	0.235	0.240
14.133	5.068E-2	-4.125E-2	4.744E-2	0.235	0.239
14.150	5.065E-2	-4.129E-2	-0.131	-2.868E-2	0.134
14.167	4.630E-2	-4.221E-2	-0.130	-2.751E-2	0.133
14.183	4.631E-2	-4.221E-2	-0.174	-0.331	0.374
14.200	4.051E-2	-5.326E-2	-0.175	-0.331	0.375
14.217	4.049E-2	-5.325E-2	-0.155	-0.121	0.197
14.233	3.535E-2	-5.730E-2	-0.152	-0.122	0.195
14.250	3.541E-2	-5.731E-2	0.245	0.121	0.273
14.267	4.351E-2	-5.327E-2	0.243	0.121	0.271
14.283	4.349E-2	-5.328E-2	1.023E-3	-5.290E-2	5.291E-2
14.300	4.354E-2	-5.503E-2	2.359E-3	-5.128E-2	5.133E-2
14.317	4.357E-2	-5.499E-2	8.448E-2	-9.404E-2	0.126
14.333	4.636E-2	-5.817E-2	8.404E-2	-9.425E-2	0.126
14.350	4.637E-2	-5.813E-2	-7.562E-2	0.157	0.174
14.367	4.384E-2	-5.295E-2	-7.541E-2	0.157	0.174
14.383	4.386E-2	-5.289E-2	0.407	3.870E-2	0.409
14.400	5.742E-2	-5.166E-2	0.406	3.903E-2	0.408
14.417	5.740E-2	-5.159E-2	-3.135E-2	0.202	0.204
14.433	5.637E-2	-4.494E-2	-3.071E-2	0.200	0.202
14.450	5.638E-2	-4.494E-2	-8.374E-2	2.833E-3	8.379E-2
14.467	5.358E-2	-4.484E-2	-8.265E-2	3.750E-3	8.273E-2
14.483	5.362E-2	-4.482E-2	-0.249	-0.194	0.316
14.500	4.528E-2	-5.132E-2	-0.250	-0.195	0.317
14.517	4.530E-2	-5.131E-2	-0.156	0.232	0.279
14.533	4.009E-2	-4.359E-2	-0.157	0.231	0.279
14.550	4.007E-2	-4.362E-2	0.159	-0.212	0.265
14.567	4.540E-2	-5.067E-2	0.160	-0.212	0.266
14.583	4.542E-2	-5.068E-2	-6.570E-2	0.212	0.222
14.600	4.321E-2	-4.361E-2	-6.699E-2	0.211	0.221
14.617	4.319E-2	-4.365E-2	9.760E-2	-0.164	0.191
14.633	4.647E-2	-4.909E-2	9.725E-2	-0.165	0.191
14.650	4.643E-2	-4.913E-2	4.071E-3	-7.991E-3	8.968E-3
14.667	4.660E-2	-4.935E-2	4.550E-3	-7.291E-3	8.594E-3
14.683	4.658E-2	-4.938E-2	0.119	-0.283	0.307
14.700	5.057E-2	-5.878E-2	0.117	-0.283	0.306
14.717	5.047E-2	-5.881E-2	4.724E-4	0.190	0.190
14.733	5.058E-2	-5.245E-2	4.022E-3	0.190	0.190
14.750	5.060E-2	-5.249E-2	2.756E-2	-2.565E-2	3.765E-2
14.767	5.150E-2	-5.331E-2	2.751E-2	-2.326E-2	3.603E-2
14.783	5.152E-2	-5.326E-2	-0.157	0.359	0.392
14.800	4.628E-2	-4.134E-2	-0.156	0.358	0.391
14.817	4.632E-2	-4.132E-2	1.979E-2	-0.100	0.102
14.833	4.694E-2	-4.467E-2	1.982E-2	-0.102	0.104
14.850	4.698E-2	-4.472E-2	-9.446E-2	-2.582E-2	9.793E-2
14.867	4.379E-2	-4.553E-2	-9.490E-2	-2.648E-2	9.853E-2
14.883	4.382E-2	-4.560E-2	-3.047E-2	5.311E-2	6.123E-2
14.900	4.278E-2	-4.376E-2	-3.107E-2	5.512E-2	6.328E-2
14.917	4.278E-2	-4.376E-2	-0.107	-0.267	0.288
14.933	3.920E-2	-5.267E-2	-0.109	-0.267	0.288
14.950	3.916E-2	-5.267E-2	8.083E-2	-0.112	0.138
14.967	4.189E-2	-5.640E-2	8.053E-2	-0.110	0.137
14.983	4.185E-2	-5.635E-2	8.885E-2	8.957E-5	8.885E-2
15.000	4.485E-2	-5.640E-2	9.005E-2	-2.389E-3	9.008E-2
15.017	4.485E-2	-5.642E-2	7.770E-2	4.737E-2	9.100E-2
15.033	4.744E-2	-5.482E-2	7.909E-2	4.724E-2	9.213E-2
15.050	4.748E-2	-5.485E-2	2.252E-2	-0.101	0.103
15.067	4.819E-2	-5.817E-2	2.041E-2	-0.102	0.104
15.083	4.817E-2	-5.823E-2	0.209	0.287	0.355
15.100	5.515E-2	-4.860E-2	0.211	0.289	0.357
15.117	5.519E-2	-4.861E-2	-0.219	0.145	0.263
15.133	4.786E-2	-4.376E-2	-0.219	0.144	0.263
15.150	4.787E-2	-4.380E-2	7.308E-2	3.236E-2	7.992E-2
15.167	5.030E-2	-4.269E-2	7.114E-2	3.282E-2	7.835E-2
15.183	5.024E-2	-4.271E-2	-0.132	-9.791E-2	0.164
15.200	4.590E-2	-4.595E-2	-0.129	-9.838E-2	0.163
15.217	4.593E-2	-4.599E-2	2.534E-2	-0.221	0.222
15.233	4.674E-2	-5.330E-2	2.376E-2	-0.219	0.220
15.250	4.673E-2	-5.328E-2	-3.192E-2	-5.095E-3	3.232E-2
15.267	4.568E-2	-5.347E-2	-3.168E-2	-4.060E-3	3.194E-2
15.283	4.567E-2	-5.341E-2	-5.688E-2	0.193	0.201
15.300	4.378E-2	-4.705E-2	-5.802E-2	0.192	0.200
15.317	4.374E-2	-4.702E-2	6.169E-2	-0.215	0.223
15.333	4.584E-2	-5.420E-2	6.321E-2	-0.215	0.224
15.350	4.584E-2	-5.418E-2	0.128	9.422E-2	0.159
15.367	5.009E-2	-5.106E-2	0.128	9.338E-2	0.159
15.383	5.012E-2	-5.107E-2	8.778E-3	-0.100	0.101
15.400	5.039E-2	-5.440E-2	7.841E-3	-0.101	0.101
15.417	5.038E-2	-5.444E-2	8.381E-2	8.464E-2	0.119
15.433	5.318E-2	-5.158E-2	8.485E-2	8.654E-2	0.121
15.450	5.321E-2	-5.156E-2	9.048E-2	6.821E-2	0.113
15.467	5.620E-2	-4.931E-2	9.037E-2	6.878E-2	0.114
15.483	5.622E-2	-4.926E-2	-7.711E-2	1.778E-2	7.913E-2
15.500	5.362E-2	-4.872E-2	-7.784E-2	1.646E-2	7.956E-2
15.517	5.363E-2	-4.871E-2	-4.227E-2	0.121	0.128
15.533	5.222E-2	-4.467E-2	-4.317E-2	0.120	0.128
15.550	5.219E-2	-4.470E-2	-0.121	-2.776E-2	0.124
15.567	4.819E-2	-4.560E-2	-0.120	-2.714E-2	0.123
15.583	4.817E-2	-4.561E-2	-7.012E-2	-3.192E-2	7.704E-2
15.600	4.585E-2	-4.666E-2	-7.019E-2	-3.107E-2	7.676E-2
15.617	4.583E-2	-4.664E-2	-0.142	-0.313	0.343
15.633	4.112E-2	-5.709E-2	-0.141	-0.313	0.343
15.650	4.114E-2	-5.707E-2	0.156	-2.831E-2	0.158
15.667	4.632E-2	-5.803E-2	0.156	-2.704E-2	0.158
15.683	4.635E-2	-5.797E-2	-5.419E-2	-4.422E-2	6.995E-2
15.700	4.451E-2	-5.950E-2	-5.531E-2	-4.612E-2	7.202E-2
15.717	4.450E-2	-5.951E-2	-7.620E-3	3.882E-2	3.956E-2
15.733	4.426E-2	-5.821E-2	-7.884E-3	3.802E-2	3.883E-2
15.750	4.424E-2	-5.824E-2	-1.446E-2	0.231	0.232
15.767	4.377E-2	-5.050E-2	-1.508E-2	0.231	0.231
15.783	4.374E-2	-5.055E-2	0.146	0.113	0.185
15.800	4.864E-2	-4.672E-2	0.149	0.113	0.187
15.817	4.872E-2	-4.678E-2	-2.418E-2	-0.228	0.230
15.833	4.784E-2	-5.433E-2	-2.542E-2	-0.226	0.228
15.850	4.787E-2	-5.432E-2	0.175	0.387	0.425
15.867	5.367E-2	-4.144E-2	0.173	0.387	0.424
15.883	5.363E-2	-4.143E-2	-0.357	-0.301	0.467
15.900	4.178E-2	-5.147E-2	-0.356	-0.301	0.466
15.917	4.177E-2	-5.145E-2	3.061E-3	-1.091E-2	1.133E-2
15.933	4.188E-2	-5.184E-2	3.534E-3	-1.262E-2	1.310E-2
15.950	4.189E-2	-5.187E-2	1.884E-2	5.639E-2	5.946E-2
15.967	4.251E-2	-4.996E-2	1.960E-2	5.755E-2	6.080E-2
15.983	4.255E-2	-4.995E-2	-0.118	-0.169	0.206
16.000	3.857E-2	-5.560E-2	-0.121	-0.171	0.209
16.017	3.853E-2	-5.565E-2	-7.201E-3	7.093E-2	7.129E-2
16.033	3.833E-2	-5.323E-2	-4.499E-3	7.190E-2	7.204E-2
16.050	3.838E-2	-5.326E-2	0.162	-0.216	0.270
16.067	4.372E-2	-6.042E-2	0.160	-0.214	0.268
16.083	4.372E-2	-6.041E-2	0.254	0.226	0.340
16.100	5.219E-2	-5.289E-2	0.254	0.226	0.340
16.117	5.218E-2	-5.288E-2	-6.227E-2	-0.109	0.125
16.133	5.012E-2	-5.651E-2	-6.208E-2	-0.110	0.126
16.150	5.011E-2	-5.655E-2	-0.129	0.148	0.197
16.167	4.581E-2	-5.158E-2	-0.128	0.148	0.196
16.183	4.584E-2	-5.160E-2	-5.968E-2	0.291	0.297
16.200	4.382E-2	-4.189E-2	-5.993E-2	0.290	0.296
16.217	4.384E-2	-4.194E-2	7.149E-2	-0.290	0.299
16.233	4.620E-2	-5.156E-2	7.027E-2	-0.289	0.297
16.250	4.618E-2	-5.158E-2	-0.219	7.249E-3	0.219
16.267	3.891E-2	-5.132E-2	-0.218	8.123E-3	0.218
16.283	3.891E-2	-5.131E-2	-6.097E-2	-6.606E-2	8.990E-2
16.300	3.688E-2	-5.352E-2	-6.279E-2	-6.786E-2	9.245E-2
16.317	3.682E-2	-5.357E-2	-8.746E-2	-0.107	0.138
16.333	3.397E-2	-5.707E-2	-8.518E-2	-0.105	0.135
16.350	3.398E-2	-5.708E-2	4.650E-2	3.157E-2	5.621E-2
16.367	3.552E-2	-5.602E-2	4.645E-2	3.216E-2	5.650E-2
16.383	3.553E-2	-5.600E-2	7.744E-2	0.194	0.208
16.400	3.810E-2	-4.957E-2	7.716E-2	0.195	0.209
16.417	3.810E-2	-4.952E-2	0.360	-0.288	0.461
16.433	5.009E-2	-5.917E-2	0.360	-0.289	0.462
16.450	5.011E-2	-5.916E-2	0.118	0.364	0.383
16.467	5.403E-2	-4.702E-2	0.118	0.364	0.383
16.483	5.403E-2	-4.702E-2	-0.252	-8.616E-2	0.266
16.500	4.564E-2	-4.989E-2	-0.251	-8.674E-2	0.265
16.517	4.568E-2	-4.991E-2	4.067E-4	-7.674E-2	7.674E-2
16.533	4.566E-2	-5.245E-2	-3.195E-4	-7.758E-2	7.758E-2
16.550	4.567E-2	-5.250E-2	-4.333E-2	-1.666E-3	4.336E-2
16.567	4.421E-2	-5.251E-2	-4.088E-2	-2.174E-4	4.088E-2
16.583	4.431E-2	-5.251E-2	-8.525E-2	3.027E-2	9.046E-2
16.600	4.137E-2	-5.150E-2	-8.819E-2	3.112E-2	9.352E-2
16.617	4.137E-2	-5.147E-2	-0.203	0.142	0.248
16.633	3.460E-2	-4.675E-2	-0.203	0.141	0.247
16.650	3.459E-2	-4.678E-2	6.321E-2	-4.318E-3	6.335E-2
16.667	3.670E-2	-4.690E-2	6.230E-2	-3.885E-3	6.242E-2
16.683	3.667E-2	-4.691E-2	6.661E-4	-6.979E-2	6.980E-2
16.700	3.673E-2	-4.922E-2	9.482E-4	-7.028E-2	7.029E-2
16.717	3.670E-2	-4.925E-2	1.967E-2	-0.263	0.264
16.733	3.738E-2	-5.800E-2	1.973E-2	-0.261	0.262
16.750	3.736E-2	-5.796E-2	0.163	-2.470E-2	0.165
16.767	4.281E-2	-5.883E-2	0.147	-5.049E-3	0.147
16.783	4.226E-2	-5.813E-2	6.745E-2	0.134	0.150
16.800	4.506E-2	-5.435E-2	8.338E-2	0.114	0.141
16.817	4.504E-2	-5.433E-2	-5.538E-2	0.181	0.189
16.833	4.321E-2	-4.833E-2	-5.585E-2	0.181	0.189
16.850	4.318E-2	-4.830E-2	0.285	5.434E-2	0.290
16.867	5.271E-2	-4.652E-2	0.286	5.398E-2	0.291
16.883	5.270E-2	-4.650E-2	0.108	7.426E-2	0.131
16.900	5.630E-2	-4.404E-2	0.106	7.393E-2	0.130
16.917	5.624E-2	-4.404E-2	-0.311	-0.188	0.363
16.933	4.595E-2	-5.030E-2	-0.308	-0.188	0.361
16.950	4.597E-2	-5.030E-2	-9.364E-4	-3.622E-2	3.623E-2
16.967	4.592E-2	-5.151E-2	-8.194E-4	-3.520E-2	3.521E-2
16.983	4.594E-2	-5.148E-2	-1.653E-3	-3.640E-2	3.643E-2
17.000	4.586E-2	-5.272E-2	-2.800E-3	-3.764E-2	3.774E-2
17.017	4.585E-2	-5.273E-2	-6.343E-2	-0.236	0.245
17.033	4.375E-2	-6.061E-2	-6.350E-2	-0.236	0.245
17.050	4.373E-2	-6.060E-2	-5.218E-2	-0.116	0.128
17.067	4.201E-2	-6.449E-2	-5.120E-2	-0.117	0.128
17.083	4.203E-2	-6.450E-2	-8.155E-2	0.378	0.387
17.100	3.929E-2	-5.187E-2	-8.194E-2	0.379	0.388
17.117	3.929E-2	-5.187E-2	0.158	-0.142	0.212
17.133	4.455E-2	-5.659E-2	0.157	-0.140	0.211
17.150	4.453E-2	-5.655E-2	5.321E-2	0.126	0.137
17.167	4.632E-2	-5.238E-2	5.396E-2	0.125	0.136
17.183	4.633E-2	-5.238E-2	1.974E-2	-7.376E-2	7.635E-2
17.200	4.698E-2	-5.483E-2	1.918E-2	-7.429E-2	7.672E-2
17.217	4.697E-2	-5.485E-2	-3.242E-2	0.195	0.198
17.233	4.590E-2	-4.833E-2	-3.271E-2	0.196	0.199
17.250	4.588E-2	-4.831E-2	-3.121E-2	1.947E-2	3.679E-2
17.267	4.486E-2	-4.768E-2	-3.003E-2	1.872E-2	3.538E-2
17.283	4.488E-2	-4.769E-2	0.160	8.407E-2	0.181
17.300	5.018E-2	-4.487E-2	0.160	8.617E-2	0.182
17.317	5.022E-2	-4.482E-2	-0.138	4.008E-2	0.144
17.333	4.559E-2	-4.354E-2	-0.140	3.886E-2	0.145
17.350	4.556E-2	-4.352E-2	9.349E-2	-0.287	0.302
17.367	4.870E-2	-5.311E-2	9.371E-2	-0.289	0.304
17.383	4.869E-2	-5.315E-2	-0.477	-3.596E-3	0.477
17.400	3.281E-2	-5.323E-2	-0.477	-2.895E-3	0.477
17.417	3.280E-2	-5.325E-2	0.256	0.157	0.301
17.433	4.135E-2	-4.799E-2	0.258	0.159	0.303
17.450	4.138E-2	-4.795E-2	0.115	-0.362	0.379
17.467	4.518E-2	-6.005E-2	0.113	-0.363	0.380
17.483	4.515E-2	-6.003E-2	6.969E-2	0.358	0.365
17.500	4.750E-2	-4.810E-2	7.079E-2	0.359	0.366
17.517	4.751E-2	-4.807E-2	-8.087E-2	9.811E-2	0.127
17.533	4.481E-2	-4.483E-2	-8.092E-2	9.732E-2	0.127
17.550	4.481E-2	-4.483E-2	-2.971E-2	-0.238	0.240
17.567	4.381E-2	-5.276E-2	-2.871E-2	-0.237	0.239
17.583	4.385E-2	-5.274E-2	-2.406E-3	4.849E-4	2.454E-3
17.600	4.373E-2	-5.274E-2	-3.588E-3	-4.425E-4	3.615E-3
17.617	4.373E-2	-5.275E-2	-0.165	0.213	0.270
17.633	3.822E-2	-4.565E-2	-0.164	0.214	0.270
17.650	3.826E-2	-4.562E-2	3.282E-2	-0.228	0.230
17.667	3.931E-2	-5.323E-2	2.814E-2	-0.226	0.227
17.683	3.920E-2	-5.314E-2	-2.012E-2	-6.108E-2	6.431E-2
17.700	3.864E-2	-5.527E-2	-1.657E-2	-6.352E-2	6.564E-2
17.717	3.865E-2	-5.525E-2	0.156	0.123	0.199
17.733	4.385E-2	-5.116E-2	0.156	0.122	0.198
17.750	4.386E-2	-5.119E-2	-7.360E-2	-0.197	0.210
17.767	4.140E-2	-5.772E-2	-7.393E-2	-0.196	0.209
17.783	4.139E-2	-5.772E-2	3.724E-2	0.238	0.241
17.800	4.264E-2	-4.979E-2	3.819E-2	0.238	0.241
17.817	4.267E-2	-4.979E-2	8.737E-2	6.913E-2	0.111
17.833	4.555E-2	-4.748E-2	8.681E-2	7.033E-2	0.112
17.850	4.556E-2	-4.745E-2	-0.134	1.140E-2	0.134
17.867	4.109E-2	-4.710E-2	-0.133	9.429E-3	0.133
17.883	4.113E-2	-4.714E-2	0.248	-0.225	0.335
17.900	4.936E-2	-5.460E-2	0.245	-0.225	0.333
17.917	4.931E-2	-5.464E-2	-9.539E-2	0.140	0.170
17.933	4.618E-2	-4.993E-2	-9.381E-2	0.143	0.171
17.950	4.618E-2	-4.989E-2	-5.340E-2	-6.995E-2	8.801E-2
17.967	4.440E-2	-5.226E-2	-5.501E-2	-6.993E-2	8.897E-2
17.983	4.435E-2	-5.222E-2	-1.723E-2	1.408E-2	2.225E-2
18.000	4.382E-2	-5.179E-2	-1.517E-2	1.188E-2	1.927E-2
18.017	4.385E-2	-5.183E-2	-0.146	-4.158E-2	0.152
18.033	3.896E-2	-5.318E-2	-0.148	-4.018E-2	0.153
18.050	3.892E-2	-5.317E-2	0.242	0.121	0.270
18.067	4.702E-2	-4.914E-2	0.242	0.122	0.270
18.083	4.697E-2	-4.911E-2	3.511E-2	-0.186	0.189
18.100	4.819E-2	-5.535E-2	3.581E-2	-0.187	0.191
18.117	4.817E-2	-5.536E-2	-2.491E-3	-7.818E-2	7.822E-2
18.133	4.811E-2	-5.795E-2	-1.209E-3	-7.824E-2	7.825E-2
18.150	4.813E-2	-5.797E-2	7.241E-2	6.160E-2	9.507E-2
18.167	5.052E-2	-5.590E-2	7.153E-2	6.233E-2	9.488E-2
18.183	5.051E-2	-5.589E-2	8.180E-2	0.263	0.275
18.200	5.325E-2	-4.713E-2	8.219E-2	0.262	0.275
18.217	5.325E-2	-4.716E-2	-0.179	-0.130	0.221
18.233	4.730E-2	-5.148E-2	-0.180	-0.129	0.221
18.250	4.726E-2	-5.146E-2	-2.697E-3	6.590E-2	6.595E-2
18.267	4.721E-2	-4.928E-2	-2.300E-4	6.629E-2	6.629E-2
18.283	4.725E-2	-4.925E-2	-0.104	0.138	0.173
18.300	4.373E-2	-4.468E-2	-0.105	0.137	0.173
18.317	4.374E-2	-4.468E-2	9.765E-2	5.384E-2	0.112
18.333	4.699E-2	-4.289E-2	9.798E-2	5.453E-2	0.112
18.350	4.700E-2	-4.286E-2	2.281E-2	-0.283	0.284
18.367	4.775E-2	-5.233E-2	2.303E-2	-0.285	0.286
18.383	4.777E-2	-5.237E-2	-0.288	-0.146	0.323
18.400	3.816E-2	-5.720E-2	-0.289	-0.145	0.323
18.417	3.814E-2	-5.719E-2	1.805E-2	0.180	0.181
18.433	3.876E-2	-5.120E-2	1.926E-2	0.180	0.181
18.450	3.878E-2	-5.119E-2	0.163	5.871E-2	0.173
18.467	4.420E-2	-4.925E-2	0.164	5.807E-2	0.174
18.483	4.426E-2	-4.925E-2	-0.189	-9.922E-2	0.213
18.500	3.791E-2	-5.256E-2	-0.191	-9.840E-2	0.215
18.517	3.789E-2	-5.253E-2	0.170	0.120	0.209
18.533	4.359E-2	-4.854E-2	0.171	0.119	0.208
18.550	4.360E-2	-4.858E-2	7.265E-3	6.134E-2	6.177E-2
18.567	4.383E-2	-4.650E-2	7.106E-3	6.262E-2	6.302E-2
18.583	4.383E-2	-4.649E-2	-4.251E-2	2.834E-3	4.261E-2
18.600	4.241E-2	-4.641E-2	-4.264E-2	3.441E-3	4.278E-2
18.617	4.241E-2	-4.638E-2	0.358	4.817E-2	0.362
18.633	5.436E-2	-4.480E-2	0.360	4.635E-2	0.363
18.650	5.442E-2	-4.483E-2	-0.138	-0.283	0.315
18.667	4.975E-2	-5.424E-2	-0.141	-0.281	0.314
18.683	4.973E-2	-5.421E-2	-4.696E-2	-4.137E-2	6.259E-2
18.700	4.818E-2	-5.562E-2	-4.716E-2	-4.263E-2	6.357E-2
18.717	4.816E-2	-5.563E-2	-0.182	0.311	0.361
18.733	4.210E-2	-4.524E-2	-0.181	0.312	0.361
18.750	4.213E-2	-4.522E-2	-0.120	-0.296	0.319
18.767	3.810E-2	-5.509E-2	-0.121	-0.297	0.321
18.783	3.810E-2	-5.513E-2	8.261E-2	-0.129	0.153
18.800	4.085E-2	-5.939E-2	8.154E-2	-0.129	0.152
18.817	4.082E-2	-5.942E-2	0.158	0.311	0.349
18.833	4.611E-2	-4.902E-2	0.158	0.312	0.350
18.850	4.609E-2	-4.900E-2	-7.128E-2	-0.294	0.303
18.867	4.373E-2	-5.883E-2	-6.969E-2	-0.296	0.304
18.883	4.376E-2	-5.888E-2	0.211	0.437	0.485
18.900	5.076E-2	-4.428E-2	0.210	0.438	0.485
18.917	5.077E-2	-4.429E-2	-0.117	-0.174	0.210
18.933	4.685E-2	-5.008E-2	-0.117	-0.172	0.208
18.950	4.687E-2	-5.002E-2	-4.531E-3	4.440E-2	4.463E-2
18.967	4.670E-2	-4.860E-2	-4.419E-3	4.262E-2	4.285E-2
18.983	4.672E-2	-4.860E-2	1.988E-3	-6.062E-2	6.066E-2
19.000	4.677E-2	-5.062E-2	2.142E-5	-6.270E-2	6.270E-2
19.017	4.672E-2	-5.069E-2	-0.118	4.647E-2	0.127
19.033	4.282E-2	-4.907E-2	-0.116	4.715E-2	0.126
19.050	4.284E-2	-4.912E-2	-8.859E-2	-0.241	0.257
19.067	3.987E-2	-5.711E-2	-9.038E-2	-0.239	0.256
19.083	3.983E-2	-5.709E-2	0.130	0.346	0.370
19.100	4.422E-2	-4.558E-2	0.132	0.345	0.370
19.117	4.425E-2	-4.559E-2	-0.334	-0.186	0.382
19.133	3.309E-2	-5.177E-2	-0.336	-0.184	0.383
19.150	3.305E-2	-5.173E-2	0.105	-2.647E-2	0.108
19.167	3.660E-2	-5.265E-2	0.355	-0.262	0.441
19.183	4.487E-2	-6.046E-2	0.164	-0.172	0.238
19.200	4.206E-2	-5.839E-2	-8.489E-2	6.296E-2	0.106
19.217	4.204E-2	-5.837E-2	0.207	6.326E-2	0.216
19.233	4.894E-2	-5.628E-2	0.206	6.231E-2	0.216
19.250	4.892E-2	-5.629E-2	-5.178E-2	0.300	0.304
19.267	4.722E-2	-4.628E-2	-5.015E-2	0.301	0.305
19.283	4.725E-2	-4.625E-2	-0.147	0.121	0.190
19.300	4.231E-2	-4.225E-2	-0.149	0.121	0.192
19.317	4.229E-2	-4.223E-2	0.213	-0.236	0.318
19.333	4.941E-2	-5.012E-2	0.215	-0.238	0.321
19.350	4.947E-2	-5.017E-2	-0.250	-8.651E-2	0.264
19.367	4.109E-2	-5.300E-2	-0.250	-8.564E-2	0.265
19.383	4.112E-2	-5.302E-2	-0.138	0.151	0.205
19.400	3.650E-2	-4.796E-2	-0.137	0.152	0.205
19.417	3.654E-2	-4.795E-2	3.073E-2	-2.647E-2	4.056E-2
19.433	3.752E-2	-4.884E-2	2.825E-2	-2.725E-2	3.924E-2
19.450	3.749E-2	-4.886E-2	0.232	-7.016E-2	0.242
19.467	4.524E-2	-5.118E-2	0.233	-7.021E-2	0.244
19.483	4.526E-2	-5.120E-2	-9.960E-2	-2.130E-2	0.102
19.500	4.192E-2	-5.189E-2	-0.101	-1.920E-2	0.103
19.517	4.189E-2	-5.184E-2	5.821E-2	-0.195	0.203
19.533	4.386E-2	-5.837E-2	5.829E-2	-0.196	0.204
19.550	4.383E-2	-5.836E-2	5.071E-2	0.311	0.316
19.567	4.555E-2	-4.799E-2	5.115E-2	0.312	0.316
19.583	4.554E-2	-4.797E-2	-2.138E-4	5.650E-3	5.655E-3
19.600	4.555E-2	-4.781E-2	-1.936E-4	4.056E-3	4.061E-3
19.617	4.553E-2	-4.784E-2	0.306	-0.121	0.329
19.633	5.575E-2	-5.185E-2	0.306	-0.121	0.329
19.650	5.574E-2	-5.187E-2	-0.296	9.037E-2	0.309
19.667	4.589E-2	-4.884E-2	-0.295	8.923E-2	0.308
19.683	4.591E-2	-4.889E-2	9.357E-3	-0.158	0.159
19.700	4.620E-2	-5.412E-2	8.878E-3	-0.156	0.156
19.717	4.621E-2	-5.409E-2	0.138	1.459E-3	0.138
19.733	5.081E-2	-5.407E-2	0.137	8.213E-4	0.137
19.750	5.078E-2	-5.407E-2	-0.215	0.109	0.241
19.767	4.363E-2	-5.042E-2	-0.215	0.109	0.241
19.783	4.361E-2	-5.042E-2	0.156	-9.699E-2	0.184
19.800	4.885E-2	-5.366E-2	0.157	-9.736E-2	0.185
19.817	4.885E-2	-5.367E-2	-4.942E-2	5.339E-2	7.276E-2
19.833	4.720E-2	-5.188E-2	-4.872E-2	5.456E-2	7.315E-2
19.850	4.722E-2	-5.185E-2	5.820E-2	-1.254E-2	5.954E-2
19.867	4.914E-2	-5.229E-2	5.948E-2	-1.169E-2	6.062E-2
19.883	4.920E-2	-5.224E-2	-0.201	-0.113	0.231
19.900	4.244E-2	-5.607E-2	-0.203	-0.114	0.233
19.917	4.243E-2	-5.604E-2	0.111	4.020E-3	0.111
19.933	4.615E-2	-5.593E-2	0.112	3.717E-3	0.112
19.950	4.617E-2	-5.591E-2	-3.803E-2	3.268E-2	5.014E-2
19.967	4.488E-2	-5.484E-2	-3.822E-2	3.154E-2	4.955E-2
19.983	4.490E-2	-5.486E-2	-1.174E-2	4.787E-2	4.929E-2
20.000	4.449E-2	-5.325E-2	-1.463E-2	4.665E-2	4.889E-2
20.017	4.441E-2	-5.331E-2	-3.874E-2	0.239	0.242
20.033	4.320E-2	-4.529E-2	-3.576E-2	0.239	0.242
20.050	4.322E-2	-4.533E-2	0.137	1.859E-2	0.138
20.067	4.777E-2	-4.467E-2	0.137	1.955E-2	0.138
20.083	4.778E-2	-4.468E-2	-8.897E-2	-0.283	0.297
20.100	4.480E-2	-5.410E-2	-9.008E-2	-0.282	0.296
20.117	4.478E-2	-5.408E-2	7.888E-2	-3.678E-2	8.704E-2
20.133	4.743E-2	-5.532E-2	7.938E-2	-3.720E-2	8.766E-2
20.150	4.743E-2	-5.532E-2	-8.293E-4	-6.133E-2	6.133E-2
20.167	4.740E-2	-5.737E-2	-1.703E-3	-6.088E-2	6.090E-2
20.183	4.737E-2	-5.735E-2	-4.329E-2	-1.800E-3	4.333E-2
20.200	4.596E-2	-5.743E-2	-4.358E-2	-3.804E-3	4.375E-2
20.217	4.592E-2	-5.748E-2	-0.126	-3.671E-2	0.132
20.233	4.175E-2	-5.865E-2	-0.124	-3.432E-2	0.129
20.250	4.178E-2	-5.862E-2	0.127	0.299	0.325
20.267	4.598E-2	-4.869E-2	0.124	0.297	0.322
20.283	4.592E-2	-4.871E-2	6.140E-2	7.079E-2	9.371E-2
20.300	4.802E-2	-4.633E-2	6.313E-2	7.024E-2	9.444E-2
20.317	4.802E-2	-4.637E-2	-0.187	-2.192E-3	0.187
20.333	4.180E-2	-4.641E-2	-0.187	-1.021E-3	0.187
20.350	4.178E-2	-4.640E-2	2.173E-2	-0.202	0.203
20.367	4.252E-2	-5.313E-2	2.326E-2	-0.203	0.204
20.383	4.255E-2	-5.316E-2	0.258	0.126	0.287
20.400	5.111E-2	-4.894E-2	0.258	0.126	0.287
20.417	5.114E-2	-4.897E-2	-0.206	0.100	0.230
20.433	4.423E-2	-4.559E-2	-0.206	0.102	0.230
20.450	4.427E-2	-4.558E-2	-7.071E-2	-7.034E-2	9.974E-2
20.467	4.187E-2	-4.794E-2	-7.117E-2	-7.023E-2	9.999E-2
20.483	4.190E-2	-4.793E-2	-0.148	-7.999E-2	0.168
20.500	3.696E-2	-5.060E-2	-0.148	-7.930E-2	0.168
20.517	3.697E-2	-5.057E-2	0.237	-0.110	0.262
20.533	4.486E-2	-5.428E-2	0.237	-0.113	0.262
20.550	4.486E-2	-5.433E-2	-1.388E-4	-1.043E-3	1.052E-3
20.567	4.486E-2	-5.431E-2	3.106E-4	5.038E-4	5.919E-4
20.583	4.487E-2	-5.432E-2	3.411E-3	-3.917E-2	3.932E-2
20.600	4.497E-2	-5.562E-2	4.497E-3	-3.963E-2	3.988E-2
20.617	4.502E-2	-5.564E-2	0.214	-1.490E-2	0.215
20.633	5.211E-2	-5.612E-2	0.212	-1.561E-2	0.213
20.650	5.209E-2	-5.616E-2	-0.172	0.190	0.256
20.667	4.637E-2	-4.978E-2	-0.172	0.191	0.257
20.683	4.635E-2	-4.978E-2	-7.561E-3	3.107E-2	3.198E-2
20.700	4.612E-2	-4.874E-2	-8.153E-3	3.129E-2	3.233E-2
20.717	4.608E-2	-4.873E-2	-1.966E-3	-6.858E-3	7.134E-3
20.733	4.606E-2	-4.897E-2	-5.764E-4	-7.523E-3	7.545E-3
20.750	4.606E-2	-4.898E-2	-1.645E-2	-9.189E-3	1.884E-2
20.767	4.551E-2	-4.928E-2	-1.629E-2	-8.233E-3	1.825E-2
20.783	4.552E-2	-4.926E-2	-3.604E-2	-6.456E-2	7.394E-2
20.800	4.431E-2	-5.143E-2	-3.735E-2	-6.228E-2	7.262E-2
20.817	4.428E-2	-5.133E-2	-5.083E-2	-0.175	0.183
20.833	4.261E-2	-5.728E-2	-5.128E-2	-0.179	0.187
20.850	4.257E-2	-5.732E-2	8.093E-2	1.679E-3	8.095E-2
20.867	4.531E-2	-5.722E-2	8.209E-2	3.606E-3	8.217E-2
20.883	4.530E-2	-5.720E-2	0.109	0.263	0.285
20.900	4.894E-2	-4.844E-2	0.110	0.262	0.284
20.917	4.896E-2	-4.845E-2	0.110	-5.427E-2	0.122
20.933	5.260E-2	-5.025E-2	0.109	-5.441E-2	0.122
20.950	5.259E-2	-5.026E-2	-4.623E-3	4.549E-2	4.572E-2
20.967	5.244E-2	-4.874E-2	-3.122E-3	4.694E-2	4.704E-2
20.983	5.249E-2	-4.870E-2	-0.132	-0.121	0.179
21.000	4.803E-2	-5.278E-2	-0.134	-0.122	0.181
21.017	4.802E-2	-5.276E-2	4.610E-2	-6.864E-2	8.268E-2
21.033	4.957E-2	-5.506E-2	4.728E-2	-7.009E-2	8.455E-2
21.050	4.960E-2	-5.510E-2	-0.219	0.155	0.269
21.067	4.226E-2	-4.989E-2	-0.219	0.156	0.269
21.083	4.230E-2	-4.991E-2	0.112	7.263E-2	0.134
21.100	4.600E-2	-4.747E-2	0.111	7.401E-2	0.133
21.117	4.598E-2	-4.744E-2	-0.176	-5.095E-3	0.176
21.133	4.015E-2	-4.764E-2	-0.174	-6.654E-3	0.174
21.150	4.017E-2	-4.766E-2	3.973E-2	8.235E-2	9.143E-2
21.167	4.147E-2	-4.490E-2	4.064E-2	8.217E-2	9.167E-2
21.183	4.153E-2	-4.492E-2	-2.791E-2	-9.168E-2	9.583E-2
21.200	4.054E-2	-4.795E-2	-2.770E-2	-9.037E-2	9.452E-2
21.217	4.060E-2	-4.793E-2	-2.519E-2	-3.341E-2	4.185E-2
21.233	3.970E-2	-4.907E-2	-2.648E-2	-3.399E-2	4.308E-2
21.250	3.972E-2	-4.907E-2	0.161	-0.222	0.274
21.267	4.506E-2	-5.647E-2	0.160	-0.221	0.273
21.283	4.506E-2	-5.643E-2	0.160	0.316	0.354
21.300	5.041E-2	-4.595E-2	0.159	0.313	0.351
21.317	5.037E-2	-4.598E-2	-7.401E-2	2.434E-2	7.790E-2
21.333	4.795E-2	-4.514E-2	-7.386E-2	2.702E-2	7.865E-2
21.350	4.791E-2	-4.508E-2	0.123	-0.261	0.289
21.367	5.205E-2	-5.385E-2	0.125	-0.262	0.290
21.383	5.207E-2	-5.382E-2	-0.247	3.276E-2	0.249
21.400	4.383E-2	-5.276E-2	-0.248	3.220E-2	0.250
21.417	4.382E-2	-5.274E-2	-4.551E-2	9.692E-3	4.653E-2
21.433	4.231E-2	-5.243E-2	-4.549E-2	1.071E-2	4.673E-2
21.450	4.230E-2	-5.239E-2	7.177E-3	2.404E-3	7.569E-3
21.467	4.255E-2	-5.235E-2	7.696E-3	1.228E-3	7.794E-3
21.483	4.256E-2	-5.235E-2	0.102	3.770E-2	0.109
21.500	4.596E-2	-5.110E-2	0.101	3.779E-2	0.108
21.517	4.594E-2	-5.109E-2	-0.156	-0.140	0.210
21.533	4.075E-2	-5.576E-2	-0.156	-0.140	0.210
21.550	4.075E-2	-5.576E-2	8.565E-2	5.694E-2	0.103
21.567	4.361E-2	-5.386E-2	8.553E-2	5.834E-2	0.104
21.583	4.360E-2	-5.382E-2	8.828E-2	-4.972E-2	0.101
21.600	4.655E-2	-5.552E-2	8.935E-2	-5.071E-2	0.103
21.617	4.658E-2	-5.551E-2	2.905E-2	-4.060E-2	4.992E-2
21.633	4.752E-2	-5.687E-2	2.793E-2	-3.960E-2	4.845E-2
21.650	4.751E-2	-5.683E-2	-4.701E-2	8.044E-2	9.317E-2
21.667	4.595E-2	-5.419E-2	-4.679E-2	7.881E-2	9.166E-2
21.683	4.595E-2	-5.420E-2	-7.953E-2	-1.296E-2	8.058E-2
21.700	4.330E-2	-5.462E-2	-7.829E-2	-1.191E-2	7.919E-2
21.717	4.334E-2	-5.460E-2	6.265E-2	0.217	0.226
21.733	4.539E-2	-4.737E-2	6.187E-2	0.215	0.224
21.750	4.540E-2	-4.742E-2	1.099E-2	-0.112	0.113
21.767	4.576E-2	-5.111E-2	1.146E-2	-0.109	0.109
21.783	4.578E-2	-5.105E-2	4.610E-3	-3.802E-3	5.976E-3
21.800	4.591E-2	-5.123E-2	3.743E-3	-6.267E-3	7.300E-3
21.817	4.591E-2	-5.126E-2	-1.839E-3	-1.270E-2	1.283E-2
21.833	4.585E-2	-5.166E-2	-2.596E-3	-9.879E-3	1.021E-2
21.850	4.582E-2	-5.159E-2	-0.136	0.128	0.186
21.867	4.132E-2	-4.740E-2	-0.134	0.125	0.183
21.883	4.134E-2	-4.742E-2	0.121	-0.266	0.292
21.900	4.535E-2	-5.627E-2	0.119	-0.266	0.291
21.917	4.530E-2	-5.628E-2	-7.431E-2	0.267	0.277
21.933	4.287E-2	-4.737E-2	-7.437E-2	0.266	0.276
21.950	4.282E-2	-4.743E-2	7.477E-2	-0.275	0.285
21.967	4.536E-2	-5.654E-2	7.743E-2	-0.273	0.284
21.983	4.540E-2	-5.654E-2	0.169	4.821E-2	0.176
22.000	5.100E-2	-5.493E-2	0.168	4.715E-2	0.175
22.017	5.100E-2	-5.496E-2	-0.203	5.302E-2	0.210
22.033	4.423E-2	-5.317E-2	-0.203	5.407E-2	0.210
22.050	4.423E-2	-5.316E-2	-3.128E-2	0.217	0.219
22.067	4.319E-2	-4.593E-2	-3.200E-2	0.216	0.218
22.083	4.317E-2	-4.596E-2	0.218	7.659E-2	0.231
22.100	5.047E-2	-4.338E-2	0.220	7.714E-2	0.233
22.117	5.051E-2	-4.339E-2	-0.151	-0.125	0.196
22.133	4.544E-2	-4.756E-2	-0.153	-0.125	0.198
22.150	4.540E-2	-4.756E-2	-0.112	9.358E-2	0.146
22.167	4.169E-2	-4.444E-2	-0.113	9.407E-2	0.147
22.183	4.165E-2	-4.442E-2	9.510E-2	-0.381	0.393
22.200	4.486E-2	-5.714E-2	9.734E-2	-0.383	0.395
22.217	4.490E-2	-5.719E-2	-1.440E-2	4.296E-2	4.531E-2
22.233	4.438E-2	-5.571E-2	-1.649E-2	4.306E-2	4.611E-2
22.250	4.435E-2	-5.576E-2	0.125	1.057E-2	0.126
22.267	4.856E-2	-5.536E-2	0.126	1.228E-2	0.126
22.283	4.854E-2	-5.535E-2	-1.965E-3	-6.905E-4	2.083E-3
22.300	4.849E-2	-5.538E-2	-8.232E-4	-4.182E-4	9.233E-4
22.317	4.852E-2	-5.536E-2	-0.107	-5.150E-2	0.118
22.333	4.494E-2	-5.710E-2	-0.108	-5.155E-2	0.120
22.350	4.490E-2	-5.708E-2	0.163	2.857E-2	0.166
22.367	5.037E-2	-5.614E-2	0.164	2.784E-2	0.166
22.383	5.037E-2	-5.615E-2	-0.186	-8.576E-3	0.186
22.400	4.418E-2	-5.643E-2	-0.187	-7.745E-3	0.187
22.417	4.413E-2	-5.641E-2	-9.623E-2	0.134	0.165
22.433	4.097E-2	-5.198E-2	-9.476E-2	0.133	0.163
22.450	4.097E-2	-5.199E-2	0.265	-3.135E-2	0.267
22.467	4.980E-2	-5.302E-2	0.266	-3.091E-2	0.268
22.483	4.984E-2	-5.302E-2	-3.127E-2	3.102E-2	4.405E-2
22.500	4.876E-2	-5.199E-2	-3.108E-2	3.075E-2	4.372E-2
22.517	4.880E-2	-5.200E-2	-0.123	4.373E-2	0.130
22.533	4.468E-2	-5.053E-2	-0.125	4.363E-2	0.132
22.550	4.465E-2	-5.054E-2	0.143	0.118	0.186
22.567	4.946E-2	-4.659E-2	0.145	0.117	0.186
22.583	4.947E-2	-4.666E-2	-0.126	-0.268	0.297
22.600	4.525E-2	-5.553E-2	-0.126	-0.265	0.294
22.617	4.528E-2	-5.550E-2	0.138	0.248	0.284
22.633	4.984E-2	-4.726E-2	0.137	0.247	0.282
22.650	4.985E-2	-4.728E-2	-0.104	-0.316	0.333
22.667	4.638E-2	-5.781E-2	-0.105	-0.317	0.334
22.683	4.635E-2	-5.785E-2	0.151	6.234E-2	0.163
22.700	5.141E-2	-5.573E-2	0.128	6.231E-2	0.142
22.717	5.060E-2	-5.578E-2	-0.147	0.309	0.342
22.733	4.652E-2	-4.542E-2	-0.126	0.314	0.338
22.750	4.641E-2	-4.531E-2	-0.141	-0.199	0.244
22.767	4.182E-2	-5.207E-2	-0.139	-0.204	0.247
22.783	4.177E-2	-5.211E-2	-4.665E-3	5.197E-2	5.218E-2
22.800	4.167E-2	-5.033E-2	-3.978E-3	5.412E-2	5.426E-2
22.817	4.164E-2	-5.030E-2	-1.049E-2	0.193	0.193
22.833	4.132E-2	-4.390E-2	-6.754E-3	0.192	0.192
22.850	4.141E-2	-4.391E-2	9.191E-2	3.295E-2	9.764E-2
22.867	4.438E-2	-4.281E-2	8.757E-2	3.249E-2	9.340E-2
22.883	4.433E-2	-4.283E-2	-0.103	-7.269E-2	0.126
22.900	4.096E-2	-4.523E-2	-0.100	-7.171E-2	0.123
22.917	4.098E-2	-4.522E-2	0.289	-0.156	0.329
22.933	5.061E-2	-5.043E-2	0.290	-0.156	0.329
22.950	5.064E-2	-5.042E-2	-0.206	-0.151	0.256
22.967	4.373E-2	-5.546E-2	-0.207	-0.153	0.257
22.983	4.374E-2	-5.552E-2	6.158E-2	0.188	0.197
23.000	4.578E-2	-4.921E-2	6.207E-2	0.188	0.198
23.017	4.581E-2	-4.925E-2	5.208E-4	-1.896E-3	1.966E-3
23.033	4.580E-2	-4.927E-2	-3.049E-5	-9.153E-4	9.158E-4
23.050	4.581E-2	-4.928E-2	-2.372E-2	-0.208	0.209
23.067	4.501E-2	-5.620E-2	-2.323E-2	-0.207	0.208
23.083	4.503E-2	-5.617E-2	-3.449E-2	0.328	0.330
23.100	4.386E-2	-4.527E-2	-3.522E-2	0.329	0.331
23.117	4.386E-2	-4.521E-2	-0.161	-2.814E-2	0.163
23.133	3.849E-2	-4.620E-2	-0.160	-3.109E-2	0.163
23.150	3.851E-2	-4.625E-2	0.161	-0.174	0.237
23.167	4.385E-2	-5.199E-2	0.160	-0.173	0.235
23.183	4.384E-2	-5.200E-2	0.223	2.348E-3	0.223
23.200	5.127E-2	-5.192E-2	0.223	4.418E-3	0.223
23.217	5.126E-2	-5.186E-2	-0.224	5.012E-2	0.230
23.233	4.380E-2	-5.024E-2	-0.223	4.673E-2	0.228
23.250	4.383E-2	-5.030E-2	0.126	-0.194	0.232
23.267	4.800E-2	-5.672E-2	0.126	-0.191	0.229
23.283	4.802E-2	-5.668E-2	-5.843E-2	0.307	0.312
23.300	4.605E-2	-4.650E-2	-5.800E-2	0.305	0.311
23.317	4.609E-2	-4.650E-2	0.103	-0.222	0.244
23.333	4.948E-2	-5.388E-2	0.101	-0.223	0.245
23.350	4.946E-2	-5.394E-2	6.938E-2	0.148	0.163
23.367	5.179E-2	-4.896E-2	7.051E-2	0.149	0.165
23.383	5.181E-2	-4.898E-2	-0.108	-0.216	0.242
23.400	4.818E-2	-5.617E-2	-0.110	-0.216	0.242
23.417	4.815E-2	-5.616E-2	-7.008E-2	-1.999E-2	7.287E-2
23.433	4.584E-2	-5.684E-2	-6.990E-2	-1.898E-2	7.243E-2
23.450	4.582E-2	-5.680E-2	-0.125	0.159	0.203
23.467	4.166E-2	-5.152E-2	-0.126	0.160	0.203
23.483	4.163E-2	-5.147E-2	0.227	-8.761E-2	0.243
23.500	4.922E-2	-5.444E-2	0.228	-8.914E-2	0.244
23.517	4.921E-2	-5.444E-2	-7.020E-2	0.378	0.384
23.533	4.688E-2	-4.186E-2	-7.051E-2	0.379	0.385
23.550	4.686E-2	-4.182E-2	-3.080E-2	-0.409	0.410
23.567	4.586E-2	-5.548E-2	-3.123E-2	-0.410	0.411
23.583	4.582E-2	-5.549E-2	6.554E-2	3.672E-2	7.513E-2
23.600	4.804E-2	-5.426E-2	6.687E-2	3.884E-2	7.733E-2
23.617	4.805E-2	-5.420E-2	0.117	-2.535E-2	0.119
23.633	5.193E-2	-5.510E-2	0.116	-2.736E-2	0.119
23.650	5.192E-2	-5.511E-2	-0.317	0.247	0.402
23.667	4.136E-2	-4.686E-2	-0.318	0.247	0.403
23.683	4.131E-2	-4.688E-2	9.398E-3	-7.166E-2	7.227E-2
23.700	4.167E-2	-4.925E-2	1.030E-2	-7.091E-2	7.166E-2
23.717	4.165E-2	-4.924E-2	0.114	4.616E-2	0.123
23.733	4.548E-2	-4.771E-2	0.113	4.761E-2	0.123
23.750	4.542E-2	-4.765E-2	-9.887E-2	-0.260	0.278
23.767	4.218E-2	-5.636E-2	-9.768E-2	-0.262	0.280
23.783	4.217E-2	-5.640E-2	9.329E-2	8.126E-2	0.124
23.800	4.529E-2	-5.365E-2	9.363E-2	8.203E-2	0.124
23.817	4.529E-2	-5.366E-2	-0.123	-7.654E-4	0.123
23.833	4.120E-2	-5.368E-2	-0.122	-2.909E-4	0.122
23.850	4.123E-2	-5.367E-2	-9.354E-2	0.263	0.280
23.867	3.808E-2	-4.490E-2	-9.390E-2	0.262	0.278
23.883	3.810E-2	-4.496E-2	9.102E-2	-0.250	0.266
23.900	4.112E-2	-5.322E-2	8.995E-2	-0.249	0.265
23.917	4.110E-2	-5.327E-2	2.555E-2	-7.067E-2	7.514E-2
23.933	4.197E-2	-5.558E-2	2.743E-2	-7.002E-2	7.520E-2
23.950	4.201E-2	-5.561E-2	0.140	-4.994E-2	0.149
23.967	4.663E-2	-5.725E-2	0.138	-4.847E-2	0.146
23.983	4.660E-2	-5.722E-2	-0.143	5.887E-2	0.154
24.000	4.188E-2	-5.528E-2	-0.141	5.868E-2	0.153
24.017	4.190E-2	-5.527E-2	0.160	0.293	0.334
24.033	4.722E-2	-4.550E-2	0.160	0.293	0.334
24.050	4.722E-2	-4.550E-2	-3.024E-2	-0.281	0.283
24.067	4.621E-2	-5.487E-2	-3.111E-2	-0.281	0.282
24.083	4.619E-2	-5.486E-2	0.113	3.997E-2	0.120
24.100	4.999E-2	-5.354E-2	0.114	3.983E-2	0.121
24.117	4.999E-2	-5.353E-2	6.509E-2	5.594E-3	6.533E-2
24.133	5.216E-2	-5.335E-2	6.617E-2	3.930E-3	6.628E-2
24.150	5.220E-2	-5.340E-2	-0.125	0.276	0.303
24.167	4.799E-2	-4.415E-2	-0.125	0.277	0.304
24.183	4.802E-2	-4.418E-2	6.396E-2	-0.316	0.322
24.200	5.012E-2	-5.467E-2	6.287E-2	-0.316	0.322
24.217	5.012E-2	-5.470E-2	-0.144	0.177	0.229
24.233	4.531E-2	-4.876E-2	-0.145	0.179	0.231
24.250	4.527E-2	-4.874E-2	2.547E-2	-3.803E-2	4.577E-2
24.267	4.616E-2	-5.003E-2	2.781E-2	-3.890E-2	4.782E-2
24.283	4.620E-2	-5.003E-2	0.130	0.126	0.181
24.300	5.048E-2	-4.584E-2	0.129	0.125	0.180
24.317	5.050E-2	-4.586E-2	-8.815E-2	-0.192	0.211
24.333	4.754E-2	-5.224E-2	-8.982E-2	-0.191	0.211
24.350	4.751E-2	-5.223E-2	-9.636E-2	-9.240E-2	0.134
24.367	4.433E-2	-5.532E-2	-9.432E-2	-9.405E-2	0.133
24.383	4.436E-2	-5.537E-2	9.914E-2	-2.873E-2	0.103
24.400	4.763E-2	-5.628E-2	9.786E-2	-2.816E-2	0.102
24.417	4.763E-2	-5.631E-2	-0.207	5.379E-2	0.214
24.433	4.072E-2	-5.449E-2	-0.207	5.500E-2	0.214
24.450	4.073E-2	-5.447E-2	0.188	-8.680E-2	0.207
24.467	4.698E-2	-5.738E-2	0.188	-8.700E-2	0.207
24.483	4.701E-2	-5.737E-2	-2.198E-2	0.109	0.111
24.500	4.625E-2	-5.375E-2	-2.367E-2	0.108	0.111
24.517	4.622E-2	-5.377E-2	-1.510E-2	2.320E-2	2.768E-2
24.533	4.575E-2	-5.297E-2	-1.217E-2	2.221E-2	2.532E-2
24.550	4.581E-2	-5.303E-2	1.022E-3	-1.115E-2	1.119E-2
24.567	4.578E-2	-5.334E-2	-3.574E-4	-9.107E-3	9.114E-3
24.583	4.580E-2	-5.334E-2	5.869E-2	2.844E-2	6.522E-2
24.600	4.774E-2	-5.240E-2	5.818E-2	2.874E-2	6.489E-2
24.617	4.774E-2	-5.238E-2	-0.103	-1.406E-2	0.103
24.633	4.432E-2	-5.287E-2	-0.102	-1.524E-2	0.103
24.650	4.435E-2	-5.289E-2	-7.644E-2	0.123	0.145
24.667	4.177E-2	-4.878E-2	-7.675E-2	0.122	0.144
24.683	4.179E-2	-4.882E-2	0.145	-0.251	0.290
24.700	4.659E-2	-5.714E-2	0.144	-0.251	0.290
24.717	4.659E-2	-5.720E-2	-8.351E-2	0.250	0.263
24.733	4.381E-2	-4.881E-2	-8.315E-2	0.251	0.264
24.750	4.382E-2	-4.884E-2	0.197	-0.195	0.277
24.767	5.039E-2	-5.530E-2	0.197	-0.193	0.276
24.783	5.039E-2	-5.526E-2	1.236E-3	-9.408E-3	9.489E-3
24.800	5.043E-2	-5.561E-2	-1.051E-4	-1.122E-2	1.122E-2
24.817	5.038E-2	-5.563E-2	-7.288E-2	0.325	0.333
24.833	4.800E-2	-4.479E-2	-7.185E-2	0.324	0.332
24.850	4.799E-2	-4.483E-2	-2.693E-2	-0.268	0.269
24.867	4.711E-2	-5.371E-2	-2.619E-2	-0.265	0.267
24.883	4.712E-2	-5.368E-2	1.624E-2	3.692E-2	4.034E-2
24.900	4.765E-2	-5.248E-2	1.642E-2	3.516E-2	3.880E-2
24.917	4.766E-2	-5.251E-2	-0.183	0.289	0.342
24.933	4.155E-2	-4.285E-2	-0.184	0.289	0.343
24.950	4.152E-2	-4.287E-2	1.425E-2	-5.575E-3	1.530E-2
24.967	4.203E-2	-4.304E-2	1.405E-2	-4.724E-3	1.482E-2
24.983	4.199E-2	-4.303E-2	0.157	-0.434	0.461
25.000	4.726E-2	-5.750E-2	0.158	-0.434	0.462
25.017	4.727E-2	-5.748E-2	-0.250	7.117E-2	0.260
25.033	3.894E-2	-5.512E-2	-0.251	7.019E-2	0.260
25.050	3.891E-2	-5.514E-2	0.330	5.815E-2	0.335
25.067	4.992E-2	-5.318E-2	0.332	5.923E-2	0.338
25.083	4.999E-2	-5.317E-2	-4.689E-2	0.227	0.231
25.100	4.836E-2	-4.563E-2	-4.773E-2	0.226	0.231
25.117	4.840E-2	-4.564E-2	-3.873E-2	-0.375	0.377
25.133	4.707E-2	-5.813E-2	-3.927E-2	-0.375	0.377
25.150	4.709E-2	-5.813E-2	8.374E-2	3.721E-2	9.164E-2
25.167	4.986E-2	-5.689E-2	8.316E-2	3.615E-2	9.068E-2
25.183	4.986E-2	-5.692E-2	-0.297	8.379E-2	0.309
25.200	3.996E-2	-5.409E-2	-0.297	8.569E-2	0.310
25.217	3.995E-2	-5.407E-2	0.302	0.256	0.396
25.233	5.001E-2	-4.555E-2	0.302	0.255	0.395
25.250	5.000E-2	-4.556E-2	-1.318E-2	-0.283	0.284
25.267	4.957E-2	-5.499E-2	-1.257E-2	-0.275	0.275
25.283	4.958E-2	-5.473E-2	-0.192	8.401E-2	0.209
25.300	4.319E-2	-5.219E-2	-0.191	7.475E-2	0.205
25.317	4.321E-2	-5.224E-2	3.226E-2	-6.494E-2	7.252E-2
25.333	4.426E-2	-5.436E-2	3.123E-2	-6.366E-2	7.091E-2
25.350	4.425E-2	-5.436E-2	0.194	-1.225E-2	0.195
25.367	5.074E-2	-5.477E-2	0.195	-1.130E-2	0.196
25.383	5.076E-2	-5.474E-2	-8.549E-2	-3.969E-3	8.558E-2
25.400	4.789E-2	-5.490E-2	-8.611E-2	-3.942E-3	8.620E-2
25.417	4.789E-2	-5.487E-2	-3.593E-2	-6.020E-2	7.010E-2
25.433	4.669E-2	-5.691E-2	-3.490E-2	-6.175E-2	7.094E-2
25.450	4.673E-2	-5.693E-2	0.108	-1.021E-2	0.109
25.467	5.030E-2	-5.725E-2	0.106	-8.552E-3	0.106
25.483	5.025E-2	-5.721E-2	-0.234	0.257	0.347
25.500	4.251E-2	-4.867E-2	-0.231	0.255	0.344
25.517	4.255E-2	-4.873E-2	-2.421E-2	5.467E-2	5.979E-2
25.533	4.170E-2	-4.685E-2	-2.738E-2	5.525E-2	6.166E-2
25.550	4.164E-2	-4.689E-2	-4.058E-2	-0.169	0.174
25.567	4.035E-2	-5.248E-2	-3.915E-2	-0.168	0.173
25.583	4.034E-2	-5.250E-2	5.158E-2	-2.580E-2	5.767E-2
25.600	4.207E-2	-5.334E-2	5.054E-2	-2.314E-2	5.559E-2
25.617	4.202E-2	-5.327E-2	2.086E-2	1.421E-2	2.524E-2
25.633	4.277E-2	-5.287E-2	2.340E-2	1.054E-2	2.566E-2
25.650	4.280E-2	-5.292E-2	3.372E-4	-7.154E-3	7.162E-3
25.667	4.278E-2	-5.311E-2	-7.291E-4	-7.242E-3	7.278E-3
25.683	4.278E-2	-5.316E-2	3.155E-2	0.169	0.172
25.700	4.383E-2	-4.747E-2	3.081E-2	0.169	0.172
25.717	4.380E-2	-4.752E-2	-5.333E-2	-0.255	0.261
25.733	4.205E-2	-5.597E-2	-5.208E-2	-0.254	0.259
25.750	4.207E-2	-5.599E-2	9.388E-2	5.178E-2	0.107
25.767	4.518E-2	-5.424E-2	9.269E-2	5.379E-2	0.107
25.783	4.516E-2	-5.420E-2	-0.103	0.198	0.223
25.800	4.174E-2	-4.764E-2	-0.101	0.196	0.221
25.817	4.178E-2	-4.766E-2	-2.053E-2	-0.209	0.210
25.833	4.105E-2	-5.459E-2	-2.323E-2	-0.208	0.209
25.850	4.100E-2	-5.459E-2	8.918E-2	1.614E-2	9.063E-2
25.867	4.403E-2	-5.405E-2	9.000E-2	1.594E-2	9.140E-2
25.883	4.400E-2	-5.406E-2	1.286E-2	-7.102E-2	7.218E-2
25.900	4.445E-2	-5.642E-2	1.561E-2	-7.068E-2	7.238E-2
25.917	4.452E-2	-5.641E-2	2.046E-2	0.224	0.225
25.933	4.514E-2	-4.896E-2	1.903E-2	0.223	0.224
25.950	4.516E-2	-4.898E-2	-7.868E-2	-5.458E-2	9.576E-2
25.967	4.251E-2	-5.078E-2	-7.846E-2	-5.490E-2	9.576E-2
25.983	4.254E-2	-5.081E-2	0.161	-9.455E-2	0.187
26.000	4.788E-2	-5.393E-2	0.160	-9.339E-2	0.186
26.017	4.789E-2	-5.392E-2	3.935E-2	-3.972E-2	5.591E-2
26.033	4.919E-2	-5.525E-2	3.940E-2	-3.892E-2	5.538E-2
26.050	4.921E-2	-5.522E-2	-3.158E-2	-2.747E-2	4.186E-2
26.067	4.814E-2	-5.617E-2	-3.130E-2	-2.761E-2	4.174E-2
26.083	4.816E-2	-5.614E-2	-0.115	0.180	0.213
26.100	4.431E-2	-5.017E-2	-0.116	0.180	0.214
26.117	4.428E-2	-5.015E-2	-2.011E-2	7.460E-3	2.145E-2
26.133	4.364E-2	-4.992E-2	-1.991E-2	7.147E-3	2.115E-2
26.150	4.362E-2	-4.991E-2	6.894E-2	-0.191	0.204
26.167	4.594E-2	-5.630E-2	7.000E-2	-0.191	0.204
26.183	4.595E-2	-5.629E-2	2.989E-2	-1.212E-2	3.225E-2
26.200	4.693E-2	-5.671E-2	3.080E-2	-1.168E-2	3.294E-2
26.217	4.698E-2	-5.668E-2	-0.147	3.576E-3	0.147
26.233	4.202E-2	-5.659E-2	-0.148	3.786E-3	0.148
26.250	4.204E-2	-5.655E-2	0.220	6.758E-2	0.230
26.267	4.934E-2	-5.434E-2	0.219	6.667E-2	0.229
26.283	4.933E-2	-5.433E-2	-0.152	-6.210E-3	0.153
26.300	4.426E-2	-5.454E-2	-0.153	-8.383E-3	0.153
26.317	4.425E-2	-5.461E-2	0.141	0.105	0.176
26.333	4.897E-2	-5.105E-2	0.141	0.106	0.177
26.350	4.896E-2	-5.107E-2	-1.552E-2	-0.167	0.167
26.367	4.846E-2	-5.660E-2	-1.558E-2	-0.166	0.166
26.383	4.844E-2	-5.659E-2	0.179	7.979E-2	0.196
26.400	5.443E-2	-5.394E-2	0.179	7.939E-2	0.196
26.417	5.442E-2	-5.394E-2	-0.142	-4.311E-2	0.149
26.433	4.969E-2	-5.538E-2	-0.142	-4.182E-2	0.148
26.450	4.968E-2	-5.534E-2	-0.113	0.229	0.256
26.467	4.591E-2	-4.773E-2	-0.113	0.229	0.255
26.483	4.591E-2	-4.771E-2	7.105E-2	-0.226	0.237
26.500	4.828E-2	-5.527E-2	6.922E-2	-0.226	0.237
26.517	4.822E-2	-5.526E-2	-8.291E-2	-3.703E-2	9.081E-2
26.533	4.551E-2	-5.651E-2	-8.028E-2	-3.847E-2	8.902E-2
26.550	4.554E-2	-5.654E-2	-0.101	0.359	0.373
26.567	4.216E-2	-4.455E-2	-0.102	0.359	0.374
26.583	4.214E-2	-4.456E-2	-1.555E-2	-4.203E-3	1.611E-2
26.600	4.164E-2	-4.469E-2	-1.136E-2	-8.187E-3	1.400E-2
26.617	4.177E-2	-4.483E-2	0.113	-0.165	0.200
26.633	4.542E-2	-5.018E-2	0.109	-0.160	0.193
26.650	4.540E-2	-5.015E-2	7.316E-3	1.950E-2	2.083E-2
26.667	4.566E-2	-4.953E-2	8.609E-3	1.946E-2	2.128E-2
26.683	4.569E-2	-4.950E-2	0.134	-3.239E-2	0.138
26.700	5.013E-2	-5.061E-2	0.133	-3.242E-2	0.137
26.717	5.012E-2	-5.058E-2	-0.153	0.158	0.220
26.733	4.503E-2	-4.534E-2	-0.151	0.157	0.218
26.750	4.507E-2	-4.534E-2	3.576E-2	3.214E-2	4.808E-2
26.767	4.622E-2	-4.426E-2	3.380E-2	3.126E-2	4.604E-2
26.783	4.620E-2	-4.430E-2	0.139	-0.448	0.469
26.800	5.084E-2	-5.919E-2	0.140	-0.446	0.468
26.817	5.087E-2	-5.917E-2	-2.505E-2	8.770E-3	2.654E-2
26.833	5.001E-2	-5.890E-2	-2.643E-2	8.167E-3	2.766E-2
26.850	4.999E-2	-5.890E-2	2.787E-2	0.296	0.297
26.867	5.094E-2	-4.903E-2	2.761E-2	0.297	0.298
26.883	5.091E-2	-4.900E-2			
