质量_A
t	x	y	v	v_{y}	v_{x}
3.333333333E-2	3.041178046E-2	-3.276298025E-2			
6.666666667E-2	4.517819409E-2	-3.416930536E-2	3.175199399E-1	-2.636859577E-2	3.164231493E-1
1.000000000E-1	5.150665708E-2	-3.452088663E-2	3.028602831E-1	-3.691603408E-2	3.006019918E-1
1.333333333E-1	6.521832688E-2	-3.663037429E-2	3.806222542E-1	-2.636859577E-2	3.797077791E-1
1.666666667E-1	7.682050902E-2	-3.627879302E-2	2.426483974E-1	5.273719155E-3	2.425910811E-1
2.000000000E-1	8.139106562E-2	-3.627879302E-2	1.372180782E-1	-5.273719155E-3	1.371166980E-1
2.333333333E-1	8.596162222E-2	-3.663037429E-2	9.492694478E-2	-0.000000000E0	9.492694478E-2
2.666666667E-1	8.771952860E-2	-3.627879302E-2	8.519954038E-2	3.164231493E-2	-7.910578732E-2
3.000000000E-1	8.068790306E-2	-3.452088663E-2	1.976765534E-1	3.164231493E-2	-1.951276087E-1
3.333333333E-1	7.471102136E-2	-3.416930536E-2	1.805430621E-1	2.109487662E-2	-1.793064513E-1
3.666666667E-1	6.873413965E-2	-3.311456152E-2	4.193187128E-1	4.746347239E-2	-4.166238132E-1
4.000000000E-1	4.693610048E-2	-3.100507386E-2	6.063859790E-1	7.910578732E-2	-6.012039836E-1
4.333333333E-1	2.865387407E-2	-2.784084237E-2	6.563417230E-1	1.456822067E-1	-6.399696493E-1
4.666666667E-1	4.271457191E-3	-2.129292675E-2	6.700136255E-1	7.789447995E-2	-6.654702911E-1
5.000000000E-1	-1.571081200E-2	-2.264787704E-2	5.447825934E-1	-9.059630919E-2	-5.371967822E-1
5.333333333E-1	-3.154166162E-2	-2.733268069E-2	3.591958417E-1	-7.618876141E-2	-3.510226849E-1
5.666666667E-1	-3.911232433E-2	-2.772712780E-2	1.848809391E-1	-5.387570421E-2	-1.768569199E-1
6.000000000E-1	-4.333212295E-2	-3.092439431E-2	4.482997127E-2	-2.509289489E-2	3.714933311E-2
6.333333333E-1	-3.663570212E-2	-2.939998746E-2	2.884541809E-1	-1.599320613E-2	2.880104718E-1
6.666666667E-1	-2.413142484E-2	-3.199060805E-2	3.697521545E-1	4.034089227E-2	3.675449199E-1
7.000000000E-1	-1.213270746E-2	-2.671059464E-2	4.751507338E-1	3.393919211E-2	4.739370750E-1
7.333333333E-1	7.464380167E-3	-2.972799524E-2	5.522847763E-1	-6.498180383E-2	5.484485749E-1
7.666666667E-1	2.443053087E-2	-3.104271490E-2	5.741330015E-1	-1.213505557E-2	5.740047420E-1
8.000000000E-1	4.573136297E-2	-3.053699895E-2	5.934061252E-1	1.890728773E-2	5.931048339E-1
8.333333333E-1	6.397085313E-2	-2.978222905E-2	4.333051251E-1	9.172929843E-3	4.332080202E-1
8.666666667E-1	7.461189765E-2	-2.992547029E-2	2.188555904E-1	-1.982652044E-2	2.179556802E-1
9.000000000E-1	7.850123181E-2	-3.110399708E-2	2.055904301E-1	-1.585873962E-1	1.308337216E-1
9.333333333E-1	8.333414576E-2	-4.049796337E-2	1.588564971E-1	-1.305028027E-1	9.057817141E-2
9.666666667E-1	8.453977657E-2	-3.980418393E-2	1.886175942E-2	1.663050895E-2	-8.898996597E-3
1.000000000E0	8.274087932E-2	-3.938926277E-2	1.566965479E-1	1.284224182E-2	-1.561694111E-1
1.033333333E0	7.412848250E-2	-3.894803447E-2	3.289936004E-1	3.808241130E-2	-3.267820666E-1
1.066666667E0	6.095540821E-2	-3.685043535E-2	4.594180865E-1	1.385326109E-1	-4.380338959E-1
1.100000000E0	4.492622277E-2	-2.971252708E-2	5.112014378E-1	6.617568596E-2	-5.069000775E-1
1.133333333E0	2.716206971E-2	-3.243872295E-2	5.410318543E-1	-2.321371895E-2	-5.405336166E-1
1.166666667E0	8.890648336E-3	-3.126010834E-2	6.215565600E-1	-9.518373821E-2	-6.142252138E-1
1.200000000E0	-1.378627788E-2	-3.878430550E-2	5.683259626E-1	-4.783019069E-2	-5.663096967E-1
1.233333333E0	-2.886333145E-2	-3.444878772E-2	3.461441069E-1	7.870453902E-2	-3.370776443E-1
1.266666667E0	-3.625812083E-2	-3.353733623E-2	1.110575089E-1	3.694879551E-2	-1.047308780E-1
1.300000000E0	-3.584538998E-2	-3.198553469E-2	1.218235313E-1	6.185915452E-2	1.049495964E-1
1.333333333E0	-2.926148107E-2	-2.941339260E-2	1.932943002E-1	-1.107844535E-2	1.929765647E-1
1.366666667E0	-2.298028567E-2	-3.272409771E-2	3.384499076E-1	-1.535536497E-1	3.016116984E-1
1.400000000E0	-9.154034510E-3	-3.965030258E-2	5.267146852E-1	-1.467888614E-1	5.058472000E-1
1.433333333E0	1.074286100E-2	-4.251002181E-2	5.883623212E-1	2.817581738E-2	5.876872844E-1
1.466666667E0	3.002511778E-2	-3.777191475E-2	7.115257770E-1	1.577712460E-1	6.938134946E-1
1.500000000E0	5.699709397E-2	-3.199193874E-2	5.696866621E-1	1.284411292E-1	5.550187108E-1
1.533333333E0	6.702636517E-2	-2.920917280E-2	2.523536295E-1	8.717876033E-2	2.368168449E-1
1.566666667E0	7.278488364E-2	-2.618002138E-2	2.824897955E-1	2.389608775E-1	1.506591637E-1
1.600000000E0	7.707030942E-2	-1.327844764E-2	2.220569100E-1	2.097913889E-1	7.277942305E-2
1.633333333E0	7.763684517E-2	-1.219392879E-2	9.957552368E-2	-7.359388810E-2	-6.707625922E-2
1.666666667E0	7.259855880E-2	-1.818470684E-2	2.472446139E-1	-2.031730131E-1	-1.408922491E-1
1.700000000E0	6.824402856E-2	-2.573879633E-2	2.513019031E-1	-8.950858095E-2	-2.348209115E-1
1.733333333E0	5.694383137E-2	-2.415194557E-2	4.621484414E-1	-8.285768047E-3	-4.620741585E-1
1.766666667E0	3.743908466E-2	-2.629118087E-2	6.932699251E-1	-7.740145882E-2	-6.889355581E-1
1.800000000E0	1.101479416E-2	-2.931204283E-2	7.208866528E-1	-1.254849782E-1	-7.098810368E-1
1.833333333E0	-9.886317791E-3	-3.465684608E-2	4.132290938E-1	-6.471337834E-2	-4.081304480E-1
1.866666667E0	-1.619390237E-2	-3.362626805E-2	2.730273623E-1	-1.801830188E-1	-2.051292771E-1
1.900000000E0	-2.356160293E-2	-4.666904733E-2	2.161179793E-1	-9.460752153E-2	-1.943100559E-1
1.933333333E0	-2.914790610E-2	-3.993343615E-2	2.633026004E-2	2.581978815E-2	-5.159567176E-3
1.966666667E0	-2.390557407E-2	-4.494772812E-2	1.588401560E-1	-4.508731706E-2	1.523066938E-1
2.000000000E0	-1.899412651E-2	-4.293925729E-2	3.833700386E-1	-5.105329091E-3	3.833360433E-1
2.033333333E0	1.650162144E-3	-4.528808339E-2	6.614018310E-1	3.194395013E-2	6.606299767E-1
2.066666667E0	2.504787193E-2	-4.080966062E-2	5.745987643E-1	2.624745163E-1	5.111466210E-1
2.100000000E0	3.572660355E-2	-2.778978231E-2	5.210560900E-1	3.093839887E-1	4.192624434E-1
2.133333333E0	5.299870149E-2	-2.018406137E-2	4.685011348E-1	2.088967700E-1	4.193512285E-1
2.166666667E0	6.368335211E-2	-1.386333098E-2	3.007929157E-1	1.724460062E-1	2.464523343E-1
2.200000000E0	6.942885711E-2	-8.687660959E-3	1.633193501E-1	1.223802883E-1	1.081493187E-1
2.233333333E0	7.089330669E-2	-5.704645090E-3	7.045928635E-2	6.668762183E-2	-2.274361727E-2
2.266666667E0	6.791261596E-2	-4.241819503E-3	1.557712397E-1	1.364586931E-2	-1.551723859E-1
2.300000000E0	6.054848096E-2	-4.794920470E-3	3.022262598E-1	-6.111997206E-2	-2.959815216E-1
2.333333333E0	4.818051452E-2	-8.316484308E-3	4.870760892E-1	-3.468124290E-1	-3.420003739E-1
2.366666667E0	3.774845604E-2	-2.791574907E-2	5.194623946E-1	-2.992780055E-1	-4.245866871E-1
2.400000000E0	1.987473538E-2	-2.826835134E-2	6.384691170E-1	-1.758866550E-1	-6.137643669E-1
2.433333333E0	-3.169168421E-3	-3.964152607E-2	6.116926219E-1	-3.016947816E-1	-5.321166437E-1
2.466666667E0	-1.559970753E-2	-4.838133678E-2	3.131444614E-1	-2.116371469E-1	-2.308011519E-1
2.500000000E0	-1.855591188E-2	-5.375066920E-2	1.548808512E-1	-1.462547696E-1	5.096685648E-2
2.533333333E0	-1.220191710E-2	-5.813165475E-2	2.048354061E-1	-1.453161810E-1	1.443632610E-1
2.566666667E0	-8.931694481E-3	-6.343841460E-2	1.470470012E-1	8.274886636E-3	1.468139871E-1
2.600000000E0	-2.414317958E-3	-5.757999564E-2	4.132762397E-1	2.515789993E-1	3.278799437E-1
2.633333333E0	1.292696843E-2	-4.666648132E-2	5.074307949E-1	3.104167046E-1	4.014068773E-1
2.666666667E0	2.434614053E-2	-3.688554867E-2	4.180957364E-1	1.779442957E-1	3.783383042E-1
2.700000000E0	3.814952204E-2	-3.480352827E-2	4.322344922E-1	2.090372917E-1	3.783253453E-1
2.733333333E0	4.956783022E-2	-2.294972922E-2	4.522362686E-1	3.731270828E-1	2.555265596E-1
2.766666667E0	5.518462602E-2	-9.928389413E-3	3.279819927E-1	3.121069060E-1	1.008041007E-1
2.800000000E0	5.628810360E-2	-2.142602156E-3	2.510834264E-1	2.325212255E-1	9.474580050E-2
2.833333333E0	6.150101272E-2	5.573025621E-3	6.211627872E-2	3.653003098E-2	-5.023931646E-2
2.866666667E0	5.293881583E-2	2.927332427E-4	2.361689268E-1	-2.406818036E-2	-2.349393213E-1
2.900000000E0	4.583839130E-2	3.968480263E-3	3.081340287E-1	-8.163607451E-2	-2.971230906E-1
2.933333333E0	3.313060979E-2	-5.149671725E-3	5.098789316E-1	-3.452309391E-1	-3.752227653E-1
2.966666667E0	2.082354028E-2	-1.904691568E-2	5.659066294E-1	-4.409601977E-1	-3.546891841E-1
3.000000000E0	9.484664188E-3	-3.454701824E-2	4.909651540E-1	-4.172754273E-1	-2.587044651E-1
3.033333333E0	3.576575939E-3	-4.686527750E-2	4.512490578E-1	-4.146780403E-1	-1.779545872E-1
3.066666667E0	-2.378974958E-3	-6.219222092E-2	2.579656855E-1	-2.530719585E-1	-5.000878602E-2
3.100000000E0	2.426568709E-4	-6.373674140E-2	1.315567962E-1	-8.825009544E-2	9.756593293E-2
3.133333333E0	4.125420570E-3	-6.807556061E-2	2.432912905E-1	8.136735112E-4	2.432899298E-1
3.166666667E0	1.646198553E-2	-6.368249650E-2	2.478365799E-1	1.389967582E-1	2.051898426E-1
3.200000000E0	1.780474341E-2	-5.880911007E-2	3.684549033E-1	2.976946015E-1	2.171104327E-1
3.233333333E0	3.093601437E-2	-4.383618973E-2	5.316523296E-1	4.729522659E-1	2.428381226E-1
3.266666667E0	3.399395159E-2	-2.727895901E-2	6.439731544E-1	6.300131888E-1	1.333596846E-1
3.300000000E0	3.982666001E-2	-1.835310479E-3	5.760146353E-1	5.602790781E-1	1.337169199E-1
3.333333333E0	4.290841291E-2	1.007297953E-2	2.054352442E-1	2.052127918E-1	-9.557701635E-3
3.366666667E0	3.918947990E-2	1.184554231E-2	1.745536742E-1	-1.729003660E-2	-1.736952498E-1
3.400000000E0	3.132872959E-2	8.920310428E-3	2.375217478E-1	-1.015074510E-1	-2.147389533E-1
3.433333333E0	2.487354968E-2	5.078378907E-3	2.137741376E-1	-1.685347519E-1	-1.315120501E-1
3.466666667E0	2.256125959E-2	-2.315339700E-3	3.941637972E-1	-3.732508757E-1	-1.266841853E-1
3.500000000E0	1.642793733E-2	-1.980501281E-2	6.752289983E-1	-6.693382516E-1	-8.899721896E-2
3.533333333E0	1.662811166E-2	-4.693788981E-2	4.495018339E-1	-4.472864997E-1	-4.457225503E-2
3.566666667E0	1.345645366E-2	-4.962411279E-2	2.459468023E-1	-2.331936085E-1	-7.817013830E-2
3.600000000E0	1.141676910E-2	-6.248413038E-2	2.402290630E-1	-2.401180716E-1	-7.301672129E-3
3.633333333E0	1.296967552E-2	-6.563198422E-2	1.011425835E-1	-4.721780769E-2	8.944440082E-2
3.666666667E0	1.737972916E-2	-6.563198422E-2	1.837694472E-1	9.654910351E-2	1.563632960E-1
3.700000000E0	2.339389525E-2	-5.919537732E-2	3.971690317E-1	3.505334143E-1	1.867339422E-1
3.733333333E0	2.982865864E-2	-4.226308994E-2	5.930537900E-1	5.845975391E-1	9.979235983E-2
3.766666667E0	3.004671924E-2	-2.022220805E-2	5.874468048E-1	5.870432093E-1	-2.177197442E-2
3.800000000E0	2.837719368E-2	-3.126875982E-3	3.720924476E-1	3.720901667E-1	1.302837236E-3
3.833333333E0	3.013357506E-2	4.583803064E-3	1.814141536E-1	1.809193781E-1	-1.338931570E-2
3.866666667E0	2.748457263E-2	8.934415888E-3	1.331078306E-1	9.268188758E-2	-9.553932317E-2
3.900000000E0	2.376428685E-2	1.076259557E-2	1.680600367E-1	-1.354335503E-1	-9.950843865E-2
3.933333333E0	2.085067672E-2	-9.448746818E-5	2.429817082E-1	-2.333270865E-1	-6.781283977E-2
3.966666667E0	1.924343086E-2	-4.792543531E-3	3.256079986E-1	-3.234452670E-1	-3.746635889E-2
4.000000000E0	1.835291946E-2	-2.165750527E-2	4.143556913E-1	-4.042874858E-1	9.078693598E-2
4.033333333E0	2.529589326E-2	-3.174504258E-2	2.497662419E-1	-1.564302154E-1	1.947120010E-1
4.066666667E0	3.133371953E-2	-3.208618629E-2	8.989709741E-2	-3.756508994E-3	8.981857694E-2
4.100000000E0	3.128379839E-2	-3.199547651E-2	7.291841933E-4	6.042149288E-4	-4.082081670E-4
4.133333333E0	3.130650565E-2	-3.204590529E-2	6.692466770E-4	-5.927573918E-4	3.106924350E-4
4.166666667E0	3.130451122E-2	-3.203499367E-2	3.239205415E-4	2.827171148E-5	-3.226844086E-4
4.200000000E0	3.128499335E-2	-3.204402051E-2	1.149062038E-1	6.266181155E-2	-9.631683679E-2
4.233333333E0	2.488338877E-2	-2.785753957E-2	1.298478560E-1	-6.464445714E-2	-1.126124321E-1
4.266666667E0	2.377749788E-2	-3.635365099E-2	1.115193874E-1	-4.633250182E-2	1.014390114E-1
4.300000000E0	3.164598953E-2	-3.094637303E-2	5.420014054E-1	5.006590608E-1	-2.076199130E-1
4.333333333E0	9.936170344E-3	-2.976380267E-3	6.111379175E-1	4.717927141E-1	-3.884600226E-1
4.366666667E0	5.748654691E-3	5.064745792E-4	9.637262935E-2	4.329884165E-2	-8.609816490E-2
4.400000000E0	4.196292683E-3	-8.979082414E-5	1.281797997E-1	-1.271481918E-1	-1.622955250E-2
4.433333333E0	4.666684524E-3	-7.970071541E-3	2.846880666E-1	-2.770870559E-1	6.534568659E-2
4.466666667E0	8.552671789E-3	-1.856226122E-2	4.123130837E-1	-3.968026715E-1	1.120255279E-1
4.500000000E0	1.213505305E-2	-3.442358298E-2	4.937546017E-1	-4.647914305E-1	1.666209256E-1
4.533333333E0	1.966073350E-2	-4.954835658E-2	5.400443225E-1	-4.605187861E-1	2.820821121E-1
4.566666667E0	3.094052719E-2	-6.512483538E-2	3.068396555E-1	-2.749569101E-1	1.361957112E-1
4.600000000E0	2.874044758E-2	-6.787881726E-2	1.910611818E-1	1.415173549E-1	1.283635986E-1
4.633333333E0	3.949810043E-2	-5.569034506E-2	5.204357952E-1	5.185573346E-1	4.417813500E-2
4.666666667E0	3.168565658E-2	-3.330832828E-2	3.539670115E-1	3.339689347E-1	-1.172919260E-1
4.700000000E0	3.167863870E-2	-3.342574941E-2	1.484954691E-1	-1.310765049E-1	6.978434075E-2
4.733333333E0	3.633794596E-2	-4.204676194E-2	1.222880219E-1	9.918471883E-2	-7.153147446E-2
4.766666667E0	2.690987373E-2	-2.681343483E-2	5.508102523E-1	5.245403320E-1	-1.680755014E-1
4.800000000E0	2.513291253E-2	-7.077406478E-3	4.109217126E-1	4.076924590E-1	-5.141510285E-2
4.833333333E0	2.348220021E-2	3.660624406E-4	6.749256943E-2	-2.566691291E-3	-6.744374710E-2
4.866666667E0	2.063666272E-2	-7.248519231E-3	3.287962610E-1	-2.769975967E-1	-1.771420691E-1
4.900000000E0	1.167272893E-2	-1.810044400E-2	1.181752188E-1	-8.863809326E-2	-7.815798587E-2
4.933333333E0	1.542613033E-2	-1.315772545E-2	3.857994682E-1	-3.213745662E-1	2.134469907E-1
4.966666667E0	2.590252831E-2	-3.952541508E-2	5.479267629E-1	-4.636263908E-1	2.920176487E-1
5.000000000E0	3.489397358E-2	-4.406615150E-2	3.236928602E-1	-2.362931314E-1	2.212297986E-1
5.033333333E0	4.065118155E-2	-5.527829051E-2	2.844608419E-1	-2.485962375E-1	1.382674266E-1
5.066666667E0	4.411180203E-2	-6.063923400E-2	7.855693958E-2	-6.323377156E-2	4.661204662E-2
5.100000000E0	4.375865133E-2	-5.949387528E-2	5.383325361E-2	4.658480302E-2	-2.697916459E-2
5.133333333E0	4.231319105E-2	-5.753358047E-2	1.895517814E-1	1.383260987E-1	-1.295984886E-1
5.166666667E0	3.511875209E-2	-5.027213536E-2	3.416735753E-1	3.221509232E-1	-1.138403035E-1
5.200000000E0	3.472383748E-2	-3.605685225E-2	4.358849564E-1	3.504929755E-1	-2.591338831E-1
5.233333333E0	1.784315988E-2	-2.690593700E-2	4.251598270E-1	3.558463026E-1	-2.326677619E-1
5.266666667E0	1.921265336E-2	-1.233376541E-2	4.709800226E-1	4.383892596E-1	-1.721541133E-1
5.300000000E0	6.366218994E-3	2.320013646E-3	2.366353257E-1	1.880316265E-1	-1.436676192E-1
5.333333333E0	9.634812077E-3	2.016763560E-4	1.135699609E-1	-6.464615903E-2	9.337563993E-2
5.366666667E0	1.259126166E-2	-1.989730289E-3	3.736657547E-1	-3.226822113E-1	1.884205052E-1
5.400000000E0	2.219617909E-2	-2.131047106E-2	6.903901743E-1	-6.454452362E-1	2.450286512E-1
5.433333333E0	2.892650507E-2	-4.501941270E-2	5.591317344E-1	-5.066428452E-1	2.365191829E-1
5.466666667E0	3.796412461E-2	-5.508666074E-2	3.482466442E-1	-2.727399121E-1	2.165379078E-1
5.500000000E0	4.336236559E-2	-6.320207351E-2	1.263293841E-1	2.422957619E-2	1.239840349E-1
5.533333333E0	4.622972694E-2	-5.347135566E-2	1.514641280E-1	1.091049092E-1	1.050595110E-1
5.566666667E0	5.036633299E-2	-5.592841290E-2	1.354136165E-1	1.303381894E-1	3.672606609E-2
5.600000000E0	4.867813135E-2	-4.478214304E-2	2.481465587E-1	2.207508738E-1	-1.133391649E-1
5.633333333E0	4.281038867E-2	-4.121168798E-2	2.997473625E-1	1.774288630E-1	-2.415936255E-1
5.666666667E0	3.257188964E-2	-3.295355217E-2	4.042874280E-1	2.235522291E-1	-3.368571289E-1
5.700000000E0	2.035324674E-2	-2.630820604E-2	3.969887674E-1	1.561823172E-1	-3.649755680E-1
5.733333333E0	8.240185113E-3	-2.254139768E-2	3.577947698E-1	3.282375074E-1	-1.423981603E-1
5.766666667E0	1.086003605E-2	-4.425705548E-3			
5.800000000E0		-1.198296211E-2		-3.584651436E-1	
5.833333333E0	-1.982171682E-2	-2.832338179E-2			
5.866666667E0	-3.708474587E-2	-4.711935017E-2	5.128734803E-1	-4.844238672E-1	-1.684420486E-1
5.900000000E0	-3.105118672E-2	-6.061830627E-2	4.663435620E-1	-4.188694188E-1	2.049993359E-1
5.933333333E0	-2.341812347E-2	-7.504397809E-2	3.157641592E-1	-3.064829686E-1	7.599469839E-2
5.966666667E0	-2.598487350E-2	-8.105050417E-2			-4.295094894E-2
6.000000000E0	-2.628152007E-2				1.251753065E0
6.033333333E0	5.746533087E-2	-3.800165459E-2			1.155698096E0
6.066666667E0	5.076501969E-2	-5.881596368E-2	3.265222802E-1	-3.109746865E-1	-9.955673683E-2
6.100000000E0	5.082821508E-2	-5.873330035E-2	2.475458637E-1	2.175800389E-1	1.180588045E-1
6.133333333E0	5.863560666E-2	-4.431062776E-2			
6.166666667E0					
6.200000000E0	7.574275280E-2				
6.233333333E0	5.831221022E-2	-2.300223049E-2			-2.628410670E-1
6.266666667E0	5.822001500E-2	-2.290867039E-2	4.820126676E-2	4.771910489E-2	6.800672403E-3
6.300000000E0	5.876558838E-2	-1.982095683E-2	4.634467928E-2	4.555417294E-2	8.523298968E-3
6.333333333E0	5.878823493E-2	-1.987172553E-2	8.455487803E-4	-7.320897308E-4	4.230808031E-4
6.366666667E0	5.879379376E-2	-1.986976281E-2			-7.408271232E-2
6.400000000E0	5.384938744E-2				-2.579506418E-1
6.433333333E0	4.159708431E-2	-6.184297970E-3			-5.649233444E-1
6.466666667E0	1.618783115E-2	4.174539124E-3	7.338994461E-1	-1.303962525E-1	-7.222224133E-1
6.500000000E0	-6.551076582E-3	-1.487738147E-2			
6.533333333E0					
6.566666667E0	-4.125895631E-2	3.733903031E-3			
6.600000000E0	-4.477696206E-2	3.733903031E-3	8.079406660E-2	-1.795893232E-2	-7.877282493E-2
6.633333333E0	-4.651047797E-2	2.536640876E-3	6.912779069E-2	-6.396461432E-2	-2.621410995E-2
6.666666667E0	-4.652456939E-2	-5.304045909E-4	2.762466171E-1	-2.593713221E-1	-9.507213418E-2
6.700000000E0	-5.284862025E-2	-1.475478060E-2	2.339417216E-1	-2.136363532E-1	-9.533224905E-2
6.733333333E0	-5.288005266E-2	-1.477282814E-2	1.615499949E-4	-1.544311719E-4	-4.742798749E-5
6.766666667E0	-5.285178212E-2	-1.476507601E-2			
6.800000000E0					
6.833333333E0	-5.378918865E-2	3.923427313E-3			
6.866666667E0	-5.378918865E-2	3.923427313E-3	2.996029187E-13	2.996029187E-13	0.000000000E0
6.900000000E0	-5.378918865E-2	3.923427313E-3	0.000000000E0	-0.000000000E0	0.000000000E0
6.933333333E0	-5.378918865E-2	3.923427313E-3			
6.966666667E0		1.759421241E-2		2.058233704E-1	
7.000000000E0	-5.625300431E-2	1.764498534E-2			
7.033333333E0	-5.341014008E-2	1.764498534E-2	6.432667444E-2	4.548582771E-2	-4.548582771E-2
7.066666667E0	-5.928539283E-2	2.067737385E-2	1.624417697E-1	-1.364574831E-1	-8.812879118E-2
7.100000000E0	-5.928539283E-2	8.547819796E-3	2.021634294E-1	-1.819433108E-1	8.812879118E-2
7.133333333E0	-5.341014008E-2	8.547819796E-3	5.685728463E-3	-0.000000000E0	5.685728463E-3
7.166666667E0	-5.890634426E-2	8.547819796E-3	8.812879118E-2	-0.000000000E0	-8.812879118E-2
7.200000000E0	-5.928539283E-2	8.547819796E-3	5.685728463E-3	-0.000000000E0	-5.685728463E-3
7.233333333E0	-5.928539283E-2	8.547819796E-3	0.000000000E0	-0.000000000E0	0.000000000E0
7.266666667E0	-5.928539283E-2	8.547819796E-3	4.548582771E-2	-4.548582771E-2	0.000000000E0
7.300000000E0	-5.928539283E-2	5.515431282E-3	1.438388168E-1	1.364574831E-1	4.548582771E-2
7.333333333E0	-5.625300431E-2	1.764498534E-2	0.000000000E0	-0.000000000E0	0.000000000E0
7.366666667E0	-5.928539283E-2	5.515431282E-3			
7.400000000E0					
7.433333333E0	-5.623978509E-2	2.723491401E-2			
7.466666667E0	-5.919222638E-2	2.283282453E-2	1.243063192E0	-7.101145243E-1	1.020266368E0
7.500000000E0	1.177797278E-2	-2.010605428E-2	1.393419160E0	-7.414541197E-1	1.179772327E0
7.533333333E0	1.945926209E-2	-2.659745012E-2	3.349538278E-1	-1.845801704E-1	2.795071152E-1
7.566666667E0	3.041178046E-2	-3.241139897E-2	2.710451943E-1	-1.626273344E-1	2.168359922E-1
7.600000000E0	3.391499490E-2	-3.743927241E-2	1.384673126E-1	-1.325306993E-1	4.010997869E-2
7.633333333E0	3.308577904E-2	-4.124677892E-2			
7.666666667E0		-5.079525434E-2		-8.369178603E-2	
7.700000000E0	3.216968684E-2	-4.682623133E-2			
7.733333333E0	2.760073905E-2	-4.113050780E-2	3.986498366E-1	2.790783892E-1	-2.846698876E-1
7.766666667E0	1.319169434E-2	-2.822100538E-2	4.411937256E-1	3.271946441E-1	-2.959654852E-1
7.800000000E0	7.869706702E-3	-1.931753153E-2	2.326135816E-1	2.325744535E-1	4.266369356E-3
7.833333333E0	1.347611896E-2	-1.271604181E-2	2.245563033E-1	4.620779009E-2	2.197507076E-1
7.866666667E0	2.251975388E-2	-1.623701219E-2	1.390484086E-1	-2.592357186E-2	1.366104987E-1
7.900000000E0	2.258348554E-2	-1.444427993E-2	1.717601121E-1	-1.292370333E-1	1.131341033E-1
7.933333333E0	3.006202743E-2	-2.485281441E-2	2.431199837E-1	-2.390142388E-1	4.449179854E-2
7.966666667E0	2.554960545E-2	-3.037856252E-2	1.891978496E-1	-1.875225791E-1	-2.512187527E-2
8.000000000E0	2.838723575E-2	-3.735431969E-2	3.202466921E-1	-3.034259730E-1	1.024237410E-1
8.033333333E0	3.237785485E-2	-5.060696072E-2	1.418359105E-1	-1.246365689E-1	6.769897489E-2
8.066666667E0	3.290050074E-2	-4.566342428E-2	1.336253052E-1	1.290991403E-1	-3.448382481E-2
8.100000000E0	3.007893319E-2	-4.200035136E-2	2.685335551E-1	1.086296674E-1	-2.455806702E-1
8.133333333E0	1.652845606E-2	-3.842144645E-2	2.788701033E-1	2.035696889E-1	-1.905988360E-1
8.166666667E0	1.737234413E-2	-2.842903877E-2	1.227077230E-1	1.166837081E-1	-3.797495953E-2
8.200000000E0	1.399679209E-2	-3.064253258E-2	1.545366291E-1	8.394872341E-2	-1.297466053E-1
8.233333333E0	8.722570444E-3	-2.283245721E-2	2.061928947E-1	1.806838827E-1	-9.934205735E-2
8.266666667E0	7.373988264E-3	-1.859694040E-2	2.302490378E-1	-2.487266531E-2	2.289016600E-1
8.300000000E0	2.398268111E-2	-2.449063490E-2	4.236739893E-1	-2.151587569E-1	3.649744628E-1
8.333333333E0	3.170561912E-2	-3.294085753E-2	1.761319408E-1	-1.447899056E-1	1.002912948E-1
8.366666667E0	3.066876743E-2	-3.414329527E-2	6.754794817E-2	-4.992786035E-2	-4.549652804E-2
8.400000000E0	2.867251725E-2	-3.626938155E-2	1.165302264E-1	-1.138650778E-1	-2.477978441E-2
8.433333333E0	2.901678180E-2	-4.173430046E-2	9.936050343E-2	-5.117719786E-2	8.516691882E-2
8.466666667E0	3.435031184E-2	-3.968119474E-2	2.317855562E-1	7.720156966E-2	-2.185508218E-1
8.500000000E0	1.444672702E-2	-3.658752915E-2	2.431792674E-1	2.427436067E-2	-2.419646906E-1
8.533333333E0	1.821933247E-2	-3.806290403E-2	3.300193598E-2	3.300190765E-2	-4.323883380E-5
8.566666667E0	1.444384443E-2	-3.438740197E-2	9.122316390E-2	8.631349071E-2	-2.952366770E-2
8.600000000E0	1.625108795E-2	-3.230867132E-2	2.189943460E-1	3.118095980E-2	2.167631688E-1
8.633333333E0	2.889472234E-2	-3.230867132E-2	2.161247635E-1	1.916698488E-1	9.986281814E-2
8.666666667E0	2.290860916E-2	-1.953068140E-2	1.312149494E-1	1.312099552E-1	1.144814770E-3
8.700000000E0	2.897104333E-2	-2.356134097E-2	1.763485507E-1	-1.366398760E-1	1.114825350E-1
8.733333333E0	3.034077816E-2	-2.864000646E-2	3.919455771E-1	-3.657376143E-1	1.409160493E-1
8.766666667E0	3.836544662E-2	-4.794384859E-2	2.704689569E-1	-2.687849000E-1	3.013526403E-2
8.800000000E0	3.234979577E-2	-4.655899980E-2	3.305783381E-1	2.906229057E-1	-1.575448009E-1
8.833333333E0	2.786245989E-2	-2.856898820E-2	2.902126429E-1	2.812081304E-1	-7.173120331E-2
8.866666667E0	2.756771554E-2	-2.781179111E-2	1.530599123E-2	1.427042917E-2	-5.534276715E-3
8.900000000E0	2.749350811E-2	-2.761762626E-2	3.802756089E-2	-3.637494488E-3	3.785319037E-2
8.933333333E0	3.009126157E-2	-2.805429074E-2	3.944334040E-2	-6.415286456E-3	3.891813461E-2
8.966666667E0	3.008805042E-2	-2.804531202E-2	1.789307434E-3	-4.169386345E-4	1.740052663E-3
9.000000000E0	3.020726508E-2	-2.808208665E-2	1.014515039E-1	-1.003217466E-1	1.509817185E-2
9.033333333E0	3.109459521E-2	-3.473342846E-2	1.112743975E-1	-6.178735054E-2	-9.254358357E-2
9.066666667E0	2.403769284E-2	-3.220124335E-2	1.430003185E-1	7.763300180E-2	-1.200924982E-1
9.100000000E0	2.308842866E-2	-2.955789501E-2	1.606621732E-2	-6.288257386E-3	-1.478449046E-2
9.133333333E0	2.305206014E-2	-3.262046051E-2	7.992683680E-2	-7.991812873E-2	-1.179805445E-3
9.166666667E0	2.300977496E-2	-3.488577026E-2	5.137260125E-2	4.071263026E-2	3.133090960E-2
9.200000000E0	2.514078745E-2	-2.990628516E-2			1.190627503E-1
9.233333333E0	3.094729164E-2				-1.740736243E-1
9.266666667E0	1.353587916E-2	-3.241139897E-2			-2.420797595E-1
9.300000000E0	1.480864101E-2	-3.519105249E-2	1.635848694E-2	1.424803809E-2	8.037008499E-3
9.333333333E0	1.407167973E-2	-3.146152976E-2	7.598593123E-2	7.336514099E-2	1.978428245E-2
9.366666667E0	1.612759318E-2	-3.030004309E-2	1.432718131E-2	-6.058316177E-3	-1.298325573E-2
9.400000000E0	1.320612935E-2	-3.186541751E-2	5.860072775E-2	-5.829361508E-2	5.991638668E-3
9.433333333E0	1.652703575E-2	-3.418628409E-2	2.247704468E-1	-1.691474133E-1	1.480233303E-1
9.466666667E0	2.307435137E-2	-4.314191173E-2	3.951317929E-1	-1.633267247E-1	3.597964908E-1
9.500000000E0	4.051346847E-2	-4.507473240E-2	2.359035690E-1	-6.883979665E-2	2.256359375E-1
9.533333333E0	3.811674720E-2	-4.773123151E-2	2.890445481E-2	1.596412109E-2	2.409594044E-2
9.566666667E0	4.211986450E-2	-4.401045766E-2	6.077448988E-2	-6.654219375E-3	-6.040910514E-2
9.600000000E0	3.408947352E-2	-4.817484613E-2	1.698385985E-1	8.034802102E-2	-1.496306956E-1
9.633333333E0	3.214448480E-2	-3.865392293E-2	2.953103750E-1	2.855981983E-1	-7.511249374E-2
9.666666667E0	2.908197394E-2	-2.913496624E-2	2.425655846E-1	2.037521234E-1	-1.316173812E-1
9.700000000E0	2.336999271E-2	-2.507044804E-2	1.774462611E-1	1.181984434E-1	-1.323491728E-1
9.733333333E0	2.025869575E-2	-2.125507002E-2	2.057450796E-2	-8.207984020E-3	-1.886635567E-2
9.766666667E0	2.211223567E-2	-2.561764697E-2	2.109897532E-1	-2.057653964E-1	4.666130740E-2
9.800000000E0	2.336944958E-2	-3.497276311E-2	2.013744324E-1	-1.908065675E-1	6.437791409E-2
9.833333333E0	2.640409661E-2	-3.833808481E-2	1.613595992E-1	-1.608071205E-1	-1.334129893E-2
9.866666667E0	2.248002965E-2	-4.569323781E-2	6.556363717E-2	-3.714759288E-2	5.402450242E-2
9.900000000E0	3.000573010E-2	-4.081459100E-2	1.598104122E-1	1.165262110E-1	1.093664025E-1
9.933333333E0	2.977112315E-2	-3.792482374E-2	1.062205981E-1	1.056496395E-1	-1.099859720E-2
9.966666667E0	2.927249029E-2	-3.377128170E-2	9.618830419E-2	-2.547361481E-2	-9.275389378E-2
1.000000000E1	2.358753023E-2	-3.962306473E-2	1.596771086E-1	-4.246088405E-3	-1.596206432E-1
1.003333333E1	1.863111407E-2	-3.405435426E-2	1.757398808E-1	1.391090973E-1	-1.073925731E-1
1.006666667E1	1.642802536E-2	-3.034912491E-2	1.005300032E-1	8.807402851E-2	-4.846903186E-2
1.010000000E1	1.539984528E-2	-2.818275236E-2	1.932063872E-2	1.351744587E-2	1.380455496E-2
1.013333333E1	1.734832902E-2	-2.944796185E-2	2.486886925E-2	-2.370107019E-2	-7.531263492E-3
1.016666667E1	1.489776105E-2	-2.976282370E-2	2.160541414E-1	-1.628314047E-1	1.420046677E-1
1.020000000E1	2.681530687E-2	-4.030338883E-2			1.613241248E-1
1.023333333E1	2.565270270E-2				3.137726517E-2
1.026666667E1	2.890712455E-2	-2.344030186E-2			4.880108760E-2
1.030000000E1	2.890610854E-2	-2.347265341E-2	9.984525054E-4	-7.793019760E-4	-6.241761257E-4
1.033333333E1	2.886551281E-2	-2.349225533E-2	8.133066145E-4	-1.671460647E-4	-7.959458790E-4
1.036666667E1	2.885304548E-2	-2.348379648E-2	5.536085457E-1	4.923002904E-1	2.532248921E-1
1.040000000E1	4.574717228E-2	9.327764032E-3	5.532189376E-1	4.918049808E-1	2.533358519E-1
1.043333333E1	4.574210227E-2	9.303202233E-3	8.462338079E-4	-8.259470571E-4	-1.841822915E-4
1.046666667E1	4.573489346E-2	9.272700895E-3	1.972994902E-4	-8.824310910E-5	1.764659812E-4
1.050000000E1	4.575386667E-2	9.297319359E-3	7.237382904E-4	6.207798556E-4	3.720611292E-4
1.053333333E1	4.575969754E-2	9.314086219E-3	1.431102098E-2	5.140998523E-4	1.430178390E-2
1.056666667E1	4.670731893E-2	9.331592683E-3	1.385168333E-2	1.204005542E-4	1.385116006E-2
1.060000000E1	4.668310821E-2	9.322112922E-3	1.944414196E-3	-3.880951785E-4	-1.905289662E-3
1.063333333E1	4.658029962E-2	9.305719671E-3	2.160890913E-3	-3.995093172E-4	-2.123638821E-3
1.066666667E1	4.654153228E-2	9.295478968E-3	4.243212461E-4	-9.952373494E-5	-4.124846011E-4
1.070000000E1	4.655280065E-2	9.299084755E-3	1.100970786E-3	2.513205077E-4	1.071902362E-3
1.073333333E1	4.661299244E-2	9.312233668E-3	1.665559674E-3	9.216108841E-5	1.663007926E-3
1.076666667E1	4.666366784E-2	9.305228828E-3	3.460782473E-4	7.031729032E-5	-3.388593099E-4
1.080000000E1	4.659040182E-2	9.316921488E-3	1.726619615E-2	4.213457340E-4	-1.726105435E-2
1.083333333E1	4.551293089E-2	9.333318544E-3	1.542286251E-2	-2.540071844E-4	-1.542077068E-2
1.086666667E1	4.556235044E-2	9.299987675E-3	1.594182634E-2	-6.916157583E-4	1.592681684E-2
1.090000000E1	4.657471868E-2	9.287210826E-3	1.609709980E-2	2.702925828E-4	1.609483034E-2
1.093333333E1	4.663533913E-2	9.318007181E-3	1.639451897E-3	6.027762136E-4	1.524619087E-3
1.096666667E1	4.667635995E-2	9.327395907E-3	3.453527828E-4	-4.315708318E-5	3.426456052E-4
1.100000000E1	4.665818217E-2	9.315130042E-3	7.353231964E-4	-4.420221631E-4	-5.876364611E-4
1.103333333E1	4.663718419E-2	9.297927763E-3	3.140921397E-2	1.246098232E-2	-2.883162572E-2
1.106666667E1	4.473607379E-2	1.014586220E-2	1.042736595E-1	3.775641082E-2	-9.719799124E-2
1.110000000E1	4.015731810E-2	1.181502182E-2	1.684655607E-1	-2.474747782E-2	-1.666379533E-1
1.113333333E1	3.362687690E-2	8.496030342E-3	1.322777444E-1	3.296223163E-2	-1.281050075E-1
1.116666667E1	3.161698427E-2	1.401250393E-2	8.749604385E-2	3.568256811E-2	-7.988937365E-2
1.120000000E1	2.830091866E-2	1.087486822E-2	3.658789381E-2	3.607998283E-2	-6.075262336E-3
1.123333333E1	3.121196678E-2	1.641783611E-2	9.634079778E-2	9.397422764E-2	2.122248471E-2
1.126666667E1	2.971575097E-2	1.713981673E-2	7.795587654E-2	-7.682559044E-2	1.322676609E-2
1.130000000E1	3.209375119E-2	1.129613009E-2	2.973420422E-1	-2.566522557E-1	1.501396340E-1
1.133333333E1	3.972505991E-2	2.966634725E-5	7.944071010E-1	-7.927296339E-1	-5.159815669E-2
1.136666667E1	2.865387407E-2	-4.155251217E-2	6.625320013E-1	-6.418138975E-1	-1.643884839E-1
1.140000000E1	2.876582765E-2	-4.275792682E-2	1.230835012E-2	1.191408762E-2	-3.090307243E-3
1.143333333E1	2.844785359E-2	-4.075823966E-2	8.876734203E-2	8.203857881E-2	3.390151321E-2
1.146666667E1	3.102592853E-2	-3.728868823E-2	7.604752174E-2	6.783474900E-2	-3.437546203E-2
1.150000000E1	2.615615612E-2	-3.623592306E-2	8.503666471E-2	4.016795835E-2	-7.495178094E-2
1.153333333E1	2.602914313E-2	-3.461082434E-2	7.963409785E-2	6.057849931E-2	-5.168979552E-2
1.156666667E1	2.271016975E-2	-3.219735644E-2	7.531976619E-2	2.936986179E-2	-6.935761240E-2
1.160000000E1	2.140530230E-2	-3.265283356E-2	6.369057092E-2	-6.362608222E-2	-2.865394346E-3
1.163333333E1	2.251914346E-2	-3.643909526E-2	6.108257864E-2	-4.650353371E-2	-3.960432762E-2
1.166666667E1	1.876501380E-2	-3.575306914E-2	1.478017899E-2	-1.461272206E-2	2.218568208E-3
1.170000000E1	2.266704801E-2	-3.741327673E-2	2.231986656E-1	-1.679697441E-1	1.469823439E-1
1.173333333E1	2.856383672E-2	-4.695105208E-2	2.199309336E-1	-1.555427239E-1	1.554865802E-1
1.176666667E1	3.303282002E-2	-4.778279165E-2	7.138383023E-2	1.487590443E-2	6.981660752E-2
1.180000000E1	3.321827723E-2	-4.595932511E-2	1.507433148E-1	1.326420185E-1	-7.162151822E-2
1.183333333E1	2.825805214E-2	-3.893999042E-2	2.405353050E-1	2.046293511E-1	-1.264280887E-1
1.186666667E1	2.478973798E-2	-3.231736837E-2	1.223434799E-1	8.134961713E-2	-9.137924748E-2
1.190000000E1	2.216610231E-2	-3.351668261E-2	1.450022787E-1	9.913629281E-2	-1.058189788E-1
1.193333333E1	1.773513939E-2	-2.570828219E-2	2.301487856E-1	1.023439193E-1	-2.061411790E-1
1.196666667E1	8.423357043E-3	-2.669375465E-2	7.823853186E-2	-2.671468359E-2	-7.353634168E-2
1.200000000E1	1.283271661E-2	-2.748926109E-2	1.721049697E-1	-5.791591139E-2	1.620674791E-1
1.203333333E1	1.922785565E-2	-3.055481541E-2	1.233718510E-1	-5.915049244E-2	1.082674137E-1
1.206666667E1	2.005054419E-2	-3.143262726E-2	8.658197779E-2	-8.365129417E-2	2.233606640E-2
1.210000000E1	2.071692675E-2	-3.613156836E-2	1.354755644E-1	-2.042477541E-2	1.339270589E-1
1.213333333E1	2.897901478E-2	-3.279427895E-2	1.452004759E-1	7.416523643E-2	1.248306689E-1
1.216666667E1	2.903897134E-2	-3.118721926E-2	8.396500300E-2	3.905411652E-2	-7.432965567E-2
1.220000000E1	2.402370440E-2	-3.019067118E-2	1.592836861E-1	-6.425142565E-2	-1.457499466E-1
1.223333333E1	1.932230823E-2	-3.547064764E-2	8.202757299E-2	-6.989889577E-2	-4.292629848E-2
1.226666667E1	2.116195117E-2	-3.485059757E-2	1.013465059E-1	9.363545995E-2	-3.877518400E-2
1.230000000E1	1.673729597E-2	-2.922828364E-2	2.507537155E-1	2.183562179E-1	-1.232801198E-1
1.233333333E1	1.294327652E-2	-2.029351638E-2	8.738776306E-2	-8.466276401E-2	-2.165265625E-2
1.236666667E1	1.529378555E-2	-3.487246791E-2	2.829609331E-1	-2.829558006E-1	-1.704277099E-3
1.240000000E1	1.282965804E-2	-3.915723641E-2	1.341766436E-1	-9.342641061E-2	9.630616544E-2
1.243333333E1	2.171419658E-2	-4.110089528E-2	2.187169470E-1	-4.880472970E-2	2.132022543E-1
1.246666667E1	2.704314166E-2	-4.241088506E-2	1.472421911E-1	-8.022706098E-2	1.234661148E-1
1.250000000E1	2.994527090E-2	-4.644936602E-2	5.449511944E-2	-2.733609295E-2	4.714293229E-2
1.253333333E1	3.018600382E-2	-4.423329126E-2	1.382514092E-1	1.232817472E-1	6.257046383E-2
1.256666667E1	3.411663516E-2	-3.823058287E-2	1.438293826E-1	1.343886121E-1	-5.125028991E-2
1.260000000E1	2.676931782E-2	-3.527405045E-2	2.159936654E-1	4.392541540E-2	-2.114800732E-1
1.263333333E1	2.001796361E-2	-3.530222184E-2	1.183626855E-1	4.572290631E-2	-1.091748193E-1
1.266666667E1	1.949099654E-2	-3.222585669E-2	7.473594311E-2	7.069504060E-2	-2.424195593E-2
1.270000000E1	1.840183321E-2	-3.058921913E-2			4.513245170E-2
1.273333333E1	2.249982665E-2				1.033292159E-1
1.276666667E1	2.529044761E-2	-2.176931158E-2			4.890887761E-2
1.280000000E1	2.576041849E-2	-2.270024532E-2	1.507217939E-2	-1.456843130E-2	3.864117089E-3
1.283333333E1	2.554805541E-2	-2.274054034E-2	3.443473156E-3	-6.036741797E-4	-3.390145257E-3
1.286666667E1	2.553440881E-2	-2.274049026E-2	1.502226048E-4	2.657700128E-5	-1.478529472E-4
1.290000000E1	2.553819855E-2	-2.273876854E-2	3.150198489E-2	9.982044781E-3	2.987865181E-2
1.293333333E1	2.752631893E-2	-2.207502061E-2	4.365209909E-2	1.111668958E-2	4.221285311E-2
1.296666667E1	2.835238876E-2	-2.199765590E-2	1.960423220E-2	-3.815434076E-3	1.922936252E-2
1.300000000E1	2.880827643E-2	-2.232938288E-2	1.443904748E-2	-2.827304177E-3	-1.415953541E-2
1.303333333E1	2.740841973E-2	-2.218614284E-2	2.343001524E-2	5.126288710E-3	-2.286234411E-2
1.306666667E1	2.728412016E-2	-2.198763030E-2	4.409215133E-3	3.169156310E-3	-3.065554822E-3
1.310000000E1	2.720404941E-2	-2.197486576E-2	3.137657383E-2	3.403165193E-4	3.137472821E-2
1.313333333E1	2.937576870E-2	-2.196494253E-2	2.915208163E-2	-5.701267263E-4	2.914650611E-2
1.316666667E1	2.914714982E-2	-2.201287420E-2	3.601847738E-2	-2.693115305E-4	-3.601747054E-2
1.320000000E1	2.697460400E-2	-2.198289663E-2	3.088217973E-2	2.814339666E-3	-3.075367486E-2
1.323333333E1	2.709690483E-2	-2.182525156E-2	3.834184928E-3	3.261258010E-3	2.016226738E-3
1.326666667E1	2.710901912E-2	-2.176547943E-2	2.777213148E-2	1.835786664E-2	-2.083938625E-2
1.330000000E1	2.570761241E-2	-2.060139378E-2	2.925290335E-2	1.427845331E-2	2.553151240E-2
1.333333333E1	2.881111994E-2	-2.081358255E-2	4.489815591E-2	-2.486438400E-3	4.482925416E-2
1.336666667E1	2.869622935E-2	-2.076715634E-2	5.515111396E-3	-1.551246985E-4	-5.512929352E-3
1.340000000E1	2.844359132E-2	-2.082392419E-2	1.891643489E-2	-9.857799625E-4	-1.889073177E-2
1.343333333E1	2.743684723E-2	-2.083287501E-2	1.540166108E-2	-2.995261965E-5	-1.540163196E-2
1.346666667E1	2.741681586E-2	-2.082592103E-2	1.540498917E-3	1.528896376E-3	1.887134949E-4
1.350000000E1	2.744942813E-2	-2.073094858E-2	3.873647680E-3	-2.377037465E-4	-3.866347537E-3
1.353333333E1	2.715905935E-2	-2.084176795E-2	3.863012087E-3	-1.949288779E-3	-3.335136525E-3
1.356666667E1	2.722708570E-2	-2.086090117E-2	2.069489642E-3	-2.023150234E-3	4.354888140E-4
1.360000000E1	2.718809194E-2	-2.097664463E-2	2.439891852E-3	-2.439723627E-3	-2.865093837E-5
1.363333333E1	2.722517564E-2	-2.102354941E-2	8.715698846E-2	-1.410105409E-2	-8.600872578E-2
1.366666667E1	2.145417689E-2	-2.191671491E-2	2.758875712E-2	8.033066067E-3	2.639335842E-2
1.370000000E1	2.898473286E-2	-2.048801167E-2	1.144533003E-1	2.259143291E-2	1.122015379E-1
1.373333333E1	2.893427942E-2	-2.041061938E-2	1.173923593E-3	3.932539211E-4	-1.106095816E-3
1.376666667E1	2.891099314E-2	-2.046179474E-2	9.216706975E-4	-8.628594013E-4	-3.239606894E-4
1.380000000E1	2.891268204E-2	-2.046814334E-2	2.913707691E-4	-8.879197347E-5	2.775120007E-4
1.383333333E1	2.892949394E-2	-2.046771421E-2	5.250942648E-3	-6.333138371E-5	5.250560716E-3
1.386666667E1	2.926271942E-2	-2.047236543E-2	6.277947585E-3	-2.331686827E-3	5.828881747E-3
1.390000000E1	2.931808606E-2	-2.062316000E-2	2.903401934E-3	-2.893837314E-3	2.354748250E-4
1.393333333E1	2.927841774E-2	-2.066528792E-2	3.442924140E-3	-2.761755107E-4	-3.431829501E-3
1.396666667E1	2.908929743E-2	-2.064157170E-2	3.022029588E-2	-1.443982140E-2	2.654727558E-2
1.400000000E1	3.104823611E-2	-2.162794268E-2	3.259090692E-2	-1.432784789E-2	2.927251251E-2
1.403333333E1	3.104079826E-2	-2.159676156E-2	8.458490473E-4	7.404569428E-4	4.088815557E-4
1.406666667E1	3.107549489E-2	-2.157857888E-2	2.051785848E-3	-1.379453357E-3	-1.518859309E-3
1.410000000E1	3.093954097E-2	-2.168872511E-2	9.761996473E-4	-4.915972971E-4	-8.433847573E-4
1.413333333E1	3.101926923E-2	-2.161135203E-2	2.310185847E-3	1.716515473E-3	1.546134949E-3
1.416666667E1	3.104261664E-2	-2.157429075E-2	3.470573979E-4	3.435215280E-4	4.941454461E-5
1.420000000E1	3.102256354E-2	-2.158845060E-2	6.358754189E-4	2.050805438E-4	6.018966015E-4
1.423333333E1	3.108274308E-2	-2.156061871E-2	4.097494910E-4	-4.090794981E-4	-2.342241730E-5
1.426666667E1	3.102100204E-2	-2.161572257E-2	1.947967515E-3	1.249361310E-3	-1.494548011E-3
1.430000000E1	3.098310654E-2	-2.147732796E-2	2.829699192E-2	-1.458097142E-2	2.425108294E-2
1.433333333E1	3.263774091E-2	-2.258778733E-2	2.899619167E-2	1.644022527E-2	-2.388510256E-2
1.436666667E1	2.939076637E-2	-2.038131294E-2	3.385083372E-2	2.544283465E-2	-2.232803415E-2
1.440000000E1	3.114920530E-2	-2.089159835E-2	2.901436888E-2	-1.048805002E-2	2.705243812E-2
1.443333333E1	3.119426225E-2	-2.108051628E-2	2.342865568E-3	-2.118721551E-3	1.000019030E-3
1.446666667E1	3.121587323E-2	-2.103284645E-2	5.006915902E-4	2.059742210E-4	4.563624532E-4
1.450000000E1	3.122468641E-2	-2.106678466E-2	2.170174196E-4	1.701513010E-4	1.347037312E-4
1.453333333E1	3.122485348E-2	-2.102150303E-2	4.262403115E-4	4.210686963E-4	-6.619634582E-5
1.456666667E1	3.122027332E-2	-2.103871341E-2	2.723935697E-4	-2.583981201E-4	-8.618972293E-5
1.460000000E1	3.121910750E-2	-2.103872958E-2	6.401882811E-5	1.637807383E-5	-6.188835957E-5
1.463333333E1	3.121614743E-2	-2.103762154E-2	3.370420828E-4	3.027066358E-4	1.482095079E-4
1.466666667E1	3.122898813E-2	-2.101854913E-2	2.414771701E-2	8.856762176E-3	-2.246486146E-2
1.470000000E1	2.971849000E-2	-2.044717073E-2	6.755299180E-2	-3.972600491E-2	5.463745268E-2
1.473333333E1	3.487148498E-2	-2.366694946E-2	9.029831276E-2	-4.843864985E-2	7.620684017E-2
1.476666667E1	3.479894601E-2	-2.367641405E-2	4.865108103E-3	-1.155624855E-3	-4.725865852E-3
1.480000000E1	3.455642725E-2	-2.374399112E-2	2.125708467E-3	4.012510292E-4	-2.087494694E-3
1.483333333E1	3.465977970E-2	-2.364966399E-2	1.322443279E-3	8.546383626E-4	1.009182587E-3
1.486666667E1	3.462370609E-2	-2.368701523E-2			-8.089066700E-4
1.490000000E1	3.460585259E-2				-8.995999519E-2
1.493333333E1	2.862637308E-2	-1.968505734E-2			-9.060127421E-2
1.496666667E1	2.856576764E-2	-1.970898477E-2	1.018088239E-3	-3.524593625E-4	-9.551314363E-4
1.500000000E1	2.856269765E-2	-1.970855463E-2	3.395376873E-5	7.262781245E-6	3.316791250E-5
1.503333333E1	2.856797883E-2	-1.970850058E-2	1.588793562E-5	-4.589631671E-6	1.521058116E-5
1.506666667E1	2.856371169E-2	-1.970886060E-2	1.762046405E-4	1.453802708E-4	9.956230298E-5
1.510000000E1	2.857461632E-2	-1.969880856E-2	1.342748289E-5	1.332208960E-5	-1.679054902E-6
1.513333333E1	2.856359975E-2	-1.970797246E-2	1.616261506E-4	-1.201945846E-4	-1.080568109E-4
1.516666667E1	2.856741253E-2	-1.970682154E-2	8.764454043E-6	-1.017792821E-6	8.705156658E-6
1.520000000E1	2.856418010E-2	-1.970804032E-2	5.276706862E-4	-2.063193658E-4	-4.856631265E-4
1.523333333E1	2.853503499E-2	-1.972057616E-2	4.267328668E-4	1.860491547E-4	3.840399089E-4
1.526666667E1	2.858978276E-2	-1.969563704E-2	9.590106571E-4	4.452821911E-4	8.493675357E-4
1.530000000E1	2.859165949E-2	-1.969089068E-2	5.292548657E-4	4.305710293E-4	3.077650104E-4
1.533333333E1	2.861030043E-2	-1.966693230E-2	2.151597456E-3	-1.504939118E-3	-1.537702788E-3
1.536666667E1	2.848914597E-2	-1.979121995E-2	1.065458285E-3	-6.716295944E-4	-8.271124744E-4
1.540000000E1	2.855515959E-2	-1.971170761E-2	3.438188531E-3	-2.103694022E-3	2.719487422E-3
1.543333333E1	2.867044514E-2	-1.993146622E-2	4.007893306E-2	-9.049277981E-3	3.904396807E-2
1.546666667E1	3.115809080E-2	-2.031499281E-2	3.731560227E-2	-6.892813013E-3	3.667346863E-2
1.550000000E1	3.111534304E-2	-2.039098709E-2	3.168828787E-3	-2.372173852E-3	-2.101015730E-3
1.553333333E1	3.101802308E-2	-2.047313773E-2	2.040261618E-3	-1.149864619E-3	-1.685372015E-3
1.556666667E1	3.100298491E-2	-2.046764473E-2	4.407389842E-4	-4.384943320E-4	4.442491416E-5
1.560000000E1	3.102098474E-2	-2.050237069E-2	6.133560609E-4	5.604668572E-4	2.491637202E-4
1.563333333E1	3.101959582E-2	-2.043028027E-2	6.048335505E-4	6.035030196E-4	4.009649814E-5
1.566666667E1	3.102365784E-2	-2.046213715E-2	5.257679942E-4	-4.941779376E-4	-1.794997208E-4
1.570000000E1	3.100762918E-2	-2.046322547E-2	3.835232903E-4	2.836698630E-4	2.581114547E-4
1.573333333E1	3.104086527E-2	-2.044322583E-2	2.541949340E-2	8.340847903E-3	-2.401209906E-2
1.576666667E1	2.940682257E-2	-1.990716894E-2	4.704216951E-2	-2.597587128E-2	3.922014563E-2
1.580000000E1	3.365554165E-2	-2.217495058E-2	7.048268078E-2	-3.283752392E-2	6.236589864E-2
1.583333333E1	3.356454915E-2	-2.209633720E-2	3.416684007E-3	-3.101338193E-4	-3.402579407E-3
1.586666667E1	3.342870302E-2	-2.219562617E-2	2.253447594E-3	-1.428303159E-3	-1.742979101E-3
1.590000000E1	3.344835054E-2	-2.219155742E-2	1.410928525E-3	1.016878553E-3	9.780988258E-4
1.593333333E1	3.349390961E-2	-2.212783427E-2	2.879926240E-4	1.433479594E-4	2.497821330E-4
1.596666667E1	3.346500268E-2	-2.218200088E-2	7.907891624E-4	-6.403170241E-4	-4.640491439E-4
1.600000000E1	3.346297300E-2	-2.217052207E-2	4.884404510E-2	2.868553484E-2	-3.953328765E-2
1.603333333E1	3.082945017E-2	-2.026963189E-2	3.676553413E-2	2.279975246E-2	-2.884225698E-2
1.606666667E1	3.154015587E-2	-2.065053857E-2	1.320223072E-2	-5.483376590E-3	1.200964101E-2
1.610000000E1	3.163009291E-2	-2.063519033E-2	6.524168189E-2	2.707496230E-2	-5.935843220E-2
1.613333333E1	2.758292706E-2	-1.884554108E-2	6.624840435E-2	2.717418876E-2	-6.041866056E-2
1.616666667E1	2.760218220E-2	-1.882357775E-2	1.183228974E-3	1.134438799E-3	3.362728287E-4
1.620000000E1	2.760534524E-2	-1.876991183E-2	1.103410158E-3	7.072007045E-4	8.469835535E-4
1.623333333E1	2.765864777E-2	-1.877643104E-2	3.475447635E-4	9.538776170E-5	3.341983506E-4
1.626666667E1	2.762762513E-2	-1.876355265E-2	2.705065685E-4	2.468780952E-4	-1.105667658E-4
1.630000000E1	2.765127666E-2	-1.875997250E-2	2.656957182E-2	-4.762149637E-4	-2.656530380E-2
1.633333333E1	2.585660488E-2	-1.879530031E-2	2.286433040E-2	3.606433334E-3	-2.257811425E-2
1.636666667E1	2.614606904E-2	-1.851954361E-2	6.936169844E-2	-1.871098369E-2	-6.679030094E-2
1.640000000E1	2.140391815E-2	-2.004269922E-2	7.591932707E-2	-2.303234138E-2	-7.234124324E-2
1.643333333E1	2.132331949E-2	-2.005503303E-2	1.087367638E-3	4.051023619E-4	-1.009088924E-3
1.646666667E1	2.133664556E-2	-2.001569240E-2	4.664963072E-4	-7.861528369E-5	4.598243597E-4
1.650000000E1	2.135397445E-2	-2.006027405E-2	9.286569627E-2	1.389639257E-2	9.182008396E-2
1.653333333E1	2.745798449E-2	-1.908926623E-2	1.929574127E-2	1.682369576E-2	9.449279991E-3
1.656666667E1	2.198392645E-2	-1.893869433E-2	8.279284341E-2	1.433712509E-3	-8.278042877E-2
1.660000000E1	2.193928924E-2	-1.899368539E-2	6.053115254E-4	-4.536020461E-4	4.008082167E-4
1.663333333E1	2.201064700E-2	-1.896893447E-2	4.745871018E-3	-4.718299486E-3	-5.108245046E-4
1.666666667E1	2.190523427E-2	-1.930823869E-2	8.116786346E-2	-5.521914377E-2	-5.949006824E-2
1.670000000E1	1.804464245E-2	-2.265021072E-2	1.647641556E-2	-8.727881731E-3	-1.397484705E-2
1.673333333E1	2.097357780E-2	-1.989009748E-2	6.093741665E-2	4.206406193E-2	4.409062760E-2
1.676666667E1	2.098401762E-2	-1.984593993E-2	1.919618973E-4	-1.200706368E-4	1.497745379E-4
1.680000000E1	2.098356277E-2	-1.989810218E-2	7.410371150E-2	1.819928721E-2	7.183415625E-2
1.683333333E1	2.577296137E-2	-1.863265411E-2	1.205829907E-1	2.048570800E-2	1.188301032E-1
1.686666667E1	2.890556965E-2	-1.853238832E-2	1.908748524E-2	8.361460274E-3	-1.715861518E-2
1.690000000E1	2.462905369E-2	-1.807522343E-2	8.308699323E-2	-5.884816741E-3	-8.287832875E-2
1.693333333E1	2.338034773E-2	-1.892470943E-2	1.264351480E-2	-1.041335418E-2	-7.170810359E-3
1.696666667E1	2.415099967E-2	-1.876944704E-2	1.891451976E-1	-1.864791856E-1	-3.164520713E-2
1.700000000E1	2.127066726E-2	-3.135665514E-2	1.951177925E-1	-1.940818406E-1	2.007964370E-2
1.703333333E1	2.548964258E-2	-3.170823642E-2	1.752286136E-1	5.452061365E-3	1.751437753E-1
1.706666667E1	3.294691895E-2	-3.099318438E-2	1.681144348E-1	-4.973134552E-2	1.605903373E-1
1.710000000E1	3.619566507E-2	-3.502365945E-2	1.129450936E-1	-8.489149446E-2	7.449851238E-2
1.713333333E1	3.791348644E-2	-3.665261735E-2			
1.716666667E1		-4.230380730E-2		2.142852239E-2	
1.720000000E1	1.986434215E-2	-3.522404919E-2			
1.723333333E1	1.833224447E-2	-3.648662943E-2	7.688704400E-2	4.201509327E-2	-6.439215381E-2
1.726666667E1	1.557153189E-2	-3.242304297E-2	8.700925498E-2	6.044542583E-2	-6.258562893E-2
1.730000000E1	1.415986921E-2	-3.245693438E-2	6.335556277E-2	-4.368169979E-2	4.588939352E-2
1.733333333E1	1.863082480E-2	-3.533515629E-2	9.871281101E-2	-6.595781398E-2	7.344239806E-2
1.736666667E1	1.905602908E-2	-3.685412198E-2	1.101619653E-1	-7.553438405E-2	8.018862397E-2
1.740000000E1	2.397673306E-2	-4.037078189E-2	9.093828739E-2	-4.841030698E-3	9.080934167E-2
1.743333333E1	2.510998519E-2	-3.717685736E-2	7.267587803E-2	6.184952373E-2	3.816306673E-2
1.746666667E1	2.652093751E-2	-3.624748031E-2	2.654303188E-2	2.112053850E-3	2.645886940E-2
1.750000000E1	2.687390982E-2	-3.703605377E-2	3.514656230E-2	-3.512526288E-2	-1.223416955E-3
1.753333333E1	2.643937638E-2	-3.858916450E-2	2.146144901E-2	1.244027852E-2	-1.748808920E-2
1.756666667E1	2.570803720E-2	-3.620670186E-2	6.046286449E-2	7.478290379E-3	-5.999860961E-2
1.760000000E1	2.243946907E-2	-3.809061181E-2	9.662374544E-2	-2.608405303E-2	-9.303639267E-2
1.763333333E1	1.950561103E-2	-3.794563873E-2	5.838267600E-2	-3.354136401E-3	-5.828624731E-2
1.766666667E1	1.855371925E-2	-3.831422090E-2	4.858232894E-2	-2.011698352E-2	4.422159721E-2
1.770000000E1	2.245371751E-2	-3.928677097E-2	1.059613242E-1	-1.662331535E-2	1.046492600E-1
1.773333333E1	2.553033658E-2	-3.942244193E-2	1.577915827E-1	2.714592382E-2	1.554389989E-1
1.776666667E1	3.281631744E-2	-3.747704271E-2			
1.780000000E1		-3.820030134E-2		-7.688412533E-3	
1.783333333E1	4.284181664E-2	-3.798960355E-2			
1.786666667E1	4.132239077E-2	-3.766098806E-2	7.364937588E-2	2.776269011E-2	-6.821630015E-2
1.790000000E1	3.829406329E-2	-3.613875754E-2	1.304676633E-1	1.110461277E-1	-6.848772659E-2
1.793333333E1	3.675654233E-2	-3.025791289E-2	9.016770957E-2	8.705576533E-2	-2.348424092E-2
1.796666667E1	3.672844723E-2	-3.033503985E-2	7.197148974E-4	-6.374985604E-4	-3.340435887E-4
1.800000000E1	3.673427276E-2	-3.030041279E-2	6.949531402E-4	6.806515606E-4	1.402616131E-4
1.803333333E1	3.673779801E-2	-3.028966308E-2	6.554014228E-4	5.971295440E-4	2.701616788E-4
1.806666667E1	3.675228354E-2	-3.026060415E-2	9.328890379E-2	-8.869756463E-2	2.890608239E-2
1.810000000E1	3.866487017E-2	-3.620283406E-2	1.082460181E-1	-7.295574417E-2	7.996661694E-2
1.813333333E1	4.208339134E-2	-3.512432043E-2	1.016901496E-1	5.948449901E-2	8.247715379E-2
1.816666667E1	4.416334709E-2	-3.223720079E-2	5.806807629E-2	-4.464941584E-2	-3.712588246E-2
1.820000000E1	3.960833250E-2	-3.810094815E-2	3.386212245E-1	1.848190392E-2	-3.381164783E-1
1.823333333E1	2.162224853E-2	-3.100507386E-2	9.975713415E-1	2.856374432E-1	-9.558032393E-1
1.826666667E1	-2.411188345E-2	-1.905845194E-2	1.202288893E0	3.150882391E-1	-1.160266342E0
1.830000000E1	-5.572884095E-2	-9.999191255E-3	6.049451662E-1	1.557889599E-1	-5.845412338E-1
1.833333333E1	-6.308129904E-2	-8.672521280E-3	3.087148146E-2	2.834511588E-3	3.074107857E-2
1.836666667E1	-5.367943571E-2	-9.810223816E-3	6.406953108E-1	-4.117077375E-2	6.393711353E-1
1.840000000E1	-2.045655669E-2	-1.141723953E-2	1.274278220E0	-3.706599422E-1	1.219178489E0
1.843333333E1	2.759913024E-2	-3.452088663E-2	7.714822700E-1	-3.360072682E-1	6.944667081E-1
1.846666667E1	2.584122386E-2	-3.381772408E-2	1.405704810E-2	1.047727949E-2	-9.371617561E-3
1.850000000E1	2.697435574E-2	-3.382240133E-2	2.771278892E-2	2.057830293E-2	-1.856157640E-2
1.853333333E1	2.460378543E-2	-3.244583722E-2	6.754802357E-2	-6.524746306E-2	-1.747867421E-2
1.856666667E1	2.580911079E-2	-3.817223220E-2	4.387825332E-2	-3.129343440E-2	3.075747189E-2
1.860000000E1	2.665428356E-2	-3.453206618E-2	3.903218100E-2	2.030739961E-2	-3.333347678E-2
1.863333333E1	2.358687900E-2	-3.681840556E-2	4.962493686E-2	-7.449235818E-3	-4.906264611E-2
1.866666667E1	2.338344048E-2	-3.502868190E-2	7.401762132E-2	-7.325292977E-2	1.061209435E-2
1.870000000E1	2.429435196E-2	-4.170193421E-2	2.350353460E-2	-1.003347947E-2	2.125430376E-2
1.873333333E1	2.480039407E-2	-3.569758053E-2	8.170251225E-2	-3.727533543E-2	-7.270385049E-2
1.876666667E1	1.944742860E-2	-4.418695658E-2	1.391849527E-1	-1.291826663E-1	-5.181013193E-2
1.880000000E1	2.134638527E-2	-4.430975828E-2	2.690827348E-2	-2.823630782E-3	2.675971395E-2
1.883333333E1	2.123140953E-2	-4.437519863E-2	1.055719844E-2	7.538889506E-5	1.055692927E-2
1.886666667E1	2.205018056E-2	-4.430473236E-2	1.269129590E-2	8.924889000E-3	-9.023045375E-3
1.890000000E1	2.062987317E-2	-4.378020603E-2	6.354501124E-2	1.775406891E-2	-6.101443673E-2
1.893333333E1	1.798255144E-2	-4.312112776E-2	8.162544678E-2	1.887129045E-2	-7.941402873E-2
1.896666667E1	1.533560459E-2	-4.252212000E-2	4.375639235E-2	2.734244201E-2	3.416156812E-2
1.900000000E1	2.025998931E-2	-4.129829830E-2	6.897315294E-2	1.429250867E-2	6.747607000E-2
1.903333333E1	1.983400925E-2	-4.156928609E-2	3.075857729E-2	-2.379535616E-2	1.949028226E-2
1.906666667E1	2.155934147E-2	-4.288465537E-2	1.043498948E-1	6.112186404E-2	8.457551818E-2
1.910000000E1	2.547237713E-2	-3.749449515E-2	6.871446052E-2	-2.898204975E-2	6.230343391E-2
1.913333333E1	2.571290373E-2	-4.481679202E-2	8.971295212E-2	8.710428313E-2	-2.147690946E-2
1.916666667E1	2.404058317E-2	-3.168754294E-2	2.117958288E-1	2.079136122E-1	-4.036586397E-2
1.920000000E1	2.302184613E-2	-3.095588455E-2	6.127163927E-3	-5.331197081E-3	-3.020012495E-3
1.923333333E1	2.383924900E-2	-3.204295608E-2	6.182285115E-2	6.240656116E-3	-6.150706574E-2
1.926666667E1	1.892137508E-2	-3.053984081E-2	4.965819334E-2	-9.087712135E-3	-4.881956220E-2
1.930000000E1	2.058461152E-2	-3.264880356E-2	1.155815522E-1	-1.146886668E-1	1.433893057E-2
1.933333333E1	1.987730378E-2	-3.818575192E-2	1.323732171E-1	-1.278832287E-1	-3.418403753E-2
1.936666667E1	1.830567569E-2	-4.117435214E-2	5.787400488E-2	-5.703287413E-2	-9.831160074E-3
1.940000000E1	1.922189311E-2	-4.198794353E-2	3.121494451E-2	-2.528075032E-2	1.831000884E-2
1.943333333E1	1.952634294E-2	-4.285973549E-2	1.006154200E-1	-2.838080757E-2	9.652974937E-2
1.946666667E1	2.565720974E-2	-4.387999737E-2	4.292499330E-2	7.094413445E-3	4.233467075E-2
1.950000000E1	2.234865433E-2	-4.238677460E-2	3.175849494E-2	5.124764205E-4	3.175435984E-2
1.953333333E1	2.777416706E-2	-4.384583228E-2	9.173436206E-2	7.049887821E-2	5.869498576E-2
1.956666667E1	2.626165338E-2	-3.768684938E-2	9.797647545E-2	5.808100090E-2	-7.890492429E-2
1.960000000E1	2.251383877E-2	-3.997376555E-2	1.166360970E-1	-5.721882163E-2	-1.016365367E-1
1.963333333E1	1.948588427E-2	-4.150143749E-2	4.385201376E-2	2.923142263E-2	-3.268827071E-2
1.966666667E1	2.033462073E-2	-3.802500404E-2	6.756657474E-2	5.229185988E-2	-4.278788862E-2
1.970000000E1	1.663335836E-2	-3.801531350E-2	3.346503822E-2	-3.257833901E-2	7.652490495E-3
1.973333333E1	2.084478676E-2	-4.019689331E-2	9.898710121E-2	-1.080872665E-2	9.839521144E-2
1.976666667E1	2.319303912E-2	-3.873589528E-2	8.520728067E-2	4.396662548E-2	7.298778339E-2
1.980000000E1	2.571063898E-2	-3.726578494E-2	5.456861473E-2	-3.865159316E-2	-3.851996962E-2
1.983333333E1	2.062504115E-2	-4.131266816E-2	6.250685871E-3	-1.948794660E-3	5.939130680E-3
1.986666667E1	2.610658103E-2	-3.739570459E-2	9.548662736E-2	5.843961699E-2	7.551494668E-2
1.990000000E1	2.565937092E-2	-3.741669369E-2	3.853431187E-2	9.971130075E-3	-3.722189888E-2
1.993333333E1	2.362512110E-2	-3.673096258E-2	8.504990580E-2	2.201367477E-2	-8.215159524E-2
1.996666667E1	2.018259791E-2	-3.594911537E-2	5.806661738E-2	-5.680429209E-2	-1.204177952E-2
2.000000000E1	2.282233580E-2	-4.051791539E-2	7.583680016E-2	-7.575594357E-2	-3.501038697E-3
2.003333333E1	1.994919533E-2	-4.099951161E-2	9.453116430E-2	-1.202871576E-2	-9.376273791E-2
2.006666667E1	1.657148661E-2	-4.131982977E-2	5.128623009E-2	-5.292779032E-3	-5.101238955E-2
2.010000000E1	1.654836936E-2	-4.135236355E-2	5.052488620E-2	3.221201645E-2	3.892492931E-2
2.013333333E1	1.916648190E-2	-3.917236201E-2	5.120465190E-2	1.255072246E-2	4.964268065E-2
2.016666667E1	1.985788140E-2	-4.051564872E-2	1.397928572E-1	-2.155098189E-2	1.381216786E-1
2.020000000E1	2.837459380E-2	-4.060909413E-2	4.777302614E-2	1.421368671E-2	4.560957286E-2
2.023333333E1	2.289851959E-2	-3.956806960E-2	1.291047569E-1	3.575373665E-3	-1.290552399E-1
2.026666667E1	1.977091114E-2	-4.037073589E-2	3.631019566E-2	-3.100530439E-2	-1.889712699E-2
2.030000000E1	2.163871113E-2	-4.163508989E-2	2.430542982E-2	-1.584525097E-2	1.843046230E-2
2.033333333E1	2.099960863E-2	-4.142708595E-2	6.895980465E-2	6.829035689E-2	-9.585500159E-3
2.036666667E1	2.099967778E-2	-3.708239943E-2	9.090879657E-2	8.619289373E-2	-2.889972947E-2
2.040000000E1	1.907296000E-2	-3.568089304E-2	1.538352988E-2	1.531422958E-2	-1.458548589E-3
2.043333333E1	2.090244121E-2	-3.606145080E-2	1.108832838E-1	-8.113992825E-2	7.557390204E-2
2.046666667E1	2.411122014E-2	-4.109022159E-2	1.566961887E-1	-1.067815923E-1	1.146794973E-1
2.050000000E1	2.854774103E-2	-4.318022361E-2	5.856144028E-2	-4.392991336E-2	3.872473370E-2
2.053333333E1	2.669286905E-2	-4.401888248E-2	4.288077662E-2	-6.289798998E-3	-4.241697103E-2
2.056666667E1	2.571994296E-2	-4.359954355E-2	3.947817346E-2	2.520550412E-2	3.038435028E-2
2.060000000E1	2.871849240E-2	-4.233851554E-2	2.922067967E-2	2.056298449E-2	2.076082343E-2
2.063333333E1	2.710399786E-2	-4.222867792E-2	9.181673526E-2	7.620980989E-3	-9.149990996E-2
2.066666667E1	2.261849840E-2	-4.183045014E-2	1.530364708E-1	1.657138247E-2	-1.521366185E-1
2.070000000E1	1.696155663E-2	-4.112391908E-2	9.021855274E-2	1.157535591E-2	-8.947289195E-2
2.073333333E1	1.665363894E-2	-4.105875974E-2	1.413848169E-2	6.703500924E-3	1.244828261E-2
2.076666667E1	1.779144213E-2	-4.067701902E-2	2.237179481E-2	4.752044909E-3	2.186127334E-2
2.080000000E1	1.811105716E-2	-4.074195675E-2	1.039758409E-1	7.386485050E-2	7.317758778E-2
2.083333333E1	2.266994798E-2	-3.575269566E-2	1.295635123E-1	-4.548140334E-2	1.213183649E-1
2.086666667E1	2.619894816E-2	-4.377405031E-2	9.238816732E-2	-8.679309951E-2	3.166277528E-2
2.090000000E1	2.478079967E-2	-4.153890229E-2	5.162056732E-2	1.030388586E-2	-5.058174479E-2
2.093333333E1	2.282683184E-2	-4.308712458E-2	4.658312825E-2	-3.940230902E-2	-2.484845833E-2
2.096666667E1	2.312423578E-2	-4.416572289E-2			
2.100000000E1		-4.072524460E-2		1.797696699E-2	
2.103333333E1	2.816023713E-2	-4.296725842E-2			
2.106666667E1	2.812389914E-2	-4.294695113E-2	6.955205405E-4	4.659699647E-4	-5.163533812E-4
2.110000000E1	2.812581357E-2	-4.293619376E-2	7.164313244E-5	4.634808803E-5	5.463143016E-5
2.113333333E1	2.812754124E-2	-4.294386126E-2	4.146865673E-2	1.645298393E-2	3.806506024E-2
2.116666667E1	3.066348426E-2	-4.183932817E-2	6.358394730E-2	-8.591605563E-3	6.300081482E-2
2.120000000E1	3.232759556E-2	-4.351663497E-2	5.751008302E-2	-3.933464154E-2	4.195468536E-2
2.123333333E1	3.346046328E-2	-4.446163760E-2	2.164021648E-2	-1.671664658E-2	1.374236867E-2
2.126666667E1	3.324375347E-2	-4.463107807E-2	2.402496447E-2	5.947065594E-3	-2.327727065E-2
2.130000000E1	3.190864524E-2	-4.406516656E-2	8.127747128E-2	-1.704015821E-2	-7.947112901E-2
2.133333333E1	2.794567820E-2	-4.576708862E-2	9.624613058E-2	-2.292947735E-2	-9.347489888E-2
2.136666667E1	2.567698531E-2	-4.559379838E-2	5.130706215E-2	3.584662511E-3	-5.118168443E-2
2.140000000E1	2.453356591E-2	-4.552811112E-2	8.897628887E-3	1.302818397E-3	-8.801730740E-3
2.143333333E1	2.509020326E-2	-4.550694382E-2	3.779527089E-2	-8.244377744E-3	3.688512895E-2
2.146666667E1	2.699257451E-2	-4.607773630E-2	7.514515988E-2	-1.235094932E-2	7.412320220E-2
2.150000000E1	3.003175008E-2	-4.633034045E-2	9.128806345E-2	-6.711474568E-3	9.104101623E-2
2.153333333E1	3.306197559E-2	-4.652516794E-2	1.353887359E-1	9.770597955E-2	9.372113625E-2
2.156666667E1	3.627982583E-2	-3.981660848E-2	1.183096197E-1	1.052074024E-1	5.411625077E-2
2.160000000E1	3.666972564E-2	-3.951134111E-2	1.413651686E-2	-8.443829088E-3	-1.133767434E-2
2.163333333E1	3.552398087E-2	-4.037953042E-2	8.930222865E-2	-7.674086271E-2	-4.566977153E-2
2.166666667E1	3.362507420E-2	-4.462739863E-2	1.475919139E-1	-5.963615623E-2	-1.350070440E-1
2.170000000E1	2.652351127E-2	-4.435527416E-2	1.425441572E-1	1.396604067E-2	-1.418583324E-1
2.173333333E1	2.416785205E-2	-4.369632925E-2	2.943888393E-2	1.579542521E-2	-2.484255280E-2
2.176666667E1	2.486734108E-2	-4.330224582E-2	3.948503292E-2	2.975559373E-3	3.937275544E-2
2.180000000E1	2.679270241E-2	-4.349795862E-2	4.093777777E-2	-1.408200905E-2	-3.843954565E-2
2.183333333E1	2.230470471E-2	-4.424104642E-2	4.891868777E-2	-2.251588890E-2	-4.342893920E-2
2.186666667E1	2.389743980E-2	-4.499901788E-2	4.523642800E-2	-2.294577902E-2	3.898494125E-2
2.190000000E1	2.490370079E-2	-4.577076502E-2	2.519381777E-2	-1.977877165E-2	1.560540439E-2
2.193333333E1	2.493780009E-2	-4.631760266E-2	2.460795935E-2	-1.112741276E-2	-2.194840196E-2
2.196666667E1	2.344047399E-2	-4.651259254E-2	5.722743581E-2	-4.124066313E-5	-5.722742095E-2
2.200000000E1	2.112263869E-2	-4.632035204E-2	7.820016268E-2	1.133524066E-2	-7.737427068E-2
2.203333333E1	1.828218928E-2	-4.575690983E-2	8.139477078E-2	1.990017142E-2	-7.892459622E-2
2.206666667E1	1.586099894E-2	-4.499367394E-2	5.524200544E-2	2.003024900E-2	-5.148269894E-2
2.210000000E1	1.485000935E-2	-4.442155989E-2	1.728423636E-2	1.395241803E-2	-1.020170856E-2
2.213333333E1	1.518088504E-2	-4.406351274E-2	3.122358841E-2	5.514507162E-3	3.073276239E-2
2.216666667E1	1.689886018E-2	-4.405392608E-2	6.000433746E-2	-5.666603142E-3	5.973617098E-2
2.220000000E1	1.916329644E-2	-4.444128628E-2	6.519393517E-2	-1.388003045E-2	6.369924597E-2
2.223333333E1	2.114547658E-2	-4.497926145E-2	4.677129046E-2	-1.675100894E-2	4.366872234E-2
2.226666667E1	2.207454459E-2	-4.555802021E-2	8.915990940E-3	-8.888705044E-3	-6.970057953E-4
2.230000000E1	2.109900952E-2	-4.557184178E-2	4.595000707E-2	2.653384471E-3	-4.587333322E-2
2.233333333E1	1.901632238E-2	-4.538112792E-2	7.494688606E-2	1.130732861E-2	-7.408900087E-2
2.236666667E1	1.615974280E-2	-4.481801988E-2	7.196344402E-2	1.435592075E-2	-7.051698246E-2
2.240000000E1	1.431519022E-2	-4.442406653E-2	4.213217748E-2	1.121047779E-2	-4.061336685E-2
2.243333333E1	1.345218501E-2	-4.407065469E-2	8.436100906E-3	8.432945668E-3	2.307072978E-4
2.246666667E1	1.433057070E-2	-4.386187015E-2	3.787184901E-2	3.037836734E-3	3.774981451E-2
2.250000000E1	1.596883931E-2	-4.386813224E-2	6.683337469E-2	-5.805225177E-3	6.658077300E-2
2.253333333E1	1.876928890E-2	-4.424888517E-2	8.163024395E-2	-1.403450657E-2	8.041473343E-2
2.256666667E1	2.132982154E-2	-4.480376601E-2	6.281972028E-2	-1.696303671E-2	6.048613594E-2
2.260000000E1	2.280169797E-2	-4.537975428E-2	3.458427722E-2	-1.721751917E-2	2.999382044E-2
2.263333333E1	2.332940957E-2	-4.595160062E-2	2.208450285E-2	-8.600963975E-3	-2.034081328E-2
2.266666667E1	2.144564375E-2	-4.595315188E-2	6.233661347E-2	2.788045007E-3	-6.227423371E-2
2.270000000E1	1.917779399E-2	-4.576573096E-2	7.732922552E-2	1.128670967E-2	-7.650110655E-2
2.273333333E1	1.634556998E-2	-4.520070457E-2	6.470404479E-2	1.721200983E-2	-6.237275150E-2
2.276666667E1	1.501961055E-2	-4.461826363E-2	4.433596795E-2	1.999542222E-2	-3.957096340E-2
2.280000000E1	1.370750575E-2	-4.386767642E-2	2.435847954E-2	1.985590999E-2	-1.410951323E-2
2.283333333E1	1.407897634E-2	-4.329453630E-2	3.060965309E-2	1.461285790E-2	2.689637980E-2
2.286666667E1	1.550059774E-2	-4.289348589E-2	1.308870714E-1	-2.557247874E-2	1.283646127E-1
2.290000000E1	2.263661719E-2	-4.499936822E-2	1.211053331E-1	-3.733272670E-2	1.152075051E-1
2.293333333E1	2.318109807E-2	-4.538233434E-2	9.695423770E-2	3.979735604E-2	-8.840981089E-2
2.296666667E1	1.674262979E-2	-4.234621115E-2	1.480542122E-1	6.570188501E-2	-1.326774738E-1
2.300000000E1	1.433593315E-2	-4.100220867E-2	8.919482013E-2	2.245752336E-2	-8.632135068E-2
2.303333333E1	1.098787308E-2	-4.084904292E-2	9.164779775E-2	5.577930463E-3	-9.147789637E-2
2.306666667E1	8.237406730E-3	-4.063034664E-2	6.635224974E-2	6.569436517E-3	-6.602623380E-2
2.310000000E1	6.586124161E-3	-4.041108049E-2	3.440047380E-2	8.546217064E-3	-3.332198631E-2
2.313333333E1	6.015940975E-3	-4.006059884E-2	1.287427204E-2	1.062088773E-2	7.276236976E-3
2.316666667E1	7.071206626E-3	-3.970302131E-2	5.637039044E-2	5.669108977E-3	5.608459790E-2
2.320000000E1	9.754914168E-3	-3.968265824E-2	8.625677288E-2	-5.387297127E-3	8.608837260E-2
2.323333333E1	1.281043147E-2	-4.006217445E-2	7.830356532E-2	-1.426511869E-2	7.699321224E-2
2.326666667E1	1.488779498E-2	-4.063366615E-2	4.630732823E-2	-2.001620641E-2	4.175787505E-2
2.330000000E1	1.559428980E-2	-4.139658821E-2	2.604823334E-2	-2.575692273E-2	3.884764009E-3
2.333333333E1	1.514677925E-2	-4.235079433E-2	3.997821536E-2	-2.567184978E-2	-3.064659577E-2
2.336666667E1	1.355118342E-2	-4.310804486E-2	5.689999463E-2	-1.942946948E-2	-5.347995049E-2
2.340000000E1	1.158144922E-2	-4.364609230E-2	5.453854323E-2	-1.110465306E-2	-5.339606144E-2
2.343333333E1	9.991445988E-3	-4.384835507E-2	3.550875772E-2	-3.107331178E-3	-3.537253691E-2
2.346666667E1	9.223280091E-3	-4.385324771E-2	2.813949434E-3	2.689937893E-3	-8.261631503E-4
2.350000000E1	9.936368445E-3	-4.366902587E-2	3.761653265E-2	5.860086718E-3	3.715727267E-2
2.353333333E1	1.170043160E-2	-4.346257526E-2	6.067846935E-2	5.284018984E-3	6.044795932E-2
2.356666667E1	1.396623240E-2	-4.331675794E-2	5.911552486E-2	2.390597720E-3	5.906716788E-2
2.360000000E1	1.563824279E-2	-4.330320208E-2	3.436373968E-2	-2.725581253E-3	3.425547856E-2
2.363333333E1	1.624993097E-2	-4.349846336E-2	1.559197934E-2	-8.152362806E-3	1.329092925E-2
2.366666667E1	1.652430474E-2	-4.384669294E-2	1.492393111E-2	-8.230560577E-3	-1.244916031E-2
2.370000000E1	1.541998695E-2	-4.404716740E-2	4.930564282E-2	-2.683162716E-3	-4.923258120E-2
2.373333333E1	1.324213266E-2	-4.402557045E-2	6.500979408E-2	6.016046172E-3	-6.473083125E-2
2.376666667E1	1.110459820E-2	-4.364609765E-2	5.758273086E-2	1.601835639E-2	-5.530988295E-2
2.380000000E1	9.554807135E-3	-4.295768002E-2	2.695140897E-2	2.269448544E-2	-1.453749553E-2
2.383333333E1	1.013543183E-2	-4.213313196E-2	4.026948963E-2	2.352201055E-2	3.268557503E-2
2.386666667E1	1.173384547E-2	-4.138954599E-2	5.935498483E-2	1.956181841E-2	5.603882123E-2
2.390000000E1	1.387135325E-2	-4.082901073E-2	5.620895719E-2	1.401242432E-2	5.443435343E-2
2.393333333E1	1.536280237E-2	-4.045538437E-2	3.490830736E-2	5.592374565E-3	3.445744143E-2
2.396666667E1	1.616851601E-2	-4.045618576E-2	1.310585551E-2	-5.695742864E-3	1.180347245E-2
2.400000000E1	1.614970053E-2	-4.083510056E-2	2.707478666E-2	-1.109478758E-2	-2.469716099E-2
2.403333333E1	1.452203861E-2	-4.119583826E-2	7.577007043E-2	-5.439403638E-3	-7.557457549E-2
2.406666667E1	1.111139550E-2	-4.119772747E-2	9.724519495E-2	-1.711841103E-4	-9.724504428E-2
2.410000000E1	8.039035657E-3	-4.120725054E-2	4.894602366E-2	-5.770088613E-3	-4.860472517E-2
2.413333333E1	7.871080485E-3	-4.158240004E-2	6.079792976E-3	-5.652084380E-3	2.240050179E-3
2.416666667E1	8.188372336E-3	-4.158405616E-2	3.791042996E-2	-7.871287460E-5	3.791034824E-2
2.420000000E1	1.039843703E-2	-4.158764756E-2	6.848988805E-2	-4.465940602E-5	6.848987349E-2
2.423333333E1	1.275436390E-2	-4.158703346E-2	8.486815395E-2	-5.569692378E-3	8.468519399E-2
2.426666667E1	1.604411663E-2	-4.195896039E-2	6.820220761E-2	-1.142866221E-2	6.723783758E-2
2.430000000E1	1.723688641E-2	-4.234894427E-2	1.917950604E-2	-1.433132086E-2	1.274624236E-2
2.433333333E1	1.689386612E-2	-4.291438178E-2			
