	质量 A					
t	x	y	vx	vy	v	
0.000	6.871E-2	-2.497E-2			
0.017	6.884E-2	-2.487E-2			
0.033					
0.050					
0.067					
0.083					
0.100					
0.117					
0.133					
0.150					
0.167					
0.183					
0.200	-7.342E-3	1.981E-2			
0.217	-7.309E-3	1.984E-2	0.286	-0.535	0.607
0.233	2.183E-3	1.978E-3	0.286	-0.534	0.606
0.250	2.213E-3	2.042E-3	-3.560E-2	3.251E-2	4.822E-2
0.267	9.965E-4	3.062E-3	0.217	0.212	0.303
0.283	9.450E-3	9.098E-3	0.325	-0.358	0.483
0.300	1.182E-2	-8.857E-3	7.320E-2	-0.538	0.543
0.317	1.189E-2	-8.834E-3	1.001	-0.448	1.096
0.333	4.518E-2	-2.378E-2	0.991	-0.453	1.090
0.350	4.492E-2	-2.395E-2	5.625E-2	-0.286	0.291
0.367	4.706E-2	-3.330E-2	6.488E-2	-0.281	0.288
0.383	4.709E-2	-3.332E-2	0.808	-0.472	0.936
0.400	7.399E-2	-4.903E-2	0.807	-0.473	0.935
0.417	7.398E-2	-4.907E-2	0.839	-1.659E-2	0.839
0.433	0.102	-4.958E-2	0.839	-1.560E-2	0.839
0.450	0.102	-4.959E-2	0.154	-0.209	0.260
0.467	0.107	-5.655E-2	0.154	-0.209	0.260
0.483	0.107	-5.657E-2	0.696	-0.337	0.773
0.500	0.130	-6.778E-2	0.705	-0.330	0.778
0.517	0.131	-6.758E-2	0.317	-0.165	0.358
0.533	0.141	-7.329E-2	-6.802E-2	0.106	0.126
0.550	0.128	-6.403E-2	-0.130	0.149	0.198
0.567	0.137	-6.832E-2	0.250	-0.133	0.284
0.583	0.137	-6.847E-2	0.101	-7.186E-2	0.124
0.600	0.140	-7.071E-2	-7.617E-2	1.885E-2	7.846E-2
0.617	0.134	-6.784E-2	0.149	4.867E-2	0.157
0.633	0.145	-6.909E-2	0.324	-3.927E-2	0.326
0.650	0.145	-6.915E-2	-0.392	-8.639E-2	0.401
0.667	0.132	-7.197E-2	-0.392	-8.562E-2	0.401
0.683	0.132	-7.200E-2	-0.164	0.130	0.210
0.700	0.126	-6.763E-2	-0.164	0.132	0.211
0.717	0.126	-6.759E-2	-0.727	5.635E-2	0.729
0.733	0.102	-6.576E-2	-0.727	5.531E-2	0.729
0.750	0.102	-6.575E-2	-0.571	-4.761E-2	0.573
0.767	8.308E-2	-6.734E-2	-0.572	-4.827E-2	0.574
0.783	8.305E-2	-6.736E-2	-0.601	0.216	0.638
0.800	6.306E-2	-6.015E-2	-0.600	0.215	0.637
0.817	6.307E-2	-6.019E-2	-0.297	0.245	0.385
0.833	5.317E-2	-5.197E-2	-0.296	0.246	0.385
0.850	5.320E-2	-5.198E-2	-0.436	0.160	0.464
0.867	3.864E-2	-4.665E-2	-0.438	0.161	0.466
0.883	3.860E-2	-4.662E-2	-0.821	0.683	1.068
0.900	1.129E-2	-2.387E-2	-0.820	0.682	1.066
0.917	1.128E-2	-2.388E-2	-4.219E-2	1.102E-2	4.361E-2
0.933	9.881E-3	-2.350E-2	-4.100E-2	1.152E-2	4.259E-2
0.950	9.909E-3	-2.350E-2	-0.392	0.425	0.578
0.967	-3.175E-3	-9.350E-3	-0.392	0.425	0.578
0.983	-3.160E-3	-9.321E-3	-2.086E-2	0.468	0.468
1.000	-3.870E-3	6.235E-3	-3.348E-2	0.472	0.473
1.017	-4.276E-3	6.415E-3	-0.168	0.238	0.291
1.033	-9.462E-3	1.416E-2	-0.156	0.232	0.280
1.050	-9.489E-3	1.415E-2	0.502	-6.242E-2	0.505
1.067	7.259E-3	1.208E-2	0.503	-6.308E-2	0.507
1.083	7.269E-3	1.205E-2	4.997E-3	0.170	0.170
1.100	7.425E-3	1.776E-2	6.584E-2	9.020E-3	6.646E-2
1.117	9.463E-3	1.235E-2	5.576E-2	-0.441	0.444
1.133	9.284E-3	3.064E-3	4.362E-2	-0.223	0.227
1.150	1.092E-2	4.904E-3	0.453	-0.250	0.517
1.167	2.439E-2	-5.261E-3	0.404	-0.306	0.507
1.183	2.440E-2	-5.280E-3	0.282	-0.125	0.309
1.200	3.380E-2	-9.423E-3	0.281	-0.125	0.307
1.217	3.376E-2	-9.433E-3	0.579	-0.352	0.678
1.233	5.310E-2	-2.115E-2	0.578	-0.352	0.677
1.250	5.305E-2	-2.115E-2	0.468	-0.685	0.830
1.267	6.869E-2	-4.400E-2	0.469	-0.686	0.831
1.283	6.868E-2	-4.400E-2	0.526	-0.154	0.548
1.300	8.623E-2	-4.912E-2	0.527	-0.152	0.548
1.317	8.623E-2	-4.906E-2	0.828	-0.248	0.864
1.333	0.114	-5.739E-2	0.827	-0.250	0.864
1.350	0.114	-5.739E-2	0.155	-0.312	0.348
1.367	0.119	-6.778E-2	4.341E-2	-0.255	0.259
1.383	0.115	-6.589E-2	0.186	-0.199	0.272
1.400	0.125	-7.439E-2	0.297	-0.254	0.391
1.417	0.125	-7.436E-2	0.118	-0.117	0.166
1.433	0.129	-7.830E-2	0.117	-0.117	0.166
1.450	0.129	-7.827E-2	-2.726E-2	-0.306	0.308
1.467	0.128	-8.851E-2	-3.875E-2	-0.232	0.235
1.483	0.128	-8.599E-2	-0.308	-0.389	0.496
1.500	0.118	-0.101	-0.294	-0.464	0.549
1.517	0.118	-0.101	-0.170	0.137	0.218
1.533	0.112	-9.690E-2	-0.182	0.137	0.227
1.550	0.112	-9.691E-2	-0.171	-2.393E-3	0.171
1.567	0.107	-9.698E-2	-0.158	-2.124E-3	0.158
1.583	0.107	-9.698E-2	-0.502	0.187	0.535
1.600	8.987E-2	-9.075E-2	-0.504	0.186	0.538
1.617	8.985E-2	-9.077E-2	-0.158	-9.348E-2	0.183
1.633	8.461E-2	-9.386E-2	-0.156	-9.291E-2	0.182
1.650	8.465E-2	-9.387E-2	-0.457	0.191	0.496
1.667	6.937E-2	-8.749E-2	-0.459	0.201	0.501
1.683	6.933E-2	-8.717E-2	-0.426	0.343	0.547
1.700	5.516E-2	-7.606E-2	-0.424	0.333	0.540
1.717	5.519E-2	-7.607E-2	-0.482	0.297	0.566
1.733	3.908E-2	-6.616E-2	-0.481	0.297	0.566
1.750	3.914E-2	-6.617E-2	-0.136	0.685	0.698
1.767	3.456E-2	-4.335E-2	-0.404	0.579	0.706
1.783	2.568E-2	-4.687E-2	-0.511	0.528	0.735
1.800	1.752E-2	-2.575E-2	-0.246	0.633	0.679
1.817	1.748E-2	-2.578E-2	-0.240	0.185	0.303
1.833	9.505E-3	-1.960E-2	-0.239	0.184	0.301
1.850	9.507E-3	-1.966E-2	7.830E-2	0.417	0.424
1.867	1.211E-2	-5.705E-3	7.780E-2	0.418	0.425
1.883	1.210E-2	-5.728E-3	-0.382	0.411	0.562
1.900	-6.314E-4	8.003E-3	-0.381	0.410	0.560
1.917	-5.952E-4	7.948E-3	6.001E-2	0.106	0.122
1.933	1.369E-3	1.153E-2	5.639E-2	0.105	0.120
1.950	1.284E-3	1.146E-2	0.475	0.126	0.491
1.967	1.720E-2	1.574E-2	0.479	0.127	0.496
1.983	1.726E-2	1.571E-2	2.467E-2	-8.679E-2	9.023E-2
2.000	1.802E-2	1.285E-2	2.211E-2	-8.508E-2	8.791E-2
2.017	1.799E-2	1.287E-2	0.832	-0.274	0.875
2.033	4.574E-2	3.720E-3	0.833	-0.275	0.877
2.050	4.577E-2	3.713E-3	0.252	-3.335E-2	0.254
2.067	5.414E-2	2.609E-3	0.249	-3.217E-2	0.251
2.083	5.406E-2	2.640E-3	0.551	-0.279	0.618
2.100	7.250E-2	-6.699E-3	0.552	-0.281	0.620
2.117	7.246E-2	-6.725E-3	0.401	-0.458	0.609
2.133	8.586E-2	-2.197E-2	0.402	-0.458	0.609
2.150	8.586E-2	-2.198E-2			
2.167					
2.183					
2.200					
2.217	0.105	-5.845E-2			
2.233					
2.250					
2.267					
2.283					
2.300					
2.317					
2.333					
2.350					
2.367					
2.383					
2.400					
2.417					
2.433					
2.450					
2.467					
2.483					
2.500					
2.517					
2.533					
2.550					
2.567					
2.583					
2.600					
2.617					
2.633					
2.650					
2.667					
2.683					
2.700					
2.717					
2.733					
2.750					
2.767					
2.783					
2.800					
2.817					
2.833	4.032E-2	1.849E-3			
2.850	4.031E-2	1.888E-3	0.178	-5.724E-2	0.187
2.867	4.627E-2	-5.853E-5	0.181	-5.841E-2	0.190
2.883	4.634E-2	-5.929E-5	0.516	0.158	0.539
2.900	6.346E-2	5.208E-3	0.515	0.158	0.538
2.917	6.350E-2	5.203E-3	0.416	-0.495	0.647
2.933	7.731E-2	-1.131E-2	0.414	-0.495	0.646
2.950	7.732E-2	-1.131E-2	0.213	-0.196	0.290
2.967	8.441E-2	-1.784E-2	0.213	-0.195	0.288
2.983	8.441E-2	-1.780E-2	0.507	-0.327	0.604
3.000	0.101	-2.875E-2	0.507	-0.330	0.605
3.017	0.101	-2.881E-2	0.160	-0.685	0.704
3.033	0.107	-5.160E-2	0.161	-0.683	0.702
3.050	0.107	-5.158E-2	-0.286	-0.362	0.461
3.067	9.711E-2	-6.367E-2	-0.287	-0.363	0.462
3.083	9.711E-2	-6.367E-2	-5.342E-2	-0.315	0.320
3.100	9.533E-2	-7.417E-2	-5.402E-2	-0.314	0.319
3.117	9.531E-2	-7.414E-2	-0.138	-0.215	0.256
3.133	9.072E-2	-8.134E-2	-0.138	-0.218	0.258
3.150	9.071E-2	-8.140E-2	-0.361	-0.377	0.523
3.167	7.867E-2	-9.392E-2	-0.362	-0.376	0.522
3.183	7.863E-2	-9.395E-2	-0.320	-4.017E-2	0.322
3.200	6.801E-2	-9.526E-2	-0.311	-3.585E-2	0.313
3.217	6.828E-2	-9.515E-2	-0.478	-0.365	0.601
3.233	5.209E-2	-0.107	-0.487	-0.369	0.611
3.250	5.206E-2	-0.107	-8.706E-2	6.464E-2	0.108
3.267	4.919E-2	-0.105	-8.476E-2	6.542E-2	0.107
3.283	4.923E-2	-0.105	-0.156	4.476E-2	0.162
3.300	4.400E-2	-0.104	-0.158	4.430E-2	0.164
3.317	4.396E-2	-0.104	-0.480	0.326	0.581
3.333	2.798E-2	-9.293E-2	-0.479	0.327	0.580
3.350	2.800E-2	-9.291E-2	-0.395	-4.264E-2	0.398
3.367	1.480E-2	-9.435E-2	-0.399	-4.371E-2	0.401
3.383	1.472E-2	-9.437E-2	-0.168	0.106	0.198
3.400	9.216E-3	-9.081E-2	-0.165	0.108	0.197
3.417	9.216E-3	-9.078E-2	-0.278	0.441	0.521
3.433	-5.656E-5	-7.613E-2	-0.279	0.439	0.520
3.450	-8.972E-5	-7.614E-2	-6.046E-2	0.319	0.325
3.467	-2.072E-3	-6.549E-2	-5.996E-2	0.320	0.326
3.483	-2.088E-3	-6.547E-2	-3.118E-2	2.574E-2	4.043E-2
3.500	-3.111E-3	-6.463E-2	-3.159E-2	2.548E-2	4.059E-2
3.517	-3.141E-3	-6.462E-2	0.123	0.234	0.264
3.533	9.816E-4	-5.684E-2	-6.161E-2	0.314	0.320
3.550	-5.195E-3	-5.414E-2	0.253	0.393	0.467
3.567	9.404E-3	-4.374E-2	0.438	0.312	0.537
3.583	9.393E-3	-4.375E-2	0.184	0.340	0.387
3.600	1.554E-2	-3.240E-2	-7.318E-2	0.606	0.611
3.617	6.954E-3	-2.354E-2	0.131	0.439	0.458
3.633	1.989E-2	-1.778E-2	0.386	0.173	0.423
3.650	1.984E-2	-1.778E-2	0.491	0.296	0.574
3.667	3.627E-2	-7.910E-3	0.492	0.295	0.573
3.683	3.622E-2	-7.933E-3	0.541	0.107	0.551
3.700	5.430E-2	-4.359E-3	0.541	0.106	0.552
3.717	5.426E-2	-4.384E-3	0.799	-0.186	0.820
3.733	8.093E-2	-1.056E-2	0.800	-0.184	0.821
3.750	8.093E-2	-1.051E-2	0.511	9.567E-2	0.520
3.767	9.797E-2	-7.368E-3	0.511	9.428E-2	0.519
3.783	9.796E-2	-7.368E-3	0.219	-0.684	0.718
3.800	0.105	-3.018E-2	0.219	-0.685	0.719
3.817	0.105	-3.019E-2	0.268	-2.070E-3	0.268
3.833	0.114	-3.025E-2	0.268	2.234E-3	0.268
3.850	0.114	-3.012E-2	-1.730E-2	-0.375	0.376
3.867	0.114	-4.276E-2	-1.730E-2	-0.379	0.380
3.883	0.114	-4.276E-2	-0.196	-0.154	0.249
3.900	0.107	-4.789E-2	-0.196	-0.201	0.281
3.917	0.107	-4.946E-2	-0.247	-0.534	0.589
3.933	9.883E-2	-6.569E-2	-0.248	-0.487	0.546
3.950	9.882E-2	-6.568E-2	-0.269	-0.110	0.291
3.967	8.985E-2	-6.935E-2	-0.270	-0.111	0.292
3.983	8.983E-2	-6.939E-2	-0.767	1.137E-2	0.767
4.000	6.429E-2	-6.897E-2	-0.766	1.171E-2	0.766
4.017	6.430E-2	-6.900E-2	-0.366	-9.812E-2	0.379
4.033	5.208E-2	-7.224E-2	-0.367	-9.781E-2	0.380
4.050	5.207E-2	-7.226E-2	-0.469	-6.269E-2	0.473
4.067	3.646E-2	-7.433E-2	-0.467	-6.324E-2	0.471
4.083	3.650E-2	-7.437E-2	-0.388	6.173E-2	0.393
4.100	2.352E-2	-7.227E-2	-0.390	6.354E-2	0.395
4.117	2.349E-2	-7.225E-2	-0.362	0.146	0.390
4.133	1.146E-2	-6.741E-2	-0.361	0.143	0.388
4.150	1.148E-2	-6.749E-2	-3.478E-2	0.249	0.252
4.167	1.030E-2	-5.909E-2	-3.482E-2	0.251	0.253
4.183	1.032E-2	-5.913E-2	-0.215	0.228	0.313
4.200	3.130E-3	-5.149E-2	-0.215	0.229	0.314
4.217	3.156E-3	-5.151E-2	-2.599E-3	0.320	0.320
4.233	3.043E-3	-4.084E-2	-3.190E-3	0.323	0.323
4.250	3.049E-3	-4.073E-2	-0.468	0.134	0.487
4.267	-1.256E-2	-3.638E-2	-0.467	0.128	0.484
4.283	-1.253E-2	-3.646E-2	0.156	0.247	0.292
4.300	-7.346E-3	-2.816E-2	0.155	0.249	0.294
4.317	-7.346E-3	-2.816E-2	0.304	6.387E-2	0.311
4.333	2.792E-3	-2.603E-2	0.302	6.387E-2	0.309
4.350	2.737E-3	-2.603E-2	0.221	0.280	0.357
4.367	1.017E-2	-1.669E-2	0.223	0.280	0.358
4.383	1.017E-2	-1.669E-2	0.196	-0.159	0.252
4.400	1.669E-2	-2.200E-2	0.196	-0.158	0.251
4.417	1.669E-2	-2.195E-2	0.518	6.617E-2	0.523
4.433	3.397E-2	-1.980E-2	0.526	6.410E-2	0.530
4.450	3.423E-2	-1.981E-2	0.592	0.116	0.604
4.467	5.372E-2	-1.593E-2	0.570	0.117	0.581
4.483	5.322E-2	-1.592E-2	0.464	4.751E-2	0.467
4.500	6.919E-2	-1.434E-2	0.498	3.938E-2	0.499
4.517	6.982E-2	-1.460E-2	0.834	-0.102	0.840
4.533	9.700E-2	-1.774E-2	0.815	-9.440E-2	0.820
4.550	9.697E-2	-1.775E-2	0.498	-0.187	0.533
4.567	0.114	-2.399E-2	0.499	-0.184	0.532
4.583	0.114	-2.390E-2	4.692E-2	-0.242	0.247
4.600	0.115	-3.207E-2	4.692E-2	-0.245	0.250
4.617	0.115	-3.207E-2	7.698E-2	-0.258	0.269
4.633	0.118	-4.067E-2	7.786E-2	-0.256	0.268
4.650	0.118	-4.061E-2	-0.407	-2.151E-2	0.407
4.667	0.104	-4.139E-2	-0.408	-2.321E-2	0.409
4.683	0.104	-4.138E-2	-0.253	-0.130	0.284
4.700	9.576E-2	-4.572E-2	-0.250	-0.130	0.282
4.717	9.583E-2	-4.571E-2	-0.152	-0.103	0.184
4.733	9.068E-2	-4.915E-2	-0.155	-0.104	0.186
4.750	9.068E-2	-4.918E-2	-0.535	-0.100	0.544
4.767	7.286E-2	-5.249E-2	-0.533	-9.830E-2	0.542
4.783	7.291E-2	-5.246E-2	-0.103	4.115E-2	0.111
4.800	6.943E-2	-5.112E-2	-0.108	3.865E-2	0.115
4.817	6.931E-2	-5.117E-2	-0.616	3.810E-2	0.617
4.833	4.891E-2	-4.985E-2	-0.613	4.671E-2	0.615
4.850	4.887E-2	-4.961E-2	-0.376	0.807	0.890
4.867	3.638E-2	-2.295E-2	-0.498	0.605	0.784
4.883	3.226E-2	-2.944E-2	-0.158	0.103	0.189
4.900	3.111E-2	-1.951E-2	-3.682E-2	0.298	0.301
4.917	3.103E-2	-1.950E-2	-0.528	0.109	0.539
4.933	1.350E-2	-1.587E-2	-0.515	0.108	0.527
4.950	1.385E-2	-1.589E-2	0.250	0.103	0.270
4.967	2.182E-2	-1.245E-2	0.239	0.102	0.260
4.983	2.181E-2	-1.247E-2	-0.377	0.373	0.530
5.000	9.256E-3	-1.342E-5	-0.376	0.374	0.531
5.017	9.266E-3	-5.473E-6	0.278	-0.156	0.319
5.033	1.852E-2	-5.205E-3	0.278	-0.155	0.318
5.050	1.852E-2	-5.168E-3	0.226	0.373	0.436
5.067	2.604E-2	7.241E-3	0.226	0.372	0.436
5.083	2.606E-2	7.242E-3	0.221	-0.375	0.435
5.100	3.339E-2	-5.244E-3	0.219	-0.375	0.434
5.117	3.335E-2	-5.242E-3	0.780	-0.187	0.802
5.133	5.939E-2	-1.148E-2	0.781	-0.187	0.803
5.150	5.939E-2	-1.148E-2	0.502	-0.323	0.597
5.167	7.613E-2	-2.224E-2	0.503	-0.322	0.597
5.183	7.615E-2	-2.222E-2	0.338	-0.507	0.609
5.200	8.739E-2	-3.912E-2	0.336	-0.508	0.609
5.217	8.737E-2	-3.915E-2	5.050E-2	-0.182	0.189
5.233	8.907E-2	-4.518E-2	4.962E-2	-0.181	0.188
5.250	8.902E-2	-4.518E-2	0.346	-0.389	0.521
5.267	0.101	-5.816E-2	0.349	-0.391	0.524
5.283	0.101	-5.821E-2	-1.677E-2	-0.175	0.176
5.300	0.100	-6.399E-2	-1.909E-2	-0.173	0.174
5.317	0.100	-6.398E-2	3.129E-2	-0.296	0.297
5.333	0.101	-7.385E-2	3.037E-2	-0.296	0.298
5.350	0.101	-7.385E-2	0.166	-0.140	0.217
5.367	0.107	-7.851E-2	0.169	-0.140	0.219
5.383	0.107	-7.853E-2	-0.103	9.043E-3	0.103
5.400	0.103	-7.821E-2	-0.107	6.163E-2	0.124
5.417	0.103	-7.647E-2	-0.557	-1.267E-2	0.557
5.433	8.463E-2	-7.863E-2	-0.554	-6.520E-2	0.558
5.450	8.460E-2	-7.865E-2	-0.223	6.690E-2	0.233
5.467	7.719E-2	-7.640E-2	-0.223	6.614E-2	0.232
5.483	7.717E-2	-7.644E-2	-0.346	0.124	0.368
5.500	6.565E-2	-7.226E-2	-0.346	0.125	0.368
5.517	6.565E-2	-7.228E-2	-0.424	0.539	0.686
5.533	5.151E-2	-5.430E-2	-0.424	0.540	0.686
5.550	5.153E-2	-5.429E-2	-3.816E-2	0.283	0.286
5.567	5.024E-2	-4.485E-2	-4.066E-2	0.283	0.286
5.583	5.017E-2	-4.486E-2	-0.503	0.318	0.595
5.600	3.346E-2	-3.425E-2	-0.500	0.319	0.594
5.617	3.349E-2	-3.422E-2	-0.286	0.527	0.599
5.633	2.394E-2	-1.669E-2	-7.896E-3	0.544	0.544
5.650	3.323E-2	-1.607E-2	-5.996E-2	1.649E-2	6.218E-2
5.667	2.194E-2	-1.614E-2	-0.218	0.152	0.266
5.683	2.596E-2	-1.102E-2	0.160	0.390	0.422
5.700	2.729E-2	-3.143E-3	4.026E-2	0.236	0.239
5.717	2.730E-2	-3.162E-3	0.192	4.307E-2	0.197
5.733	3.369E-2	-1.707E-3	0.232	0.523	0.573
5.750	3.505E-2	1.428E-2	0.160	0.330	0.367
5.767	3.904E-2	9.291E-3	0.119	-0.149	0.191
5.783	3.901E-2	9.316E-3	0.673	-0.231	0.712
5.800	6.148E-2	1.600E-3	0.674	-0.231	0.713
5.817	6.148E-2	1.602E-3	5.631E-2	-0.328	0.332
5.833	6.335E-2	-9.320E-3	6.155E-2	-0.328	0.334
5.850	6.353E-2	-9.340E-3	0.218	-0.281	0.355
5.867	7.062E-2	-1.867E-2	0.213	-0.281	0.353
5.883	7.063E-2	-1.872E-2	0.222	-0.425	0.480
5.900	7.803E-2	-3.285E-2	0.222	-0.424	0.479
5.917	7.803E-2	-3.285E-2	0.322	-0.105	0.339
5.933	8.877E-2	-3.634E-2	0.355	-0.565	0.667
5.950	8.986E-2	-5.169E-2	-0.128	-0.798	0.808
5.967	8.449E-2	-6.293E-2	-0.161	-0.336	0.373
5.983	8.450E-2	-6.289E-2	-0.115	-0.250	0.275
6.000	8.066E-2	-7.126E-2	-0.115	-0.252	0.277
6.017	8.066E-2	-7.128E-2	-4.589E-2	-0.299	0.302
6.033	7.913E-2	-8.122E-2	-4.521E-2	-0.299	0.302
6.050	7.915E-2	-8.123E-2	-6.195E-2	-0.189	0.198
6.067	7.707E-2	-8.750E-2	-6.251E-2	-0.189	0.199
6.083	7.707E-2	-8.753E-2	-0.215	0.223	0.310
6.100	6.989E-2	-8.008E-2	-0.216	0.224	0.311
6.117	6.989E-2	-8.007E-2	-0.254	0.114	0.278
6.133	6.142E-2	-7.629E-2	-0.253	0.114	0.278
6.150	6.144E-2	-7.629E-2	-0.232	3.154E-2	0.234
6.167	5.370E-2	-7.523E-2	-0.232	3.092E-2	0.234
6.183	5.372E-2	-7.526E-2	-0.173	0.114	0.208
6.200	4.792E-2	-7.143E-2	-0.174	9.898E-2	0.200
6.217	4.792E-2	-7.196E-2	-0.516	-1.564E-2	0.516
6.233	3.072E-2	-7.196E-2	-0.344	-0.125	0.366
6.250	3.645E-2	-7.613E-2	0.244	0.448	0.510
6.267	3.884E-2	-5.702E-2	0.164	0.436	0.465
6.283	4.191E-2	-6.160E-2	-0.373	0.259	0.454
6.300	2.641E-2	-4.840E-2	-0.468	0.394	0.612
6.317	2.633E-2	-4.846E-2	6.242E-2	0.357	0.362
6.333	2.849E-2	-3.651E-2	6.328E-2	0.358	0.364
6.350	2.844E-2	-3.652E-2	-1.149E-2	0.501	0.501
6.367	2.811E-2	-1.980E-2	-1.498E-2	0.502	0.502
6.383	2.794E-2	-1.980E-2	6.248E-2	0.127	0.141
6.400	3.019E-2	-1.558E-2	6.596E-2	0.126	0.142
6.417	3.014E-2	-1.559E-2	0.437	7.003E-2	0.443
6.433	4.477E-2	-1.324E-2	0.438	7.053E-2	0.444
6.450	4.474E-2	-1.324E-2	0.469	0.178	0.501
6.467	6.040E-2	-7.320E-3	0.470	0.178	0.502
6.483	6.040E-2	-7.323E-3	0.585	-0.136	0.601
6.500	7.989E-2	-1.185E-2	0.586	-0.135	0.601
6.517	7.994E-2	-1.181E-2	9.579E-2	2.923E-2	0.100
6.533	8.309E-2	-1.087E-2	9.402E-2	2.782E-2	9.805E-2
6.550	8.307E-2	-1.088E-2	0.521	-4.939E-2	0.523
6.567	0.100	-1.252E-2	0.523	-5.097E-2	0.526
6.583	0.101	-1.258E-2	0.124	-0.267	0.295
6.600	0.105	-2.143E-2	5.410E-2	-0.336	0.341
6.617	0.102	-2.379E-2	-0.167	-0.581	0.605
6.633	9.901E-2	-4.081E-2	-9.856E-2	-0.512	0.521
6.650	9.903E-2	-4.084E-2	-0.312	-0.381	0.493
6.667	8.861E-2	-5.351E-2	-0.187	-0.274	0.332
6.683	9.279E-2	-4.996E-2	-0.246	3.941E-2	0.250
6.700	8.039E-2	-5.220E-2	-0.371	-6.805E-2	0.377
6.717	8.043E-2	-5.223E-2	-0.626	-0.314	0.700
6.733	5.952E-2	-6.265E-2	-0.453	-0.344	0.569
6.750	6.532E-2	-6.369E-2	-2.886E-2	-8.826E-2	9.286E-2
6.767	5.856E-2	-6.560E-2	-0.613	3.499E-2	0.614
6.783	4.488E-2	-6.253E-2	-0.770	9.366E-2	0.775
6.800	3.291E-2	-6.247E-2	-0.362	-1.574E-4	0.362
6.817	3.281E-2	-6.253E-2	-0.342	0.157	0.376
6.833	2.150E-2	-5.725E-2	-0.338	0.157	0.373
6.850	2.154E-2	-5.729E-2	-0.177	0.185	0.256
6.867	1.560E-2	-5.110E-2	-0.194	0.186	0.269
6.883	1.507E-2	-5.110E-2	-0.302	0.284	0.415
6.900	5.534E-3	-4.162E-2	-0.287	0.283	0.403
6.917	5.500E-3	-4.166E-2	-6.555E-2	0.264	0.272
6.933	3.349E-3	-3.281E-2	-6.415E-2	0.267	0.274
6.950	3.361E-3	-3.278E-2	0.167	-0.140	0.218
6.967	8.915E-3	-3.747E-2	0.166	-0.141	0.218
6.983	8.894E-3	-3.748E-2	0.262	0.166	0.310
7.000	1.765E-2	-3.193E-2	0.263	0.168	0.312
7.017	1.765E-2	-3.187E-2	0.244	0.238	0.341
7.033	2.579E-2	-2.400E-2	0.245	0.234	0.339
7.050	2.582E-2	-2.406E-2	0.440	0.346	0.560
7.067	4.045E-2	-1.246E-2	0.439	0.348	0.560
7.083	4.044E-2	-1.245E-2	0.360	-0.272	0.451
7.100	5.246E-2	-2.152E-2	0.749	2.588E-2	0.749
7.117	6.541E-2	-1.159E-2	0.703	8.911E-2	0.708
7.133	7.588E-2	-1.855E-2	0.314	-0.212	0.379
7.150	7.588E-2	-1.864E-2	0.450	-7.337E-2	0.456
7.167	9.088E-2	-2.100E-2	0.450	-7.114E-2	0.456
7.183	9.088E-2	-2.102E-2	0.317	-0.217	0.385
7.200	0.101	-2.825E-2	0.317	-0.217	0.384
7.217	0.101	-2.824E-2	0.211	-0.105	0.235
7.233	0.108	-3.175E-2	0.211	-0.105	0.236
7.250	0.108	-3.175E-2	-0.304	-0.220	0.375
7.267	9.835E-2	-3.909E-2	-0.305	-0.219	0.376
7.283	9.830E-2	-3.906E-2	2.004E-2	1.580E-2	2.552E-2
7.300	9.902E-2	-3.857E-2	-4.121E-2	1.391E-2	4.349E-2
7.317	9.693E-2	-3.859E-2	-0.188	-0.225	0.293
7.333	9.275E-2	-4.607E-2	-0.185	-9.479E-2	0.207
7.350	9.078E-2	-4.175E-2	-0.502	6.704E-3	0.502
7.367	7.602E-2	-4.585E-2	-0.442	-0.123	0.459
7.383	7.603E-2	-4.586E-2	-0.364	-0.125	0.385
7.400	6.388E-2	-5.002E-2	-0.365	-0.126	0.386
7.417	6.387E-2	-5.004E-2	-0.295	0.567	0.640
7.433	5.404E-2	-3.111E-2	-0.295	0.568	0.640
7.450	5.404E-2	-3.112E-2			
7.467					
7.483	3.363E-2	-2.863E-2			
7.500	1.837E-2	-1.866E-2	-0.458	0.298	0.547
7.517	1.836E-2	-1.869E-2	0.366	0.298	0.472
7.533	3.056E-2	-8.739E-3	0.365	0.297	0.471
7.550	3.052E-2	-8.787E-3	-9.437E-2	-3.960E-2	0.102
7.567	2.742E-2	-1.006E-2	-9.366E-2	-3.990E-2	0.102
7.583	2.740E-2	-1.012E-2	0.334	-0.141	0.362
7.600	3.854E-2	-1.477E-2	0.335	-0.140	0.363
7.617	3.858E-2	-1.479E-2	0.125	0.349	0.371
7.633	4.271E-2	-3.123E-3	0.124	0.350	0.371
7.650	4.271E-2	-3.119E-3	0.589	-0.264	0.646
7.667	6.235E-2	-1.192E-2	0.583	-0.263	0.639
7.683	6.213E-2	-1.188E-2	0.279	-0.432	0.514
7.700	7.164E-2	-2.634E-2	0.284	-0.437	0.521
7.717	7.159E-2	-2.645E-2	0.418	-0.104	0.430
7.733	8.556E-2	-2.981E-2	0.418	-0.100	0.430
7.750	8.551E-2	-2.980E-2	0.306	-0.358	0.471
7.767	9.577E-2	-4.174E-2	0.310	-0.358	0.474
7.783	9.584E-2	-4.175E-2	0.135	2.780E-2	0.138
7.800	0.100	-4.082E-2	0.133	2.757E-2	0.136
7.817	0.100	-4.083E-2	-7.217E-2	-0.206	0.218
7.833	9.788E-2	-4.768E-2	-6.984E-2	-0.205	0.216
7.850	9.793E-2	-4.765E-2	0.124	0.221	0.254
7.867	0.102	-4.030E-2	0.121	0.220	0.251
7.883	0.102	-4.032E-2	-0.611	-0.181	0.637
7.900	8.165E-2	-4.634E-2	-0.610	-0.181	0.637
7.917	8.162E-2	-4.636E-2	-0.126	0.253	0.283
7.933	7.745E-2	-3.789E-2	-0.125	0.255	0.284
7.950	7.744E-2	-3.787E-2	-0.500	-4.984E-2	0.502
7.967	6.080E-2	-3.956E-2	-0.499	-5.150E-2	0.502
7.983	6.080E-2	-3.959E-2	-0.251	0.278	0.374
8.000	5.244E-2	-3.029E-2	-0.250	0.279	0.375
8.017	5.246E-2	-3.029E-2	-0.511	0.314	0.600
8.033	3.541E-2	-1.982E-2	-0.480	0.377	0.610
8.050	3.645E-2	-1.773E-2	3.128E-2	5.641E-2	6.450E-2
8.067	3.645E-2	-1.794E-2	0.000	-5.318E-3	5.318E-3
8.083	3.645E-2	-1.791E-2	-5.944E-2	0.275	0.281
8.100	3.447E-2	-8.774E-3	-6.044E-2	0.274	0.280
8.117	3.444E-2	-8.791E-3	0.176	0.294	0.343
8.133	4.032E-2	1.037E-3	0.176	0.294	0.342
8.150	4.029E-2	9.938E-4	7.153E-2	-0.320	0.327
8.167	4.271E-2	-9.615E-3	0.101	-0.324	0.340
8.183	4.367E-2	-9.809E-3	0.381	-0.272	0.468
8.200	5.542E-2	-1.867E-2	0.352	-0.266	0.442
8.217	5.541E-2	-1.869E-2	0.562	5.782E-2	0.565
8.233	7.416E-2	-1.674E-2	0.562	5.867E-2	0.565
8.250	7.415E-2	-1.673E-2	6.470E-2	-0.319	0.326
8.267	7.632E-2	-2.738E-2	6.339E-2	-0.319	0.326
8.283	7.626E-2	-2.738E-2	0.266	-0.443	0.517
8.300	8.517E-2	-4.216E-2	0.266	-0.444	0.517
8.317	8.512E-2	-4.216E-2	-1.514E-2	-3.927E-2	4.208E-2
8.333	8.467E-2	-4.347E-2	-1.584E-2	-3.944E-2	4.250E-2
8.350	8.459E-2	-4.348E-2	7.669E-2	-0.440	0.446
8.367	8.722E-2	-5.812E-2	7.872E-2	-0.438	0.445
8.383	8.722E-2	-5.807E-2	0.226	0.328	0.398
8.400	9.474E-2	-4.718E-2	0.227	0.330	0.400
8.417	9.478E-2	-4.709E-2	-0.373	3.933E-2	0.375
8.433	8.231E-2	-4.587E-2	-0.374	3.733E-2	0.376
8.450	8.231E-2	-4.584E-2	-0.299	0.258	0.395
8.467	7.235E-2	-3.728E-2	-0.298	0.257	0.394
8.483	7.237E-2	-3.728E-2	-0.264	-0.133	0.295
8.500	6.356E-2	-4.172E-2	-0.264	-0.164	0.311
8.517	6.356E-2	-4.276E-2	-0.523	0.465	0.700
8.533	4.613E-2	-2.622E-2	-0.522	0.494	0.719
8.550	4.615E-2	-2.629E-2	-0.281	0.121	0.307
8.567	3.675E-2	-2.217E-2	-0.280	0.122	0.306
8.583	3.681E-2	-2.221E-2	8.307E-2	0.510	0.517
8.600	3.952E-2	-5.175E-3	8.214E-2	0.511	0.517
8.617	3.954E-2	-5.194E-3	-1.672E-2	0.192	0.193
8.633	3.896E-2	1.240E-3	-1.623E-2	0.192	0.193
8.650	3.900E-2	1.217E-3	0.158	-1.443E-2	0.159
8.667	4.423E-2	7.589E-4	0.157	-1.445E-2	0.158
8.683	4.423E-2	7.350E-4	0.296	0.136	0.326
8.700	5.412E-2	5.291E-3	0.296	0.137	0.327
8.717	5.411E-2	5.310E-3	9.570E-2	-0.315	0.330
8.733	5.731E-2	-5.219E-3	9.576E-2	-0.316	0.330
8.750	5.731E-2	-5.219E-3	0.250	-0.411	0.481
8.767	6.565E-2	-1.891E-2	0.250	-0.411	0.481
8.783	6.565E-2	-1.891E-2	0.528	-0.660	0.845
8.800	8.325E-2	-4.090E-2	0.529	-0.660	0.846
8.817	8.328E-2	-4.092E-2	1.664E-2	-0.175	0.176
8.833	8.381E-2	-4.674E-2	1.682E-2	-0.174	0.175
8.850	8.384E-2	-4.673E-2	8.866E-3	-0.194	0.194
8.867	8.410E-2	-5.320E-2	8.108E-3	-0.194	0.195
8.883	8.411E-2	-5.321E-2	-2.193E-2	-0.118	0.121
8.900	8.337E-2	-5.715E-2	-1.726E-2	-0.113	0.114
8.917	8.353E-2	-5.698E-2	2.979E-2	-0.244	0.246
8.933	8.437E-2	-6.528E-2	2.552E-2	-0.248	0.249
8.950	8.438E-2	-6.523E-2	-0.122	9.433E-2	0.154
8.967	8.030E-2	-6.213E-2	-0.122	9.378E-2	0.154
8.983	8.032E-2	-6.210E-2	-0.489	0.276	0.561
9.000	6.400E-2	-5.294E-2	-0.489	0.274	0.560
9.017	6.404E-2	-5.298E-2	-0.255	0.179	0.311
9.033	5.550E-2	-4.698E-2	-0.255	0.173	0.308
9.050	5.555E-2	-4.721E-2	-0.184	0.507	0.539
9.067	4.935E-2	-3.009E-2	-0.184	0.515	0.547
9.083	4.943E-2	-3.003E-2	3.731E-2	5.684E-2	6.799E-2
9.100	5.060E-2	-2.820E-2	3.460E-2	5.484E-2	6.484E-2
9.117	5.058E-2	-2.821E-2	0.323	0.593	0.676
9.133	6.138E-2	-8.428E-3	0.325	0.594	0.677
9.150	6.142E-2	-8.398E-3	-0.175	9.625E-2	0.200
9.167	5.554E-2	-5.219E-3	-0.176	9.535E-2	0.200
9.183	5.556E-2	-5.219E-3	0.355	0.300	0.465
9.200	6.737E-2	4.776E-3	0.354	0.302	0.465
9.217	6.736E-2	4.838E-3	0.218	-0.246	0.329
9.233	7.465E-2	-3.414E-3	0.214	-0.248	0.327
9.250	7.447E-2	-3.419E-3	0.227	-0.242	0.332
9.267	8.221E-2	-1.147E-2	0.233	-0.241	0.335
9.283	8.225E-2	-1.145E-2	5.105E-2	-0.609	0.611
9.300	8.391E-2	-3.177E-2	5.290E-2	-0.608	0.610
9.317	8.401E-2	-3.172E-2	2.216E-2	-0.343	0.344
9.333	8.465E-2	-4.321E-2	1.813E-2	-0.345	0.346
9.350	8.461E-2	-4.322E-2	-0.157	-0.438	0.465
9.367	7.942E-2	-5.782E-2	-0.157	-0.438	0.466
9.383	7.939E-2	-5.783E-2	-0.347	-0.312	0.467
9.400	6.786E-2	-6.822E-2	-0.347	-0.312	0.467
9.417	6.783E-2	-6.824E-2	5.788E-2	6.042E-2	8.367E-2
9.433	6.979E-2	-6.621E-2	5.767E-2	6.132E-2	8.418E-2
9.450	6.975E-2	-6.619E-2	-0.187	9.619E-2	0.210
9.467	6.355E-2	-6.300E-2	-0.186	9.506E-2	0.209
9.483	6.354E-2	-6.302E-2	-0.623	7.693E-2	0.628
9.500	4.278E-2	-6.044E-2	-0.623	7.760E-2	0.628
9.517	4.278E-2	-6.044E-2	-5.585E-2	0.186	0.194
9.533	4.091E-2	-5.423E-2	-5.399E-2	0.185	0.193
9.550	4.098E-2	-5.426E-2	0.367	0.284	0.464
9.567	5.314E-2	-4.477E-2	0.366	0.284	0.464
9.583	5.319E-2	-4.478E-2	-0.376	0.311	0.487
9.600	4.062E-2	-3.442E-2	-0.252	9.382E-2	0.269
9.617	4.479E-2	-4.165E-2	0.210	0.404	0.455
9.633	4.761E-2	-2.094E-2	8.479E-2	0.623	0.629
9.650	4.761E-2	-2.088E-2	0.251	9.548E-2	0.269
9.667	5.598E-2	-1.776E-2	0.250	9.363E-2	0.267
9.683	5.595E-2	-1.776E-2	0.351	0.343	0.491
9.700	6.769E-2	-6.316E-3	0.352	0.343	0.492
9.717	6.770E-2	-6.327E-3	0.306	6.582E-2	0.313
9.733	7.790E-2	-4.122E-3	0.306	6.648E-2	0.313
9.750	7.790E-2	-4.111E-3	9.245E-2	-5.338E-2	0.107
9.767	8.098E-2	-5.902E-3	9.271E-2	-5.373E-2	0.107
9.783	8.099E-2	-5.902E-3	3.168E-2	-0.368	0.370
9.800	8.204E-2	-1.818E-2	3.023E-2	-0.368	0.370
9.817	8.200E-2	-1.818E-2	-0.118	-0.174	0.210
9.833	7.811E-2	-2.399E-2	-0.118	-0.174	0.210
9.850	7.808E-2	-2.399E-2	-0.183	-0.536	0.566
9.867	7.203E-2	-4.185E-2	-0.183	-0.538	0.568
9.883	7.196E-2	-4.192E-2	-0.358	-0.136	0.383
9.900	6.010E-2	-4.638E-2	-0.356	-0.133	0.380
9.917	6.011E-2	-4.636E-2	0.104	-4.774E-2	0.114
9.933	6.356E-2	-4.797E-2	0.104	-4.828E-2	0.114
9.950	6.356E-2	-4.797E-2	-0.438	-9.385E-2	0.448
9.967	4.896E-2	-5.110E-2	-0.438	-9.385E-2	0.448
9.983	4.896E-2	-5.110E-2	-0.181	0.244	0.304
10.000	4.291E-2	-4.298E-2	-0.182	0.244	0.304
10.017	4.291E-2	-4.296E-2	0.307	6.754E-3	0.307
10.033	5.313E-2	-4.276E-2	0.307	5.988E-3	0.307
10.050	5.313E-2	-4.276E-2	-8.635E-2	0.248	0.263
10.067	5.026E-2	-3.449E-2	-8.716E-2	0.248	0.263
10.083	5.023E-2	-3.449E-2	0.217	0.236	0.320
10.100	5.748E-2	-2.662E-2	0.217	0.235	0.319
10.117	5.745E-2	-2.667E-2	0.362	0.147	0.391
10.133	6.956E-2	-2.173E-2	0.365	0.148	0.394
10.150	6.962E-2	-2.175E-2	4.015E-2	-4.176E-2	5.793E-2
10.167	7.090E-2	-2.312E-2	3.899E-2	-4.174E-2	5.712E-2
10.183	7.092E-2	-2.314E-2	0.154	0.227	0.274
10.200	7.602E-2	-1.556E-2	0.153	0.226	0.273
10.217	7.601E-2	-1.560E-2	0.300	0.111	0.320
10.233	8.601E-2	-1.185E-2	0.300	0.113	0.321
10.250	8.602E-2	-1.182E-2	-0.203	-0.270	0.338
10.267	7.924E-2	-2.086E-2	-0.204	-0.272	0.340
10.283	7.924E-2	-2.089E-2	5.119E-2	-7.663E-2	9.216E-2
10.300	8.094E-2	-2.342E-2	5.127E-2	-7.575E-2	9.147E-2
10.317	8.095E-2	-2.341E-2	-8.351E-2	0.100	0.131
10.333	7.816E-2	-2.007E-2	-8.355E-2	0.101	0.131
10.350	7.816E-2	-2.005E-2	-0.471	-0.257	0.537
10.367	6.245E-2	-2.865E-2	-0.471	-0.258	0.537
10.383	6.246E-2	-2.865E-2	-0.314	-0.304	0.437
10.400	5.200E-2	-3.878E-2	-0.313	-0.298	0.432
10.417	5.204E-2	-3.859E-2	1.841E-2	7.078E-2	7.313E-2
10.433	5.261E-2	-3.642E-2	1.551E-2	6.407E-2	6.592E-2
10.450	5.256E-2	-3.645E-2	-0.197	-0.127	0.234
10.467	4.604E-2	-4.064E-2	-0.196	-0.125	0.232
10.483	4.604E-2	-4.062E-2	-0.267	-7.809E-2	0.278
10.500	3.714E-2	-4.325E-2	-0.266	-7.849E-2	0.278
10.517	3.715E-2	-4.324E-2	0.103	7.670E-2	0.128
10.533	4.056E-2	-4.069E-2	0.103	7.626E-2	0.128
10.550	4.058E-2	-4.070E-2	0.120	0.237	0.265
10.567	4.457E-2	-3.280E-2	0.120	0.237	0.265
10.583	4.456E-2	-3.280E-2	0.311	0.369	0.482
10.600	5.493E-2	-2.051E-2	0.308	0.367	0.479
10.617	5.484E-2	-2.057E-2	0.457	8.484E-2	0.464
10.633	7.015E-2	-1.768E-2	0.458	8.630E-2	0.467
10.650	7.012E-2	-1.769E-2	0.289	-3.398E-2	0.291
10.667	7.980E-2	-1.882E-2	0.365	0.281	0.461
10.683	8.230E-2	-8.330E-3	0.179	-2.953E-2	0.182
10.700	8.577E-2	-1.980E-2	0.104	-0.344	0.359
10.717	8.579E-2	-1.978E-2	5.734E-4	-0.123	0.123
10.733	8.579E-2	-2.390E-2	1.493E-5	-0.124	0.124
10.750	8.579E-2	-2.391E-2	-1.491E-3	-9.184E-2	9.185E-2
10.767	8.574E-2	-2.696E-2	-8.554E-4	-9.313E-2	9.313E-2
10.783	8.576E-2	-2.702E-2	-0.407	1.964E-2	0.407
10.800	7.219E-2	-2.631E-2	-0.406	2.160E-2	0.407
10.817	7.221E-2	-2.630E-2	-0.125	-0.244	0.274
10.833	6.803E-2	-3.444E-2	-0.125	-0.245	0.275
10.850	6.805E-2	-3.447E-2	-0.327	-0.240	0.405
10.867	5.715E-2	-4.245E-2	-0.328	-0.239	0.406
10.883	5.711E-2	-4.244E-2	-0.371	-6.163E-2	0.376
10.900	4.479E-2	-4.450E-2	-0.369	-6.218E-2	0.375
10.917	4.479E-2	-4.451E-2	-0.373	-7.224E-2	0.380
10.933	3.235E-2	-4.691E-2	-0.374	-7.230E-2	0.381
10.950	3.233E-2	-4.692E-2	-0.144	0.324	0.354
10.967	2.756E-2	-3.611E-2	-0.143	0.326	0.356
10.983	2.756E-2	-3.606E-2	1.613E-2	0.177	0.178
11.000	2.810E-2	-3.021E-2	1.480E-2	0.176	0.177
11.017	2.806E-2	-3.019E-2	0.311	4.835E-2	0.315
11.033	3.847E-2	-2.860E-2	0.312	4.740E-2	0.316
11.050	3.846E-2	-2.861E-2	0.402	-0.284	0.492
11.067	5.187E-2	-3.806E-2	0.194	-0.217	0.291
11.083	4.492E-2	-3.585E-2	0.228	0.517	0.565
11.100	5.948E-2	-2.083E-2	0.497	0.389	0.632
11.117	6.150E-2	-2.288E-2	0.431	0.126	0.449
11.133	7.385E-2	-1.664E-2	0.371	0.187	0.415
11.150	7.386E-2	-1.665E-2	0.380	-0.313	0.492
11.167	8.650E-2	-2.709E-2	0.379	-0.311	0.491
11.183	8.650E-2	-2.703E-2	-5.996E-2	0.220	0.228
11.200	8.450E-2	-1.977E-2	-6.130E-2	0.219	0.227
11.217	8.446E-2	-1.974E-2	0.246	-9.311E-2	0.263
11.233	9.272E-2	-2.287E-2	0.248	-9.427E-2	0.265
11.250	9.273E-2	-2.288E-2	-0.305	-0.251	0.396
11.267	8.254E-2	-3.125E-2	-0.306	-0.250	0.396
11.283	8.252E-2	-3.123E-2	-0.289	-0.123	0.314
11.300	7.290E-2	-3.536E-2	-0.289	-0.125	0.315
11.317	7.289E-2	-3.539E-2	-0.108	-2.510E-2	0.111
11.333	6.930E-2	-3.620E-2	-0.187	-4.800E-2	0.193
11.350	6.666E-2	-3.699E-2	-0.422	-7.164E-2	0.428
11.367	5.522E-2	-3.859E-2	-0.343	-4.783E-2	0.347
11.383	5.522E-2	-3.859E-2	-0.126	0.182	0.221
11.400	5.102E-2	-3.253E-2	-0.141	0.182	0.230
11.417	5.053E-2	-3.253E-2	-0.124	-0.194	0.230
11.433	4.688E-2	-3.899E-2	-0.109	-0.196	0.224
11.450	4.688E-2	-3.905E-2	0.000	0.132	0.132
11.467	4.688E-2	-3.461E-2	0.000	0.139	0.139
11.483	4.688E-2	-3.442E-2	0.149	0.238	0.280
11.500	5.183E-2	-2.668E-2	-6.257E-2	0.198	0.208
11.517	4.479E-2	-2.782E-2	4.468E-2	-5.108E-2	6.786E-2
11.533	5.332E-2	-2.838E-2	0.255	-9.444E-3	0.255
11.550	5.328E-2	-2.814E-2	0.431	0.140	0.453
11.567	6.769E-2	-2.371E-2	0.432	0.134	0.452
11.583	6.769E-2	-2.368E-2	0.442	-6.052E-2	0.447
11.600	8.244E-2	-2.572E-2	0.442	-6.155E-2	0.447
11.617	8.243E-2	-2.574E-2	0.246	0.272	0.367
11.633	9.064E-2	-1.664E-2	-0.115	5.548E-2	0.127
11.650	7.861E-2	-2.389E-2	-0.147	-0.158	0.216
11.667	8.574E-2	-2.192E-2	0.214	5.895E-2	0.222
11.683	8.576E-2	-2.192E-2	-3.964E-2	3.184E-2	5.084E-2
11.700	8.442E-2	-2.086E-2	-4.029E-2	3.184E-2	5.135E-2
11.717	8.442E-2	-2.086E-2	-0.187	-0.236	0.301
11.733	7.818E-2	-2.872E-2	-0.185	-0.221	0.288
11.750	7.825E-2	-2.824E-2	-0.188	-0.142	0.236
11.767	7.190E-2	-3.344E-2	-0.190	-0.156	0.246
11.783	7.190E-2	-3.344E-2	-0.558	-2.256E-2	0.559
11.800	5.329E-2	-3.419E-2	-0.557	-2.381E-2	0.558
11.817	5.333E-2	-3.424E-2	-0.192	0.306	0.362
11.833	4.688E-2	-2.399E-2	-0.194	0.307	0.363
11.850	4.688E-2	-2.399E-2	-0.295	-7.899E-2	0.305
11.867	3.705E-2	-2.662E-2	-0.295	-7.901E-2	0.306
11.883	3.703E-2	-2.662E-2	7.243E-2	0.220	0.231
11.900	3.947E-2	-1.930E-2	7.468E-2	0.219	0.232
11.917	3.952E-2	-1.931E-2	-0.123	-0.146	0.191
11.933	3.536E-2	-2.416E-2	-0.126	-0.146	0.193
11.950	3.533E-2	-2.419E-2	0.220	7.069E-2	0.231
11.967	4.270E-2	-2.180E-2	0.221	6.900E-2	0.232
11.983	4.270E-2	-2.189E-2	0.689	-6.567E-2	0.692
12.000	6.565E-2	-2.399E-2	0.691	-6.284E-2	0.694
12.017	6.575E-2	-2.399E-2	0.154	3.075E-2	0.157
12.033	7.078E-2	-2.296E-2	0.153	3.113E-2	0.156
12.050	7.083E-2	-2.295E-2	0.409	-4.033E-2	0.411
12.067	8.441E-2	-2.431E-2	0.406	-4.109E-2	0.408
12.083	8.435E-2	-2.432E-2	-3.135E-2	-3.489E-2	4.691E-2
12.100	8.336E-2	-2.547E-2	-2.690E-2	-4.113E-2	4.914E-2
12.117	8.345E-2	-2.569E-2	2.253E-3	-8.066E-2	8.069E-2
12.133	8.344E-2	-2.816E-2	-1.056E-3	-7.512E-2	7.513E-2
12.150	8.342E-2	-2.820E-2	9.245E-2	0.182	0.204
12.167	8.652E-2	-2.209E-2	9.339E-2	0.183	0.205
12.183	8.653E-2	-2.210E-2	-0.282	-4.866E-2	0.286
12.200	7.713E-2	-2.371E-2	-0.281	-4.834E-2	0.285
12.217	7.716E-2	-2.371E-2	-0.477	-8.427E-2	0.485
12.233	6.122E-2	-2.652E-2	-0.478	-8.558E-2	0.486
12.250	6.122E-2	-2.657E-2	-0.239	-6.389E-2	0.248
12.267	5.323E-2	-2.865E-2	-0.241	-6.248E-2	0.248
12.283	5.320E-2	-2.865E-2	-4.598E-2	4.588E-2	6.495E-2
12.300	5.170E-2	-2.712E-2	-6.449E-2	0.140	0.154
12.317	5.105E-2	-2.399E-2	-0.134	6.361E-2	0.148
12.333	4.725E-2	-2.500E-2	-0.115	-2.834E-2	0.118
12.350	4.723E-2	-2.493E-2	5.139E-2	0.157	0.166
12.367	4.896E-2	-1.975E-2	5.214E-2	0.155	0.164
12.383	4.896E-2	-1.975E-2	-0.209	-6.077E-2	0.218
12.400	4.199E-2	-2.177E-2	-0.210	-6.246E-2	0.219
12.417	4.197E-2	-2.183E-2	0.397	5.772E-3	0.397
12.433	5.522E-2	-2.158E-2	0.397	7.394E-3	0.397
12.450	5.522E-2	-2.159E-2	0.563	5.288E-2	0.566
12.467	7.399E-2	-1.982E-2	0.717	-4.609E-2	0.718
12.483	7.911E-2	-2.312E-2	0.373	-0.202	0.424
12.500	8.643E-2	-2.654E-2	0.219	-0.103	0.242
12.517	8.642E-2	-2.656E-2	0.192	-0.114	0.223
12.533	9.284E-2	-3.032E-2	0.128	-0.142	0.191
12.550	9.067E-2	-3.129E-2	-0.124	0.190	0.227
12.567	8.869E-2	-2.399E-2	-5.952E-2	0.219	0.227
12.583	8.869E-2	-2.399E-2	-4.041E-2	-1.351E-2	4.261E-2
12.600	8.734E-2	-2.444E-2	-4.140E-2	-1.434E-2	4.381E-2
12.617	8.731E-2	-2.447E-2	-0.396	-0.186	0.438
12.633	7.414E-2	-3.065E-2	-0.394	-0.186	0.436
12.650	7.417E-2	-3.067E-2	-0.397	-0.127	0.416
12.667	6.092E-2	-3.488E-2	-0.398	-0.127	0.418
12.683	6.089E-2	-3.489E-2	-0.241	0.407	0.473
12.700	5.289E-2	-2.132E-2	-0.238	0.407	0.472
12.717	5.295E-2	-2.132E-2	9.722E-3	-0.211	0.211
12.733	5.322E-2	-2.834E-2	7.384E-3	-0.211	0.211
12.750	5.319E-2	-2.835E-2	-9.433E-2	-1.711E-2	9.587E-2
12.767	5.007E-2	-2.891E-2	-9.343E-2	-1.548E-2	9.471E-2
12.783	5.008E-2	-2.887E-2	-0.436	0.103	0.449
12.800	3.552E-2	-2.547E-2	-0.437	0.102	0.449
12.817	3.550E-2	-2.548E-2	0.344	-0.209	0.402
12.833	4.698E-2	-3.242E-2	0.343	-0.207	0.401
12.850	4.694E-2	-3.238E-2	0.181	-2.764E-2	0.183
12.867	5.300E-2	-3.334E-2	0.532	6.221E-3	0.532
12.883	6.466E-2	-3.218E-2	0.254	0.266	0.368
12.900	6.148E-2	-2.449E-2	-9.437E-2	0.232	0.250
12.917	6.152E-2	-2.446E-2	0.438	1.517E-2	0.438
12.933	7.608E-2	-2.399E-2	0.562	3.941E-2	0.563
12.950	8.025E-2	-2.315E-2	-6.274E-2	-0.122	0.137
12.967	7.398E-2	-2.804E-2	-0.188	-0.147	0.239
12.983	7.397E-2	-2.805E-2	0.347	-5.066E-2	0.350
13.000	8.554E-2	-2.973E-2	0.346	-5.190E-2	0.350
13.017	8.550E-2	-2.978E-2	2.805E-2	-1.488E-2	3.176E-2
13.033	8.647E-2	-3.022E-2	2.899E-2	-1.298E-2	3.177E-2
13.050	8.647E-2	-3.021E-2	-0.437	1.213E-2	0.437
13.067	7.190E-2	-2.982E-2	-0.436	1.326E-2	0.436
13.083	7.194E-2	-2.977E-2	-0.525	0.137	0.542
13.100	5.441E-2	-2.525E-2	-0.523	0.128	0.538
13.117	5.450E-2	-2.551E-2	-0.179	3.858E-2	0.184
13.133	4.843E-2	-2.396E-2	-0.184	4.713E-2	0.190
13.150	4.836E-2	-2.394E-2	-1.552E-2	-0.190	0.191
13.167	4.791E-2	-3.031E-2	-1.362E-2	-0.192	0.192
13.183	4.791E-2	-3.033E-2	9.422E-2	0.377	0.389
13.200	5.105E-2	-1.773E-2	9.427E-2	0.378	0.389
13.217	5.105E-2	-1.773E-2	0.122	-0.126	0.176
13.233	5.512E-2	-2.194E-2	0.124	-0.126	0.176
13.250	5.517E-2	-2.192E-2	-3.826E-2	0.162	0.166
13.267	5.385E-2	-1.654E-2	-3.990E-2	0.161	0.166
13.283	5.384E-2	-1.655E-2	0.378	-8.405E-2	0.387
13.300	6.646E-2	-1.935E-2	0.382	-8.281E-2	0.391
13.317	6.658E-2	-1.931E-2	0.320	-0.108	0.338
13.333	7.712E-2	-2.295E-2	0.316	-0.109	0.335
13.350	7.712E-2	-2.295E-2	9.385E-2	-0.313	0.327
13.367	8.025E-2	-3.337E-2	9.385E-2	-0.313	0.327
13.383	8.025E-2	-3.337E-2	0.129	-1.397E-4	0.129
13.400	8.456E-2	-3.338E-2	0.130	-1.511E-3	0.130
13.417	8.460E-2	-3.342E-2	-6.671E-2	9.399E-2	0.115
13.433	8.233E-2	-3.025E-2	-6.791E-2	9.536E-2	0.117
13.450	8.233E-2	-3.025E-2	1.564E-2	0.183	0.183
13.467	8.285E-2	-2.416E-2	1.564E-2	0.182	0.182
13.483	8.285E-2	-2.419E-2	-0.518	-1.256E-2	0.518
13.500	6.560E-2	-2.458E-2	-0.517	-1.116E-2	0.518
13.517	6.560E-2	-2.456E-2	-0.149	0.148	0.210
13.533	6.062E-2	-1.966E-2	-0.149	0.148	0.210
13.550	6.063E-2	-1.964E-2	-0.210	-0.293	0.361
13.567	5.361E-2	-2.942E-2	-0.211	-0.293	0.361
13.583	5.360E-2	-2.942E-2	-0.298	-8.688E-2	0.310
13.600	4.370E-2	-3.232E-2	-0.296	-8.690E-2	0.309
13.617	4.373E-2	-3.232E-2	-0.156	0.275	0.316
13.633	3.851E-2	-2.316E-2	-0.158	0.274	0.317
13.650	3.845E-2	-2.317E-2	0.126	0.100	0.161
13.667	4.271E-2	-1.982E-2	0.128	9.674E-2	0.160
13.683	4.271E-2	-1.995E-2	0.250	0.000	0.250
13.700	5.105E-2	-1.982E-2	0.250	3.910E-3	0.250
13.717	5.105E-2	-1.982E-2	0.371	-6.257E-2	0.377
13.733	6.343E-2	-2.190E-2	0.371	-6.257E-2	0.377
13.750	6.343E-2	-2.190E-2	0.129	-0.309	0.335
13.767	6.773E-2	-3.220E-2	0.129	-0.309	0.335
13.783	6.773E-2	-3.220E-2	0.138	0.124	0.186
13.800	7.235E-2	-2.808E-2	0.139	0.122	0.185
13.817	7.237E-2	-2.812E-2	0.456	-6.491E-2	0.461
13.833	8.755E-2	-3.025E-2	0.487	1.443E-2	0.487
13.850	8.859E-2	-2.764E-2	-0.405	0.225	0.463
13.867	7.405E-2	-2.275E-2	-0.437	0.145	0.461
13.883	7.401E-2	-2.280E-2	2.205E-2	0.124	0.126
13.900	7.478E-2	-1.863E-2	2.331E-2	0.125	0.127
13.917	7.478E-2	-1.864E-2	-8.859E-2	-3.676E-2	9.591E-2
13.933	7.183E-2	-1.986E-2	-8.837E-2	-3.654E-2	9.562E-2
13.950	7.184E-2	-1.986E-2	-0.312	-0.249	0.399
13.967	6.142E-2	-2.814E-2	-0.312	-0.248	0.399
13.983	6.144E-2	-2.814E-2	-0.186	3.071E-2	0.189
14.000	5.522E-2	-2.712E-2	-0.186	3.062E-2	0.189
14.017	5.522E-2	-2.712E-2	3.910E-3	-9.888E-2	9.895E-2
14.033	5.535E-2	-3.041E-2	4.236E-3	-0.102	0.102
14.050	5.536E-2	-3.051E-2	1.248E-2	5.456E-2	5.597E-2
14.067	5.577E-2	-2.859E-2	-6.680E-2	-5.991E-2	8.973E-2
14.083	5.313E-2	-3.250E-2	-0.141	0.149	0.205
14.100	5.107E-2	-2.363E-2	-6.138E-2	0.266	0.273
14.117	5.109E-2	-2.363E-2	0.123	4.090E-2	0.130
14.133	5.518E-2	-2.227E-2	0.122	4.223E-2	0.130
14.150	5.517E-2	-2.222E-2	0.383	-0.241	0.453
14.167	6.794E-2	-3.031E-2	0.383	-0.242	0.453
14.183	6.794E-2	-3.028E-2	0.307	0.309	0.435
14.200	7.816E-2	-2.002E-2	0.307	0.308	0.435
14.217	7.816E-2	-2.001E-2	0.378	-0.239	0.447
14.233	9.076E-2	-2.798E-2	0.377	-0.240	0.447
14.250	9.072E-2	-2.802E-2	-0.286	-0.113	0.307
14.267	8.124E-2	-3.173E-2	-0.284	-0.111	0.305
14.283	8.124E-2	-3.173E-2	-0.249	0.162	0.297
14.300	7.293E-2	-2.634E-2	-0.250	0.162	0.298
14.317	7.292E-2	-2.634E-2	-0.195	7.057E-2	0.207
14.333	6.643E-2	-2.399E-2	-0.195	7.446E-2	0.209
14.350	6.643E-2	-2.386E-2	-0.280	4.745E-2	0.284
14.367	5.710E-2	-2.241E-2	-0.279	4.502E-2	0.282
14.383	5.713E-2	-2.236E-2	-0.218	-0.360	0.421
14.400	4.982E-2	-3.442E-2	-0.220	-0.358	0.420
14.417	4.980E-2	-3.429E-2	-4.128E-3	-1.862E-4	4.132E-3
14.433	4.968E-2	-3.442E-2	-4.131E-3	-5.214E-3	6.652E-3
14.450	4.966E-2	-3.446E-2	-0.335	0.186	0.383
14.467	3.851E-2	-2.823E-2	-0.335	0.187	0.384
14.483	3.849E-2	-2.822E-2	3.113E-2	0.191	0.193
14.500	3.955E-2	-2.187E-2	3.059E-2	0.191	0.194
14.517	3.951E-2	-2.185E-2	0.279	-0.282	0.397
14.533	4.884E-2	-3.128E-2	0.281	-0.282	0.398
14.550	4.888E-2	-3.125E-2	0.283	7.840E-2	0.294
14.567	5.828E-2	-2.867E-2	0.282	7.192E-2	0.291
14.583	5.827E-2	-2.885E-2	0.486	-0.187	0.521
14.600	7.447E-2	-3.490E-2	0.486	-0.181	0.519
14.617	7.447E-2	-3.489E-2	0.342	0.188	0.390
14.633	8.586E-2	-2.863E-2	-1.521E-2	0.234	0.235
14.650	7.396E-2	-2.708E-2	-0.356	6.408E-2	0.362
14.667	7.398E-2	-2.650E-2	4.895E-5	1.637E-2	1.637E-2
14.683	7.396E-2	-2.654E-2	-3.470E-2	6.234E-2	7.135E-2
14.700	7.282E-2	-2.442E-2	-3.875E-2	6.347E-2	7.436E-2
14.717	7.267E-2	-2.442E-2	2.561E-2	-0.195	0.196
14.733	7.367E-2	-3.091E-2	3.111E-2	-0.194	0.197
14.750	7.371E-2	-3.090E-2	-8.584E-2	6.138E-2	0.106
14.767	7.081E-2	-2.887E-2	-8.603E-2	5.994E-2	0.105
14.783	7.084E-2	-2.890E-2	-9.378E-2	6.881E-2	0.116
14.800	6.769E-2	-2.657E-2	-9.566E-2	7.067E-2	0.119
14.817	6.765E-2	-2.654E-2	-0.373	-0.310	0.485
14.833	5.526E-2	-3.691E-2	-0.372	-0.312	0.486
14.850	5.524E-2	-3.695E-2	-2.593E-2	6.316E-2	6.828E-2
14.867	5.440E-2	-3.481E-2	-2.408E-2	6.236E-2	6.685E-2
14.883	5.444E-2	-3.487E-2	2.407E-2	-3.724E-4	2.408E-2
14.900	5.520E-2	-3.482E-2	2.296E-2	-3.161E-4	2.296E-2
14.917	5.520E-2	-3.488E-2	0.194	0.343	0.394
14.933	6.167E-2	-2.338E-2	0.194	0.344	0.395
14.950	6.167E-2	-2.342E-2	5.639E-2	-0.398	0.402
14.967	6.355E-2	-3.666E-2	5.621E-2	-0.398	0.402
14.983	6.355E-2	-3.667E-2	0.188	0.130	0.229
15.000	6.982E-2	-3.233E-2	0.188	0.130	0.229
15.017	6.982E-2	-3.233E-2	0.141	1.760E-2	0.143
15.033	7.453E-2	-3.174E-2	0.125	1.110E-2	0.126
15.050	7.399E-2	-3.196E-2	0.296	3.758E-2	0.298
15.067	8.439E-2	-3.049E-2	0.311	4.609E-2	0.315
15.083	8.437E-2	-3.042E-2	-0.182	0.217	0.284
15.100	7.831E-2	-2.325E-2	-0.182	0.220	0.285
15.117	7.832E-2	-2.309E-2	-0.255	4.029E-2	0.258
15.133	6.982E-2	-2.190E-2	-0.255	3.574E-2	0.257
15.150	6.982E-2	-2.190E-2	0.153	-0.255	0.297
15.167	7.491E-2	-3.041E-2	0.155	-0.257	0.300
15.183	7.498E-2	-3.047E-2	-0.654	5.822E-3	0.654
15.200	5.310E-2	-3.021E-2	-0.657	7.689E-3	0.657
15.217	5.310E-2	-3.021E-2	-0.243	6.477E-2	0.251
15.233	4.501E-2	-2.805E-2	-0.245	6.344E-2	0.253
15.250	4.495E-2	-2.810E-2	2.517E-2	-2.348E-2	3.443E-2
15.267	4.585E-2	-2.884E-2	2.585E-2	-1.805E-2	3.153E-2
15.283	4.581E-2	-2.870E-2	-7.074E-2	-0.107	0.128
15.300	4.349E-2	-3.240E-2	-6.747E-2	-0.110	0.129
15.317	4.356E-2	-3.235E-2	0.133	-2.911E-2	0.136
15.333	4.792E-2	-3.337E-2	0.131	-3.057E-2	0.134
15.350	4.792E-2	-3.337E-2	0.282	0.164	0.327
15.367	5.733E-2	-2.790E-2	0.279	0.161	0.322
15.383	5.722E-2	-2.800E-2	0.437	-7.039E-2	0.443
15.400	7.190E-2	-3.025E-2	0.441	-6.741E-2	0.446
15.417	7.190E-2	-3.025E-2	0.249	3.411E-2	0.251
15.433	8.019E-2	-2.911E-2	0.248	3.327E-2	0.250
15.450	8.017E-2	-2.914E-2	0.144	2.888E-2	0.147
15.467	8.498E-2	-2.815E-2	0.145	3.009E-2	0.148
15.483	8.501E-2	-2.813E-2	-0.236	0.187	0.301
15.500	7.712E-2	-2.190E-2	-0.145	0.117	0.187
15.517	8.017E-2	-2.423E-2	-0.267	2.490E-2	0.268
15.533	6.821E-2	-2.107E-2	-0.358	9.468E-2	0.371
15.550	6.822E-2	-2.107E-2	0.237	-0.182	0.299
15.567	7.612E-2	-2.713E-2	0.237	-0.182	0.299
15.583	7.613E-2	-2.714E-2	-0.189	-9.408E-2	0.211
15.600	6.982E-2	-3.026E-2	-0.189	-9.357E-2	0.211
15.617	6.982E-2	-3.026E-2	-0.184	-6.219E-2	0.194
15.633	6.370E-2	-3.234E-2	-0.183	-6.297E-2	0.194
15.650	6.371E-2	-3.236E-2	-0.191	-7.666E-2	0.206
15.667	5.733E-2	-3.489E-2	-0.191	-7.580E-2	0.205
15.683	5.736E-2	-3.489E-2	-2.024E-3	0.108	0.108
15.700	5.726E-2	-3.128E-2	-2.306E-3	0.108	0.108
15.717	5.728E-2	-3.128E-2	7.706E-2	1.021E-3	7.706E-2
15.733	5.983E-2	-3.125E-2	7.722E-2	7.020E-4	7.723E-2
15.750	5.985E-2	-3.126E-2	0.266	0.139	0.300
15.767	6.869E-2	-2.661E-2	0.178	0.104	0.207
15.783	6.580E-2	-2.778E-2	-3.107E-2	-0.185	0.188
15.800	6.765E-2	-3.278E-2	5.626E-2	-0.150	0.160
15.817	6.768E-2	-3.278E-2	0.190	6.279E-2	0.200
15.833	7.397E-2	-3.069E-2	0.189	6.229E-2	0.199
15.850	7.397E-2	-3.071E-2	0.140	-6.719E-2	0.156
15.867	7.865E-2	-3.293E-2	0.138	-6.794E-2	0.154
15.883	7.856E-2	-3.297E-2	0.227	7.432E-2	0.239
15.900	8.622E-2	-3.045E-2	0.227	7.482E-2	0.239
15.917	8.611E-2	-3.048E-2	-0.112	9.243E-4	0.112
15.933	8.250E-2	-3.042E-2	-0.108	1.223E-3	0.108
15.950	8.251E-2	-3.044E-2	-0.324	-0.120	0.345
15.967	7.170E-2	-3.441E-2	-0.323	-0.120	0.345
15.983	7.173E-2	-3.443E-2	-0.297	0.441	0.532
16.000	6.179E-2	-1.970E-2	-0.308	0.438	0.536
16.017	6.148E-2	-1.982E-2	-0.193	-0.191	0.272
16.033	5.534E-2	-2.606E-2	-0.186	-0.187	0.263
16.050	5.528E-2	-2.604E-2	-0.268	-0.249	0.366
16.067	4.639E-2	-3.437E-2	-0.266	-0.250	0.365
16.083	4.642E-2	-3.439E-2	0.118	1.246E-2	0.119
16.100	5.033E-2	-3.396E-2	0.118	1.294E-2	0.118
16.117	5.034E-2	-3.396E-2	-0.213	0.410	0.462
16.133	4.325E-2	-2.029E-2	-0.211	0.411	0.462
16.150	4.330E-2	-2.027E-2	0.602	-0.313	0.678
16.167	6.330E-2	-3.072E-2	0.752	-0.265	0.798
16.183	6.838E-2	-2.910E-2	0.355	4.392E-2	0.358
16.200	7.513E-2	-2.926E-2	0.202	-4.648E-3	0.202
16.217	7.511E-2	-2.925E-2	-5.666E-2	-0.215	0.222
16.233	7.324E-2	-3.643E-2	-5.574E-2	-0.215	0.222
16.250	7.325E-2	-3.643E-2	0.235	4.746E-2	0.240
16.267	8.108E-2	-3.485E-2	0.234	4.587E-2	0.239
16.283	8.107E-2	-3.490E-2	-0.209	0.157	0.261
16.300	7.411E-2	-2.962E-2	-0.210	0.158	0.263
16.317	7.406E-2	-2.964E-2	-6.616E-2	1.408E-2	6.764E-2
16.333	7.190E-2	-2.915E-2	-6.327E-2	1.439E-2	6.488E-2
16.350	7.195E-2	-2.916E-2	-0.127	-4.606E-2	0.135
16.367	6.768E-2	-3.069E-2	-0.128	-4.581E-2	0.136
16.383	6.770E-2	-3.068E-2	8.881E-4	0.265	0.265
16.400	6.771E-2	-2.186E-2	4.075E-4	0.265	0.265
16.417	6.771E-2	-2.186E-2	-0.309	-0.350	0.467
16.433	5.742E-2	-3.354E-2	-0.309	-0.351	0.468
16.450	5.740E-2	-3.358E-2	-0.182	9.891E-2	0.208
16.467	5.134E-2	-3.025E-2	-0.182	0.100	0.208
16.483	5.133E-2	-3.025E-2	-1.845E-2	6.573E-2	6.827E-2
16.500	5.072E-2	-2.805E-2	-1.688E-2	6.391E-2	6.611E-2
16.517	5.076E-2	-2.812E-2	-4.510E-2	0.187	0.192
16.533	4.922E-2	-2.182E-2	-4.736E-2	0.188	0.194
16.550	4.919E-2	-2.186E-2	0.222	-7.999E-2	0.236
16.567	5.662E-2	-2.449E-2	0.221	-7.789E-2	0.235
16.583	5.656E-2	-2.445E-2	0.521	-0.126	0.536
16.600	7.399E-2	-2.867E-2	0.522	-0.126	0.537
16.617	7.396E-2	-2.865E-2	-4.050E-2	6.282E-2	7.475E-2
16.633	7.264E-2	-2.658E-2	-4.093E-2	6.207E-2	7.435E-2
16.650	7.259E-2	-2.658E-2	-6.394E-2	-1.586E-4	6.394E-2
16.667	7.051E-2	-2.658E-2	-6.271E-2	3.682E-4	6.271E-2
16.683	7.050E-2	-2.656E-2	0.337	-0.142	0.365
16.700	8.172E-2	-3.132E-2	0.337	-0.143	0.366
16.717	8.172E-2	-3.132E-2	2.228E-2	9.495E-2	9.753E-2
16.733	8.247E-2	-2.816E-2	2.371E-2	9.485E-2	9.776E-2
16.750	8.251E-2	-2.816E-2	-0.163	4.734E-3	0.163
16.767	7.704E-2	-2.800E-2	-0.164	2.070E-3	0.164
16.783	7.703E-2	-2.809E-2	-0.535	0.301	0.614
16.800	5.922E-2	-1.798E-2	-0.535	0.304	0.615
16.817	5.920E-2	-1.797E-2	-0.149	-0.274	0.312
16.833	5.425E-2	-2.712E-2	-0.181	-0.428	0.465
16.850	5.318E-2	-3.225E-2	-3.465E-2	-3.198E-2	4.715E-2
16.867	5.309E-2	-2.818E-2	-2.594E-3	0.122	0.122
16.883	5.309E-2	-2.818E-2	1.192E-3	-6.187E-2	6.188E-2
16.900	5.313E-2	-3.025E-2	1.238E-3	-6.203E-2	6.204E-2
16.917	5.313E-2	-3.025E-2	-0.122	0.294	0.319
16.933	4.906E-2	-2.043E-2	-0.122	0.295	0.320
16.950	4.906E-2	-2.040E-2	0.248	-4.178E-2	0.251
16.967	5.732E-2	-2.182E-2	0.249	-4.275E-2	0.252
16.983	5.736E-2	-2.183E-2	0.186	0.124	0.223
17.000	6.351E-2	-1.769E-2	0.185	0.124	0.222
17.017	6.351E-2	-1.769E-2	0.502	-0.377	0.628
17.033	8.025E-2	-3.025E-2	0.502	-0.378	0.628
17.050	8.025E-2	-3.028E-2	0.103	-1.799E-3	0.103
17.067	8.367E-2	-3.031E-2	0.103	-2.382E-3	0.103
17.083	8.367E-2	-3.036E-2	1.206E-2	3.118E-2	3.343E-2
17.100	8.407E-2	-2.927E-2	1.213E-2	3.324E-2	3.538E-2
17.117	8.408E-2	-2.925E-2	-0.304	-7.067E-2	0.312
17.133	7.395E-2	-3.162E-2	-0.304	-7.162E-2	0.312
17.150	7.396E-2	-3.164E-2	2.086E-2	0.171	0.173
17.167	7.464E-2	-2.591E-2	2.162E-2	0.172	0.173
17.183	7.468E-2	-2.590E-2	-0.141	8.493E-2	0.164
17.200	6.995E-2	-2.308E-2	-0.142	8.461E-2	0.165
17.217	6.995E-2	-2.308E-2	-0.510	-0.150	0.531
17.233	5.297E-2	-2.808E-2	-0.511	-0.150	0.532
17.250	5.293E-2	-2.809E-2	0.255	0.248	0.356
17.267	6.148E-2	-1.980E-2	0.256	0.249	0.357
17.283	6.148E-2	-1.980E-2	-0.188	0.191	0.268
17.300	5.522E-2	-1.344E-2	-0.188	0.189	0.267
17.317	5.522E-2	-1.349E-2	-7.161E-2	-0.144	0.161
17.333	5.283E-2	-1.824E-2	-7.228E-2	-0.142	0.159
17.350	5.281E-2	-1.821E-2	0.101	-1.385E-2	0.102
17.367	5.619E-2	-1.870E-2	0.102	-1.602E-2	0.104
17.383	5.622E-2	-1.874E-2	0.360	-0.393	0.532
17.400	6.818E-2	-3.179E-2	0.359	-0.391	0.531
17.417	6.819E-2	-3.177E-2	6.332E-2	0.117	0.133
17.433	7.029E-2	-2.790E-2	6.290E-2	0.116	0.132
17.450	7.028E-2	-2.790E-2	0.206	0.196	0.284
17.467	7.715E-2	-2.137E-2	0.207	0.197	0.286
17.483	7.720E-2	-2.132E-2	-0.149	-0.352	0.383
17.500	7.216E-2	-3.311E-2	-0.153	-0.353	0.385
17.517	7.210E-2	-3.309E-2	6.000E-2	0.181	0.191
17.533	7.416E-2	-2.707E-2	6.232E-2	0.181	0.191
17.550	7.418E-2	-2.706E-2	-0.241	1.124E-3	0.241
17.567	6.613E-2	-2.703E-2	-0.242	7.717E-6	0.242
17.583	6.611E-2	-2.706E-2	-0.188	-3.169E-2	0.190
17.600	5.987E-2	-2.809E-2	-0.188	-3.148E-2	0.190
17.617	5.986E-2	-2.811E-2	-0.194	0.218	0.292
17.633	5.340E-2	-2.083E-2	-0.191	0.219	0.290
17.650	5.349E-2	-2.083E-2	2.607E-3	2.144E-4	2.616E-3
17.667	5.348E-2	-2.082E-2	-1.369E-3	4.748E-5	1.369E-3
17.683	5.345E-2	-2.082E-2	0.304	-9.332E-2	0.318
17.700	6.360E-2	-2.393E-2	0.305	-9.348E-2	0.319
17.717	6.361E-2	-2.394E-2	-0.192	0.185	0.266
17.733	5.722E-2	-1.777E-2	-0.191	0.185	0.266
17.750	5.725E-2	-1.777E-2	0.312	-7.064E-2	0.319
17.767	6.761E-2	-2.013E-2	0.311	-7.122E-2	0.319
17.783	6.761E-2	-2.014E-2	0.103	-0.241	0.263
17.800	7.104E-2	-2.818E-2	0.104	-0.242	0.264
17.817	7.107E-2	-2.822E-2	8.795E-2	2.009E-2	9.022E-2
17.833	7.397E-2	-2.751E-2	8.646E-2	1.746E-2	8.821E-2
17.850	7.395E-2	-2.764E-2	-0.189	-0.100	0.214
17.867	6.766E-2	-3.086E-2	-0.189	-9.605E-2	0.212
17.883	6.766E-2	-3.084E-2	0.147	0.130	0.196
17.900	7.256E-2	-2.653E-2	0.149	0.130	0.198
17.917	7.262E-2	-2.651E-2	0.144	-7.231E-2	0.161
17.933	7.736E-2	-2.894E-2	0.143	-7.255E-2	0.160
17.950	7.738E-2	-2.892E-2	-0.140	5.554E-2	0.151
17.967	7.269E-2	-2.708E-2	-0.139	5.668E-2	0.150
17.983	7.275E-2	-2.703E-2	-0.199	9.573E-2	0.221
18.000	6.604E-2	-2.389E-2	-0.204	9.269E-2	0.224
18.017	6.595E-2	-2.395E-2	5.220E-2	2.426E-2	5.756E-2
18.033	6.778E-2	-2.309E-2	5.452E-2	2.419E-2	5.965E-2
18.050	6.777E-2	-2.314E-2	-0.470	0.179	0.503
18.067	5.211E-2	-1.713E-2	-0.469	0.178	0.502
18.083	5.213E-2	-1.720E-2	-4.075E-2	-0.175	0.179
18.100	5.075E-2	-2.295E-2	-4.144E-2	-0.174	0.179
18.117	5.075E-2	-2.299E-2	0.414	-0.190	0.456
18.133	6.456E-2	-2.928E-2	0.414	-0.189	0.455
18.150	6.457E-2	-2.928E-2	3.178E-2	-0.127	0.131
18.167	6.562E-2	-3.351E-2	3.098E-2	-0.128	0.132
18.183	6.560E-2	-3.354E-2	0.123	0.125	0.175
18.200	6.972E-2	-2.935E-2	0.125	0.124	0.176
18.217	6.976E-2	-2.942E-2	8.126E-2	-6.103E-2	0.102
18.233	7.243E-2	-3.139E-2	8.124E-2	-5.835E-2	0.100
18.250	7.247E-2	-3.136E-2	3.676E-2	4.533E-2	5.836E-2
18.267	7.365E-2	-2.988E-2	3.652E-2	4.257E-2	5.609E-2
18.283	7.369E-2	-2.994E-2	-0.163	-0.114	0.199
18.300	6.820E-2	-3.366E-2	-0.164	-0.112	0.199
18.317	6.821E-2	-3.369E-2	-6.230E-2	0.164	0.176
18.333	6.613E-2	-2.818E-2	0.142	0.102	0.175
18.350	7.295E-2	-3.028E-2	-0.242	0.143	0.281
18.367	5.807E-2	-2.341E-2	-0.448	0.208	0.494
18.383	5.801E-2	-2.337E-2	0.287	0.108	0.307
18.400	6.764E-2	-1.982E-2	0.290	0.106	0.309
18.417	6.768E-2	-1.982E-2	-0.341	-2.550E-4	0.341
18.433	5.626E-2	-1.983E-2	-0.344	-1.650E-3	0.344
18.450	5.621E-2	-1.987E-2	0.207	6.146E-2	0.216
18.467	6.315E-2	-1.778E-2	0.208	6.269E-2	0.217
18.483	6.313E-2	-1.778E-2	-1.956E-2	-5.044E-2	5.409E-2
18.500	6.250E-2	-1.946E-2	-1.995E-2	-5.035E-2	5.416E-2
18.517	6.247E-2	-1.946E-2	-0.102	-0.322	0.338
18.533	5.909E-2	-3.021E-2	-0.101	-0.324	0.339
18.550	5.910E-2	-3.025E-2	0.380	2.910E-2	0.381
18.567	7.176E-2	-2.924E-2	0.379	2.943E-2	0.380
18.583	7.173E-2	-2.927E-2	0.139	-9.353E-2	0.168
18.600	7.639E-2	-3.236E-2	0.140	-9.239E-2	0.168
18.617	7.639E-2	-3.235E-2	-0.221	-1.804E-3	0.221
18.633	6.901E-2	-3.242E-2	-0.222	-1.287E-3	0.222
18.650	6.897E-2	-3.240E-2	5.912E-2	3.115E-2	6.682E-2
18.667	7.098E-2	-3.138E-2	5.857E-2	3.102E-2	6.628E-2
18.683	7.093E-2	-3.136E-2	-9.353E-2	0.350	0.362
18.700	6.786E-2	-1.972E-2	-8.964E-2	0.348	0.360
18.717	6.794E-2	-1.975E-2	0.247	-0.132	0.281
18.733	7.611E-2	-2.412E-2	0.246	-0.131	0.279
18.750	7.614E-2	-2.412E-2	-0.332	0.240	0.410
18.767	6.505E-2	-1.611E-2	-0.332	0.240	0.410
18.783	6.507E-2	-1.611E-2	-0.469	-0.173	0.499
18.800	4.943E-2	-2.187E-2	-0.469	-0.173	0.500
18.817	4.942E-2	-2.186E-2	7.480E-2	0.123	0.144
18.833	5.193E-2	-1.777E-2	7.550E-2	0.123	0.144
18.850	5.194E-2	-1.776E-2	0.161	-0.342	0.379
18.867	5.731E-2	-2.918E-2	0.164	-0.343	0.380
18.883	5.740E-2	-2.918E-2	-4.602E-2	0.187	0.193
18.900	5.577E-2	-2.294E-2	-4.792E-2	0.187	0.193
18.917	5.580E-2	-2.294E-2	4.716E-2	-2.213E-4	4.716E-2
18.933	5.734E-2	-2.295E-2	4.578E-2	-3.314E-4	4.578E-2
18.950	5.733E-2	-2.295E-2	0.437	-0.180	0.472
18.967	7.190E-2	-2.893E-2	0.437	-0.179	0.473
18.983	7.190E-2	-2.893E-2	-6.178E-2	-0.188	0.198
19.000	6.984E-2	-3.519E-2	-6.234E-2	-0.188	0.198
19.017	6.983E-2	-3.519E-2	1.584E-2	0.119	0.120
19.033	7.037E-2	-3.123E-2	1.618E-2	0.118	0.119
19.050	7.037E-2	-3.124E-2	6.300E-2	-2.388E-2	6.738E-2
19.067	7.247E-2	-3.203E-2	6.348E-2	-2.413E-2	6.791E-2
19.083	7.248E-2	-3.205E-2	-0.176	0.293	0.342
19.100	6.662E-2	-2.225E-2	-0.176	0.295	0.343
19.117	6.661E-2	-2.223E-2	0.114	0.136	0.178
19.133	7.043E-2	-1.772E-2	0.114	0.135	0.177
19.150	7.042E-2	-1.772E-2	-4.750E-2	-0.133	0.141
19.167	6.885E-2	-2.216E-2	-5.020E-2	-0.135	0.144
19.183	6.875E-2	-2.221E-2	-0.409	-0.117	0.425
19.200	5.522E-2	-2.607E-2	-0.406	-0.116	0.422
19.217	5.522E-2	-2.607E-2	0.000	-6.970E-2	6.970E-2
19.233	5.522E-2	-2.840E-2	0.000	-6.986E-2	6.986E-2
19.250	5.522E-2	-2.840E-2	-6.048E-2	0.136	0.148
19.267	5.320E-2	-2.388E-2	-6.131E-2	0.135	0.148
19.283	5.318E-2	-2.390E-2	0.319	-0.311	0.446
19.300	6.384E-2	-3.425E-2	0.321	-0.309	0.446
19.317	6.389E-2	-3.422E-2	1.120E-2	1.715E-3	1.133E-2
19.333	6.421E-2	-3.420E-2	9.678E-3	6.253E-4	9.698E-3
19.350	6.421E-2	-3.420E-2	0.180	0.124	0.219
19.367	7.022E-2	-3.005E-2	0.182	0.125	0.221
19.383	7.028E-2	-3.004E-2	0.113	0.186	0.218
19.400	7.399E-2	-2.386E-2	0.111	0.183	0.214
19.417	7.399E-2	-2.394E-2	0.272	-0.181	0.327
19.433	8.304E-2	-2.990E-2	0.272	-0.181	0.327
19.450	8.307E-2	-2.996E-2	-0.146	-2.774E-2	0.149
19.467	7.817E-2	-3.083E-2	-0.147	-2.350E-2	0.149
19.483	7.817E-2	-3.074E-2	-0.512	0.348	0.619
19.500	6.110E-2	-1.922E-2	-0.510	0.345	0.616
19.517	6.117E-2	-1.923E-2	0.133	-0.332	0.358
19.533	6.555E-2	-3.028E-2	0.132	-0.332	0.357
19.550	6.558E-2	-3.028E-2	-0.117	-2.404E-4	0.117
19.567	6.165E-2	-3.029E-2	-0.118	-7.240E-4	0.118
19.583	6.163E-2	-3.031E-2	-0.356	0.314	0.475
19.600	4.980E-2	-1.981E-2	-0.355	0.315	0.475
19.617	4.980E-2	-1.980E-2	9.397E-2	-0.375	0.387
19.633	5.293E-2	-3.230E-2	9.263E-2	-0.375	0.386
19.650	5.289E-2	-3.231E-2	6.801E-2	0.158	0.172
19.667	5.520E-2	-2.703E-2	6.859E-2	0.158	0.173
19.683	5.518E-2	-2.703E-2	0.133	-3.174E-2	0.137
19.700	5.964E-2	-2.808E-2	0.132	-3.159E-2	0.136
19.717	5.958E-2	-2.808E-2	0.205	-2.063E-2	0.206
19.733	6.648E-2	-2.877E-2	0.207	-2.060E-2	0.208
19.750	6.648E-2	-2.877E-2	4.906E-3	0.162	0.162
19.767	6.664E-2	-2.337E-2	3.114E-3	0.162	0.162
19.783	6.658E-2	-2.337E-2	3.492E-2	4.233E-2	5.487E-2
19.800	6.781E-2	-2.196E-2	3.552E-2	4.263E-2	5.549E-2
19.817	6.777E-2	-2.195E-2	0.128	4.367E-2	0.135
19.833	7.207E-2	-2.050E-2	0.133	4.198E-2	0.139
19.850	7.220E-2	-2.055E-2	-6.745E-2	-0.375	0.381
19.867	6.982E-2	-3.301E-2	-6.591E-2	-0.374	0.380
19.883	7.000E-2	-3.303E-2	-1.708E-2	7.745E-2	7.931E-2
19.900	6.925E-2	-3.042E-2	-2.197E-2	7.864E-2	8.165E-2
19.917	6.927E-2	-3.041E-2	-0.171	0.292	0.339
19.933	6.355E-2	-2.068E-2	-0.171	0.193	0.258
19.950	6.356E-2	-2.399E-2	3.352E-4	-6.794E-2	6.794E-2
19.967	6.356E-2	-2.295E-2	0.000	3.128E-2	3.128E-2
19.983	6.356E-2	-2.295E-2	1.043E-3	0.155	0.155
20.000	6.360E-2	-1.777E-2	7.821E-4	0.156	0.156
20.017	6.359E-2	-1.776E-2	0.229	-0.279	0.361
20.033	7.123E-2	-2.705E-2	0.227	-0.279	0.360
20.050	7.117E-2	-2.705E-2	2.033E-2	-6.281E-2	6.602E-2
20.067	7.190E-2	-2.915E-2	2.201E-2	-6.340E-2	6.712E-2
20.083	7.190E-2	-2.916E-2	9.385E-3	5.141E-2	5.226E-2
20.100	7.222E-2	-2.743E-2	1.043E-2	5.086E-2	5.192E-2
20.117	7.225E-2	-2.747E-2	7.013E-2	-8.484E-2	0.110
20.133	7.455E-2	-3.026E-2	6.994E-2	-8.404E-2	0.109
20.150	7.458E-2	-3.027E-2	-0.119	0.194	0.228
20.167	7.058E-2	-2.380E-2	-0.121	0.197	0.232
20.183	7.055E-2	-2.369E-2	1.387E-2	-0.204	0.205
20.200	7.104E-2	-3.061E-2	1.464E-2	-0.207	0.208
20.217	7.103E-2	-3.060E-2	-0.113	-8.155E-2	0.139
20.233	6.728E-2	-3.333E-2	-0.112	-8.023E-2	0.138
20.250	6.729E-2	-3.327E-2	-0.142	0.280	0.313
20.267	6.255E-2	-2.401E-2	-0.141	0.277	0.311
20.283	6.259E-2	-2.403E-2	-0.221	4.754E-2	0.226
20.300	5.519E-2	-2.242E-2	-0.224	4.723E-2	0.229
20.317	5.511E-2	-2.245E-2	-8.852E-2	1.517E-2	8.981E-2
20.333	5.224E-2	-2.192E-2	-8.617E-2	1.585E-2	8.761E-2
20.350	5.224E-2	-2.192E-2	-5.221E-3	0.169	0.170
20.367	5.206E-2	-1.627E-2	-6.478E-3	0.171	0.171
20.383	5.202E-2	-1.623E-2	0.109	-0.477	0.489
20.400	5.570E-2	-3.216E-2	8.923E-2	-0.493	0.501
20.417	5.500E-2	-3.266E-2	4.011E-2	-1.491E-2	4.279E-2
20.433	5.704E-2	-3.266E-2	6.029E-2	2.309E-4	6.029E-2
20.450	5.701E-2	-3.265E-2	0.487	0.120	0.501
20.467	7.327E-2	-2.866E-2	0.469	8.827E-3	0.469
20.483	7.262E-2	-3.236E-2	-0.339	0.178	0.383
20.500	6.197E-2	-2.272E-2	-0.320	0.288	0.431
20.517	6.195E-2	-2.274E-2	0.297	-0.189	0.352
20.533	7.185E-2	-2.903E-2	0.297	-0.188	0.352
20.550	7.185E-2	-2.902E-2	7.972E-2	8.862E-2	0.119
20.567	7.451E-2	-2.607E-2	8.493E-2	8.959E-2	0.123
20.583	7.468E-2	-2.603E-2	-7.517E-2	-9.439E-2	0.121
20.600	7.201E-2	-2.922E-2	-8.223E-2	-9.627E-2	0.127
20.617	7.194E-2	-2.924E-2	0.120	3.177E-2	0.124
20.633	7.601E-2	-2.816E-2	0.125	3.026E-2	0.129
20.650	7.612E-2	-2.823E-2	-0.125	0.162	0.205
20.667	7.184E-2	-2.275E-2	-0.128	0.165	0.209
20.683	7.186E-2	-2.273E-2	6.539E-3	-0.125	0.125
20.700	7.206E-2	-2.692E-2	7.501E-3	-0.126	0.126
20.717	7.211E-2	-2.692E-2	-0.506	-3.218E-2	0.507
20.733	5.518E-2	-2.799E-2	-0.509	-3.136E-2	0.510
20.750	5.516E-2	-2.797E-2	0.342	-3.717E-3	0.342
20.767	6.660E-2	-2.812E-2	0.345	-5.582E-3	0.345
20.783	6.665E-2	-2.815E-2	9.963E-2	0.199	0.222
20.800	6.992E-2	-2.150E-2	9.715E-2	0.200	0.222
20.817	6.989E-2	-2.149E-2	8.310E-2	-6.300E-2	0.104
20.833	7.269E-2	-2.360E-2	9.178E-2	-6.616E-2	0.113
20.850	7.295E-2	-2.369E-2	-0.380	-2.712E-2	0.381
20.867	6.001E-2	-2.450E-2	-0.390	-2.357E-2	0.391
20.883	5.995E-2	-2.448E-2	0.389	-0.203	0.439
20.900	7.298E-2	-3.126E-2	0.392	-0.204	0.442
20.917	7.302E-2	-3.126E-2	9.000E-2	0.116	0.147
20.933	7.598E-2	-2.738E-2	9.002E-2	0.117	0.147
20.950	7.602E-2	-2.738E-2	-0.344	3.910E-2	0.346
20.967	6.453E-2	-2.607E-2	-0.345	3.910E-2	0.347
20.983	6.453E-2	-2.607E-2	-9.275E-2	-0.295	0.310
21.000	6.143E-2	-3.592E-2	-9.323E-2	-0.295	0.310
21.017	6.143E-2	-3.592E-2	-0.126	8.333E-2	0.151
21.033	5.725E-2	-3.314E-2	-0.123	8.300E-2	0.149
21.050	5.731E-2	-3.316E-2	-4.612E-2	6.157E-2	7.692E-2
21.067	5.571E-2	-3.109E-2	-4.778E-2	6.272E-2	7.885E-2
21.083	5.572E-2	-3.107E-2	-2.693E-2	0.261	0.263
21.100	5.481E-2	-2.238E-2	-2.962E-2	0.266	0.267
21.117	5.473E-2	-2.221E-2	0.136	0.101	0.169
21.133	5.934E-2	-1.901E-2	0.137	9.701E-2	0.168
21.150	5.930E-2	-1.897E-2	1.801E-2	-0.143	0.145
21.167	5.994E-2	-2.379E-2	1.995E-2	-0.145	0.147
21.183	5.996E-2	-2.381E-2	0.375	-6.061E-2	0.380
21.200	7.244E-2	-2.581E-2	0.388	-6.804E-2	0.394
21.217	7.291E-2	-2.608E-2	0.174	5.523E-2	0.182
21.233	7.823E-2	-2.397E-2	0.160	6.378E-2	0.172
21.250	7.825E-2	-2.396E-2	6.101E-2	-0.131	0.144
21.267	8.027E-2	-2.833E-2	-2.868E-3	-8.042E-4	2.979E-3
21.283	7.815E-2	-2.398E-2	-0.129	-0.104	0.166
21.300	7.597E-2	-3.180E-2	-6.553E-2	-0.233	0.242
21.317	7.597E-2	-3.176E-2	-0.184	1.657E-2	0.185
21.333	6.984E-2	-3.125E-2	-0.180	1.475E-2	0.180
21.350	6.998E-2	-3.127E-2	4.655E-3	-4.035E-2	4.062E-2
21.367	6.999E-2	-3.259E-2	3.041E-3	-9.439E-2	9.443E-2
21.383	7.008E-2	-3.442E-2	-1.010E-2	0.107	0.107
21.400	6.966E-2	-2.903E-2	7.303E-2	7.821E-2	0.107
21.417	7.251E-2	-3.181E-2	-0.177	-0.143	0.227
21.433	6.375E-2	-3.379E-2	-0.264	-6.037E-2	0.271
21.450	6.372E-2	-3.382E-2	-0.265	0.480	0.548
21.467	5.492E-2	-1.778E-2	-0.265	0.481	0.549
21.483	5.488E-2	-1.779E-2	0.258	-0.187	0.318
21.500	6.351E-2	-2.401E-2	0.259	-0.187	0.319
21.517	6.351E-2	-2.403E-2	0.133	-7.452E-2	0.153
21.533	6.795E-2	-2.649E-2	0.133	-7.442E-2	0.153
21.550	6.795E-2	-2.651E-2	-0.180	0.265	0.320
21.567	6.195E-2	-1.767E-2	-0.180	0.265	0.320
21.583	6.195E-2	-1.768E-2	9.930E-2	-6.925E-2	0.121
21.600	6.526E-2	-1.997E-2	0.101	-6.947E-2	0.123
21.617	6.532E-2	-1.999E-2	-5.083E-2	4.711E-3	5.105E-2
21.633	6.356E-2	-1.982E-2	-5.263E-2	5.304E-3	5.289E-2
21.650	6.356E-2	-1.982E-2	0.321	-0.405	0.517
21.667	7.428E-2	-3.331E-2	0.321	-0.404	0.516
21.683	7.427E-2	-3.329E-2	-0.369	0.115	0.387
21.700	6.197E-2	-2.946E-2	-0.369	0.115	0.386
21.717	6.198E-2	-2.946E-2	0.173	0.198	0.263
21.733	6.773E-2	-2.285E-2	0.174	0.198	0.264
21.750	6.777E-2	-2.286E-2	-0.189	-0.367	0.412
21.767	6.144E-2	-3.507E-2	-0.190	-0.367	0.413
21.783	6.143E-2	-3.510E-2	0.160	8.060E-2	0.179
21.800	6.676E-2	-3.238E-2	0.163	8.322E-2	0.183
21.817	6.686E-2	-3.232E-2	-0.351	0.395	0.529
21.833	5.505E-2	-1.922E-2	-0.354	0.392	0.528
21.850	5.506E-2	-1.924E-2	0.247	-0.158	0.293
21.867	6.329E-2	-2.448E-2	0.245	-0.157	0.291
21.883	6.322E-2	-2.448E-2	0.102	1.061E-2	0.103
21.900	6.669E-2	-2.413E-2	0.104	9.362E-3	0.104
21.917	6.669E-2	-2.417E-2	0.154	-1.368E-2	0.154
21.933	7.181E-2	-2.458E-2	0.154	-1.341E-2	0.155
21.950	7.183E-2	-2.462E-2	-8.465E-3	-5.821E-2	5.883E-2
21.967	7.153E-2	-2.652E-2	-6.085E-3	-4.272E-2	4.315E-2
21.983	7.163E-2	-2.604E-2	9.497E-2	-4.397E-2	0.105
22.000	7.470E-2	-2.799E-2	9.261E-2	-5.961E-2	0.110
22.017	7.472E-2	-2.803E-2	5.485E-2	-4.986E-2	7.412E-2
22.033	7.653E-2	-2.965E-2	5.440E-2	-4.889E-2	7.314E-2
22.050	7.653E-2	-2.966E-2	-0.138	2.191E-2	0.140
22.067	7.191E-2	-2.892E-2	-0.139	2.209E-2	0.140
22.083	7.191E-2	-2.892E-2	-0.251	-4.375E-2	0.254
22.100	6.356E-2	-3.038E-2	-0.251	-4.562E-2	0.255
22.117	6.356E-2	-3.044E-2	0.207	1.224E-3	0.207
22.133	7.045E-2	-3.034E-2	0.206	3.124E-3	0.206
22.150	7.043E-2	-3.034E-2	6.177E-2	0.122	0.137
22.167	7.251E-2	-2.627E-2	6.243E-2	0.123	0.138
22.183	7.251E-2	-2.625E-2	-0.144	-5.397E-2	0.154
22.200	6.772E-2	-2.807E-2	-0.145	-5.489E-2	0.155
22.217	6.769E-2	-2.808E-2	-0.226	0.122	0.257
22.233	6.017E-2	-2.400E-2	-0.225	0.121	0.255
22.250	6.021E-2	-2.406E-2	-2.423E-2	3.073E-2	3.913E-2
22.267	5.937E-2	-2.298E-2	-2.565E-2	3.297E-2	4.177E-2
22.283	5.936E-2	-2.296E-2	2.735E-2	5.083E-2	5.773E-2
22.300	6.028E-2	-2.128E-2	2.536E-2	4.884E-2	5.503E-2
22.317	6.020E-2	-2.134E-2	-9.001E-2	-0.331	0.343
22.333	5.728E-2	-3.233E-2	-8.847E-2	-0.329	0.341
22.350	5.725E-2	-3.230E-2	0.188	0.250	0.313
22.367	6.356E-2	-2.399E-2	0.189	0.249	0.313
22.383	6.355E-2	-2.399E-2	0.159	-0.283	0.325
22.400	6.886E-2	-3.344E-2	0.159	-0.283	0.325
22.417	6.885E-2	-3.342E-2	1.097E-2	0.375	0.375
22.433	6.923E-2	-2.093E-2	1.055E-2	0.381	0.381
22.450	6.920E-2	-2.073E-2	-0.224	-2.790E-2	0.226
22.467	6.176E-2	-2.186E-2	-0.202	-0.111	0.230
22.483	6.248E-2	-2.444E-2	0.343	-0.385	0.516
22.500	7.320E-2	-3.468E-2	0.320	-0.309	0.445
22.517	7.314E-2	-3.473E-2	-3.890E-2	0.321	0.323
22.533	7.190E-2	-2.399E-2	-3.721E-2	0.318	0.320
22.550	7.190E-2	-2.414E-2	0.000	0.000	0.000
22.567	7.190E-2	-2.399E-2	0.000	4.677E-3	4.677E-3
22.583	7.190E-2	-2.399E-2	-0.119	-0.212	0.243
22.600	6.794E-2	-3.104E-2	-0.119	-0.214	0.245
22.617	6.792E-2	-3.111E-2	3.068E-2	5.525E-2	6.320E-2
22.633	6.896E-2	-2.920E-2	3.104E-2	5.888E-2	6.656E-2
22.650	6.896E-2	-2.915E-2	-0.266	-6.227E-2	0.273
22.667	6.009E-2	-3.127E-2	-0.266	-6.292E-2	0.273
22.683	6.010E-2	-3.124E-2	0.269	0.108	0.290
22.700	6.904E-2	-2.767E-2	0.270	0.107	0.291
22.717	6.911E-2	-2.768E-2	-0.145	-8.639E-2	0.168
22.733	6.422E-2	-3.055E-2	-0.145	-8.631E-2	0.169
22.750	6.428E-2	-3.056E-2	0.104	-5.129E-2	0.116
22.767	6.770E-2	-3.226E-2	0.303	6.142E-2	0.309
22.783	7.437E-2	-2.851E-2	0.198	0.266	0.332
22.800	7.430E-2	-2.338E-2	-1.760E-3	0.153	0.153
22.817	7.431E-2	-2.340E-2	-7.192E-2	4.415E-2	8.439E-2
22.833	7.190E-2	-2.190E-2	-7.220E-2	4.487E-2	8.501E-2
22.850	7.190E-2	-2.190E-2	0.133	-0.142	0.195
22.867	7.634E-2	-2.664E-2	0.131	-0.141	0.192
22.883	7.626E-2	-2.661E-2	-0.181	-0.141	0.229
22.900	7.031E-2	-3.134E-2	-0.180	-0.142	0.229
22.917	7.027E-2	-3.134E-2	-7.853E-2	8.350E-2	0.115
22.933	6.769E-2	-2.856E-2	-7.416E-2	8.214E-2	0.111
22.950	6.779E-2	-2.860E-2	-0.372	0.215	0.430
22.967	5.528E-2	-2.137E-2	-0.376	0.218	0.435
22.983	5.526E-2	-2.135E-2	-7.929E-3	-0.153	0.153
23.000	5.501E-2	-2.647E-2	-8.186E-3	-0.155	0.156
23.017	5.499E-2	-2.652E-2	-4.635E-2	0.188	0.193
23.033	5.347E-2	-2.022E-2	-4.661E-2	0.188	0.193
23.050	5.343E-2	-2.026E-2	5.762E-2	-0.189	0.198
23.067	5.539E-2	-2.653E-2	5.976E-2	-0.188	0.197
23.083	5.542E-2	-2.653E-2	0.119	-1.494E-4	0.119
23.100	5.936E-2	-2.654E-2	0.118	-1.787E-4	0.118
23.117	5.937E-2	-2.654E-2	7.107E-2	1.374E-2	7.239E-2
23.133	6.173E-2	-2.608E-2	6.594E-2	6.404E-2	9.192E-2
23.150	6.156E-2	-2.440E-2	0.366	-0.262	0.451
23.167	7.394E-2	-3.482E-2	0.371	-0.314	0.486
23.183	7.392E-2	-3.486E-2	-0.124	0.374	0.394
23.200	6.982E-2	-2.236E-2	-0.123	0.375	0.395
23.217	6.980E-2	-2.235E-2	-7.106E-3	-4.815E-2	4.867E-2
23.233	6.958E-2	-2.397E-2	-5.759E-3	-4.762E-2	4.797E-2
23.250	6.961E-2	-2.394E-2	-5.285E-2	-2.136E-3	5.290E-2
23.267	6.782E-2	-2.404E-2	-5.357E-2	-2.852E-3	5.365E-2
23.283	6.783E-2	-2.404E-2	6.139E-2	-5.866E-2	8.491E-2
23.300	6.986E-2	-2.599E-2	6.135E-2	-5.967E-2	8.558E-2
23.317	6.987E-2	-2.603E-2	-5.963E-2	0.124	0.137
23.333	6.788E-2	-2.186E-2	-5.864E-2	0.124	0.137
23.350	6.792E-2	-2.189E-2	-9.761E-2	-0.190	0.214
23.367	6.462E-2	-2.821E-2	-9.984E-2	-0.189	0.214
23.383	6.459E-2	-2.819E-2	-3.271E-2	3.235E-2	4.600E-2
23.400	6.353E-2	-2.713E-2	-3.214E-2	3.198E-2	4.534E-2
23.417	6.352E-2	-2.713E-2	0.256	-3.287E-2	0.258
23.433	7.208E-2	-2.823E-2	0.257	-3.232E-2	0.260
23.450	7.210E-2	-2.820E-2	-0.248	0.269	0.366
23.467	6.380E-2	-1.925E-2	-0.250	0.269	0.367
23.483	6.378E-2	-1.923E-2	0.371	-0.110	0.387
23.500	7.616E-2	-2.291E-2	0.430	-0.206	0.477
23.517	7.811E-2	-2.610E-2	-0.234	-6.480E-2	0.243
23.533	6.837E-2	-2.507E-2	-0.294	3.055E-2	0.296
23.550	6.831E-2	-2.508E-2	0.245	-0.182	0.306
23.567	7.654E-2	-3.116E-2	0.248	-0.183	0.308
23.583	7.656E-2	-3.117E-2	-0.203	0.215	0.295
23.600	6.977E-2	-2.401E-2	-0.204	0.214	0.296
23.617	6.977E-2	-2.402E-2	0.110	-0.248	0.272
23.633	7.345E-2	-3.228E-2	0.111	-0.248	0.271
23.650	7.346E-2	-3.227E-2	-9.307E-2	5.745E-2	0.109
23.667	7.034E-2	-3.037E-2	-9.217E-2	5.779E-2	0.109
23.683	7.039E-2	-3.035E-2	-0.100	0.195	0.219
23.700	6.701E-2	-2.388E-2	-0.101	0.193	0.218
23.717	6.701E-2	-2.391E-2	4.455E-2	-0.169	0.175
23.733	6.849E-2	-2.950E-2	4.315E-2	-0.168	0.173
23.750	6.845E-2	-2.951E-2	7.989E-3	2.556E-2	2.678E-2
23.767	6.876E-2	-2.865E-2	8.686E-3	2.660E-2	2.799E-2
23.783	6.874E-2	-2.862E-2	-0.247	6.164E-2	0.254
23.800	6.054E-2	-2.660E-2	-0.244	5.799E-2	0.251
23.817	6.059E-2	-2.669E-2	0.322	-0.111	0.340
23.833	7.126E-2	-3.028E-2	0.322	-0.108	0.339
23.850	7.132E-2	-3.030E-2	7.876E-2	3.946E-4	7.876E-2
23.867	7.388E-2	-3.027E-2	7.885E-2	7.812E-5	7.885E-2
23.883	7.395E-2	-3.029E-2	-0.106	0.321	0.338
23.900	7.035E-2	-1.955E-2	-0.107	0.323	0.340
23.917	7.039E-2	-1.952E-2	7.575E-3	-7.564E-4	7.612E-3
23.933	7.060E-2	-1.958E-2	7.804E-3	-2.637E-3	8.237E-3
23.950	7.065E-2	-1.961E-2	-0.119	-7.512E-3	0.119
23.967	6.663E-2	-1.983E-2	-0.120	-7.121E-3	0.120
23.983	6.665E-2	-1.985E-2	4.293E-2	-0.333	0.336
24.000	6.806E-2	-3.094E-2	4.241E-2	-0.334	0.337
24.017	6.806E-2	-3.098E-2	8.006E-2	-2.205E-5	8.006E-2
24.033	7.073E-2	-3.094E-2	8.163E-2	3.475E-4	8.163E-2
24.050	7.078E-2	-3.097E-2	-8.952E-2	-1.678E-4	8.952E-2
24.067	6.775E-2	-3.094E-2	-8.933E-2	8.531E-5	8.933E-2
24.083	6.780E-2	-3.096E-2	-3.875E-3	1.591E-2	1.637E-2
24.100	6.762E-2	-3.041E-2	-4.135E-3	1.588E-2	1.641E-2
24.117	6.767E-2	-3.043E-2	-0.337	0.348	0.484
24.133	5.638E-2	-1.883E-2	-0.340	0.346	0.485
24.150	5.634E-2	-1.889E-2	0.346	-0.249	0.426
24.167	6.792E-2	-2.714E-2	0.347	-0.249	0.427
24.183	6.791E-2	-2.719E-2	0.187	2.871E-4	0.187
24.200	7.416E-2	-2.713E-2	0.188	1.368E-3	0.188
24.217	7.417E-2	-2.714E-2	-7.621E-2	0.167	0.184
24.233	7.162E-2	-2.156E-2	-7.737E-2	0.167	0.184
24.250	7.160E-2	-2.158E-2	-0.212	-0.195	0.288
24.267	6.455E-2	-2.806E-2	-0.211	-0.194	0.287
24.283	6.456E-2	-2.806E-2	-9.221E-2	0.100	0.136
24.300	6.147E-2	-2.471E-2	-9.306E-2	0.100	0.137
24.317	6.146E-2	-2.471E-2	-3.231E-2	2.421E-2	4.038E-2
24.333	6.039E-2	-2.391E-2	7.356E-2	-7.522E-3	7.394E-2
24.350	6.391E-2	-2.496E-2	8.808E-2	-0.158	0.181
24.367	6.333E-2	-2.918E-2	-1.582E-2	-0.126	0.127
24.383	6.338E-2	-2.916E-2	-9.950E-2	0.343	0.357
24.400	6.001E-2	-1.774E-2	-0.102	0.343	0.357
24.417	5.999E-2	-1.774E-2	2.861E-3	-0.367	0.367
24.433	6.011E-2	-2.997E-2	3.649E-3	-0.366	0.366
24.450	6.011E-2	-2.994E-2	0.300	4.081E-2	0.303
24.467	7.011E-2	-2.861E-2	0.301	3.967E-2	0.304
24.483	7.015E-2	-2.862E-2	-2.163E-2	1.654E-2	2.722E-2
24.500	6.939E-2	-2.806E-2	-2.359E-2	1.533E-2	2.814E-2
24.517	6.936E-2	-2.810E-2	-0.488	8.134E-2	0.495
24.533	5.311E-2	-2.535E-2	-0.488	8.212E-2	0.495
24.550	5.310E-2	-2.537E-2	0.634	-4.339E-2	0.636
24.567	7.426E-2	-2.679E-2	0.636	-4.307E-2	0.637
24.583	7.430E-2	-2.680E-2	-0.135	-7.108E-2	0.153
24.600	6.976E-2	-2.916E-2	-0.137	-7.094E-2	0.154
24.617	6.973E-2	-2.917E-2	-6.143E-2	7.412E-3	6.188E-2
24.633	6.771E-2	-2.892E-2	-6.079E-2	8.051E-3	6.132E-2
24.650	6.770E-2	-2.890E-2	-6.232E-2	2.052E-2	6.561E-2
24.667	6.563E-2	-2.823E-2	-6.201E-2	2.047E-2	6.530E-2
24.683	6.563E-2	-2.822E-2	0.185	6.564E-2	0.196
24.700	7.181E-2	-2.604E-2	0.185	6.457E-2	0.196
24.717	7.179E-2	-2.606E-2	-0.107	0.116	0.158
24.733	6.824E-2	-2.219E-2	-7.039E-2	0.134	0.151
24.750	6.944E-2	-2.161E-2	0.116	-5.487E-2	0.128
24.767	7.211E-2	-2.402E-2	7.975E-2	-7.277E-2	0.108
24.783	7.210E-2	-2.404E-2	-2.055E-2	-4.806E-2	5.226E-2
24.800	7.142E-2	-2.562E-2	-1.949E-2	-4.819E-2	5.198E-2
24.817	7.145E-2	-2.564E-2	-0.236	-3.217E-3	0.236
24.833	6.356E-2	-2.573E-2	-0.237	-3.005E-3	0.237
24.850	6.354E-2	-2.574E-2	-0.116	0.300	0.322
24.867	5.968E-2	-1.572E-2	-0.115	0.301	0.323
24.883	5.970E-2	-1.569E-2	1.086E-2	-0.123	0.123
24.900	6.004E-2	-1.982E-2	0.178	-0.375	0.415
24.917	6.563E-2	-2.821E-2	-3.680E-3	-3.352E-2	3.372E-2
24.933	5.992E-2	-2.094E-2	-0.172	0.219	0.278
24.950	5.989E-2	-2.092E-2	0.174	-2.974E-2	0.177
24.967	6.572E-2	-2.193E-2	0.235	6.541E-2	0.244
24.983	6.771E-2	-1.874E-2	-0.144	-0.128	0.193
25.000	6.092E-2	-2.619E-2	-0.205	-0.222	0.302
25.017	6.089E-2	-2.616E-2	0.392	-5.218E-2	0.395
25.033	7.398E-2	-2.793E-2	0.393	-5.473E-2	0.397
25.050	7.399E-2	-2.798E-2	1.239E-2	-4.760E-2	4.919E-2
25.067	7.440E-2	-2.952E-2	1.352E-2	-4.649E-2	4.842E-2
25.083	7.444E-2	-2.953E-2	-0.340	9.792E-2	0.354
25.100	6.307E-2	-2.625E-2	-0.341	9.744E-2	0.355
25.117	6.307E-2	-2.628E-2	0.168	-4.082E-2	0.173
25.133	6.869E-2	-2.762E-2	0.169	-3.955E-2	0.174
25.150	6.871E-2	-2.760E-2	-0.217	0.260	0.339
25.167	6.146E-2	-1.893E-2	-0.218	0.260	0.339
25.183	6.146E-2	-1.893E-2	0.218	-0.277	0.353
25.200	6.872E-2	-2.818E-2	0.218	-0.278	0.353
25.217	6.872E-2	-2.819E-2	5.664E-2	0.187	0.195
25.233	7.061E-2	-2.196E-2	5.832E-2	0.187	0.196
25.250	7.066E-2	-2.194E-2	-2.130E-2	-0.187	0.188
25.267	6.990E-2	-2.819E-2	-2.385E-2	-0.188	0.189
25.283	6.987E-2	-2.821E-2	-8.058E-4	-4.704E-4	9.330E-4
25.300	6.987E-2	-2.820E-2	1.738E-4	9.738E-5	1.992E-4
25.317	6.987E-2	-2.820E-2	-0.122	0.188	0.224
25.333	6.579E-2	-2.194E-2	-0.119	0.189	0.223
25.350	6.589E-2	-2.192E-2	6.442E-2	-6.828E-3	6.478E-2
25.367	6.794E-2	-2.216E-2	6.202E-2	-8.423E-3	6.259E-2
25.383	6.796E-2	-2.220E-2	0.165	-0.237	0.288
25.400	7.343E-2	-3.006E-2	0.164	-0.236	0.287
25.417	7.341E-2	-3.006E-2	3.801E-2	0.123	0.129
25.433	7.470E-2	-2.594E-2	3.874E-2	0.124	0.129
25.450	7.471E-2	-2.594E-2	-0.241	3.306E-2	0.244
25.467	6.665E-2	-2.484E-2	-0.241	3.228E-2	0.244
25.483	6.666E-2	-2.487E-2	-1.707E-2	5.546E-2	5.802E-2
25.500	6.608E-2	-2.299E-2	-1.660E-2	5.565E-2	5.808E-2
25.517	6.611E-2	-2.301E-2	-0.265	6.177E-2	0.272
25.533	5.726E-2	-2.093E-2	-0.265	6.254E-2	0.273
25.550	5.726E-2	-2.093E-2	0.284	-0.279	0.398
25.567	6.674E-2	-3.023E-2	0.284	-0.278	0.398
25.583	6.673E-2	-3.021E-2	-5.942E-2	1.471E-4	5.942E-2
25.600	6.476E-2	-3.022E-2	-5.773E-2	-2.829E-4	5.773E-2
25.617	6.481E-2	-3.022E-2	-6.057E-2	0.391	0.395
25.633	6.275E-2	-1.720E-2	-6.392E-2	0.391	0.396
25.650	6.268E-2	-1.717E-2	-0.167	-0.142	0.219
25.667	5.718E-2	-2.193E-2	-0.164	-0.142	0.217
25.683	5.721E-2	-2.192E-2	0.224	-0.312	0.385
25.700	6.466E-2	-3.234E-2	0.224	-0.314	0.386
25.717	6.468E-2	-3.239E-2	-0.140	0.254	0.290
25.733	6.001E-2	-2.388E-2	-0.141	0.254	0.290
25.750	5.996E-2	-2.394E-2	0.365	-0.126	0.386
25.767	7.216E-2	-2.808E-2	0.366	-0.125	0.387
25.783	7.216E-2	-2.809E-2	1.069E-2	2.510E-2	2.728E-2
25.800	7.252E-2	-2.724E-2	9.172E-3	2.736E-2	2.886E-2
25.817	7.247E-2	-2.718E-2	-0.243	0.284	0.374
25.833	6.442E-2	-1.778E-2	-0.242	0.281	0.371
25.850	6.442E-2	-1.779E-2	-0.100	-3.743E-4	0.100
25.867	6.108E-2	-1.779E-2	-0.101	1.661E-5	0.101
25.883	6.104E-2	-1.779E-2	-2.038E-2	6.035E-2	6.370E-2
25.900	6.040E-2	-1.578E-2	-1.920E-2	5.815E-2	6.124E-2
25.917	6.039E-2	-1.586E-2	0.283	-0.371	0.467
25.933	6.982E-2	-2.816E-2	0.283	-0.369	0.465
25.950	6.982E-2	-2.816E-2	-0.136	-8.863E-2	0.162
25.967	6.529E-2	-3.111E-2	-0.134	-8.726E-2	0.160
25.983	6.534E-2	-3.107E-2	0.127	7.026E-2	0.145
26.000	6.953E-2	-2.877E-2	0.125	6.952E-2	0.143
26.017	6.951E-2	-2.875E-2	-7.075E-2	2.414E-2	7.476E-2
26.033	6.717E-2	-2.797E-2	-7.132E-2	2.357E-2	7.512E-2
26.050	6.714E-2	-2.797E-2	1.569E-2	-0.214	0.215
26.067	6.769E-2	-3.510E-2	1.638E-2	-0.215	0.215
26.083	6.768E-2	-3.512E-2	-7.039E-4	0.181	0.181
26.100	6.767E-2	-2.905E-2	9.445E-6	0.183	0.183
26.117	6.768E-2	-2.902E-2	-0.239	-4.662E-2	0.243
26.133	5.971E-2	-3.061E-2	-0.240	-4.732E-2	0.244
26.150	5.969E-2	-3.060E-2	0.181	9.662E-2	0.205
26.167	6.573E-2	-2.738E-2	0.181	9.414E-2	0.204
26.183	6.571E-2	-2.746E-2			
