质量_A
t	x	y	v	v_{y}	v_{x}
3.333333333E-2	-5.606011493E-2	-4.785787681E-2			
6.666666667E-2	-5.625827825E-2	-4.765971349E-2	4.300794487E-3	3.011371077E-3	-3.070582592E-3
1.000000000E-1	-5.626482044E-2	-4.765711874E-2	3.307204717E-3	2.840522015E-3	-1.693823404E-3
1.333333333E-1	-5.637119981E-2	-4.747034536E-2	4.926656692E-2	4.405431050E-2	2.205475782E-2
1.666666667E-1	-5.479450325E-2	-4.472016470E-2	5.016646764E-2	4.645449508E-2	1.893817211E-2
2.000000000E-1	-5.510865500E-2	-4.437337902E-2	6.715521871E-2	-3.162392943E-2	-5.924314717E-2
2.333333333E-1	-5.874404640E-2	-4.682842666E-2	6.658205416E-2	-3.719325171E-2	-5.522528373E-2
2.666666667E-1	-5.879034059E-2	-4.685292913E-2	1.000072178E-3	-5.685466638E-4	-8.227387504E-4
3.000000000E-1	-5.879889565E-2	-4.686632977E-2	1.152151609E-1	-1.076891888E-1	-4.095817268E-2
3.333333333E-1	-6.152088543E-2	-5.403220839E-2	3.829269016E-3	2.554747209E-3	-2.852466984E-3
3.666666667E-1	-5.898906011E-2	-4.669601329E-2	1.194655018E-1	1.134424377E-1	3.745423140E-2
4.000000000E-1	-5.902393667E-2	-4.646937921E-2	7.816449479E-2	5.933100681E-2	5.088732531E-2
4.333333333E-1	-5.559657176E-2	-4.274061284E-2	7.420238212E-2	5.968942275E-2	4.408136027E-2
4.666666667E-1	-5.608517932E-2	-4.249008436E-2	5.696029835E-2	5.646993855E-2	7.457990914E-3
5.000000000E-1	-5.509937237E-2	-3.897595027E-2	2.452601179E-2	-7.147052681E-3	-2.346156202E-2
5.333333333E-1	-5.764928345E-2	-4.296655454E-2	5.751262953E-2	-4.918010654E-2	-2.981643299E-2
5.666666667E-1	-5.708713456E-2	-4.225462404E-2	1.032139271E-1	8.967216340E-2	5.110790416E-2
6.000000000E-1	-5.424208984E-2	-3.698841031E-2	1.566813084E-1	1.346212910E-1	8.016321103E-2
6.333333333E-1	-5.174292050E-2	-3.327987131E-2	2.206026928E-1	1.979869602E-1	9.729702815E-2
6.666666667E-1	-4.775562130E-2	-2.378927964E-2			
7.000000000E-1	-3.572855870E-2	-2.261187033E-2	5.477771263E-1	-2.578850814E-2	5.471697478E-1
7.333333333E-1	-1.127763811E-2	-2.550851351E-2	1.008339897E0	-2.624285844E-1	9.735915907E-1
7.666666667E-1	2.917754735E-2	-4.010710930E-2	5.713453550E-1	2.382269558E-1	5.193105354E-1
8.000000000E-1	2.334306425E-2	-9.626716458E-3	5.790353946E-1	5.376945832E-1	2.148639648E-1
8.333333333E-1	4.350181166E-2	-4.260803747E-3	6.376284511E-1	7.034954439E-2	6.337357362E-1
8.666666667E-1	6.559211333E-2	-4.936746832E-3	5.774054087E-1	5.110344371E-2	5.751394996E-1
9.000000000E-1	8.184444497E-2	-8.539074995E-4			5.145938728E-1
9.333333333E-1	9.989837152E-2				3.962386220E-1
9.666666667E-1	1.082603531E-1	2.871932118E-3			1.428549291E-1
1.000000000E0	1.094220335E-1	-1.145397714E-3	1.450762694E-1	-1.443931435E-1	1.406214928E-2
1.033333333E0	1.091978297E-1	-6.754277451E-3	1.700213460E-1	-1.641255861E-1	-4.438524629E-2
1.066666667E0	1.064630170E-1	-1.208710345E-2	3.527456888E-1	-2.596552962E-1	-2.387648385E-1
1.100000000E0	9.328017382E-2	-2.406463053E-2	3.877283198E-1	-2.375331563E-1	-3.064494243E-1
1.133333333E0	8.603305542E-2	-2.792264721E-2	3.521559699E-1	-1.066429812E-1	-3.356204727E-1
1.166666667E0	7.090547564E-2	-3.117416261E-2	5.646102403E-1	-3.264264808E-2	-5.636658416E-1
1.200000000E0	4.845533265E-2	-3.009882374E-2	8.002705220E-1	1.616603580E-2	-8.001072226E-1
1.233333333E0	1.756499413E-2	-3.009642689E-2	6.733926385E-1	-4.615832353E-2	-6.718087933E-1
1.266666667E0	3.668079766E-3	-3.317604531E-2	4.195183736E-1	1.624679037E-1	-3.867813931E-1
1.300000000E0	-8.220432071E-3	-1.926523331E-2	5.129672211E-1	1.414136959E-1	-4.930897854E-1
1.333333333E0	-2.920457260E-2	-2.374846559E-2	3.377542870E-1	3.084936321E-2	-3.363424969E-1
1.366666667E0	-3.064326520E-2	-1.720860910E-2	3.784999696E-1	1.883883103E-1	-3.282865692E-1
1.400000000E0	-5.109034388E-2	-1.118924490E-2	3.525365575E-1	1.348369145E-1	-3.257315318E-1
1.433333333E0	-5.235870065E-2	-8.219481463E-3	5.718815442E-2	4.995631877E-2	2.783614954E-2
1.466666667E0	-4.923460058E-2	-7.858823646E-3	2.355024295E-1	2.450285363E-4	2.355023021E-1
1.500000000E0	-3.665854718E-2	-8.203146228E-3	3.235500715E-1	8.329483590E-4	3.235489994E-1
1.533333333E0	-2.766466728E-2	-7.803293756E-3	1.138713325E-1	5.842305304E-2	9.774163509E-2
1.566666667E0	-3.014243818E-2	-4.308276025E-3	3.497255202E-1	-1.071734177E-1	3.328990808E-1
1.600000000E0	-5.471395232E-3	-1.494818827E-2	6.448251743E-1	-1.607611802E-1	6.244640488E-1
1.633333333E0	1.148849841E-2	-1.502568804E-2	4.634164054E-1	-1.363797846E-1	4.428942527E-1
1.666666667E0	2.405488828E-2	-2.404017391E-2	6.060675939E-1	-8.300550888E-2	6.003565723E-1
1.700000000E0	5.151226990E-2	-2.055938863E-2	5.242672381E-1	1.033326088E-2	5.241653943E-1
1.733333333E0	5.899924791E-2	-2.335128985E-2	4.884589661E-1	2.461231853E-2	4.878384931E-1
1.766666667E0	8.403483610E-2	-1.891856740E-2	6.211205573E-1	1.252523883E-1	6.083605723E-1
1.800000000E0	9.955661940E-2	-1.500113063E-2	2.976254004E-1	5.251268065E-2	2.929561355E-1
1.833333333E0	1.035652451E-1	-1.541772202E-2	2.024131477E-1	5.630378499E-2	1.944247057E-1
1.866666667E0	1.125182664E-1	-1.124754496E-2	2.365937113E-1	7.055491792E-2	2.258286691E-1
1.900000000E0	1.186204897E-1	-1.071406083E-2	9.328539463E-2	-2.190881493E-2	-9.067617482E-2
1.933333333E0	1.064731881E-1	-1.270813263E-2	3.241856685E-1	-4.239035816E-2	-3.214022483E-1
1.966666667E0	9.719367320E-2	-1.354008470E-2	3.023675708E-1	1.279047198E-2	-3.020969243E-1
2.000000000E0	8.633339317E-2	-1.185543449E-2	3.627519760E-1	4.955484395E-2	-3.593512398E-1
2.033333333E0	7.323692388E-2	-1.023642844E-2	5.697910767E-1	-1.063357142E-1	-5.597808383E-1
2.066666667E0	4.901467061E-2	-1.894448210E-2	6.302617389E-1	-8.323204732E-2	-6.247417753E-1
2.100000000E0	3.158747219E-2	-1.578523159E-2	6.462639575E-1	1.908295025E-1	-6.174473287E-1
2.133333333E0	7.851515367E-3	-6.222515269E-3	6.014350638E-1	1.313039279E-1	-5.869270947E-1
2.166666667E0	-7.541000793E-3	-7.031636401E-3			-5.264615201E-1
2.200000000E0	-2.724591930E-2				-4.079683515E-1
2.233333333E0	-3.473889089E-2	-1.256757495E-2			-2.834341424E-1
2.266666667E0	-4.614152880E-2	-1.343453624E-2	2.249698523E-1	-3.247992470E-2	-2.226128679E-1
2.300000000E0	-4.957974875E-2	-1.473290326E-2	9.913252799E-2	-9.913241693E-2	1.483934951E-4
2.333333333E0	-4.613163590E-2	-2.004336404E-2			2.380102712E-1
2.366666667E0	-3.371239734E-2				2.370604910E-1
2.400000000E0	-3.032760316E-2	-3.021272588E-2			1.222104665E-1
2.433333333E0	-2.556503291E-2	-3.136915996E-2	2.658417523E-1	-1.167027928E-1	2.388562233E-1
2.466666667E0	-1.440385494E-2	-3.799291206E-2	4.936313896E-1	-2.169853845E-1	4.433839100E-1
2.500000000E0	3.993894426E-3	-4.583485226E-2			
2.533333333E0					
2.566666667E0	4.734682593E-2	-8.692189747E-3			
2.600000000E0	4.735312898E-2	-8.692189747E-3	2.687348668E-4	6.758568228E-15	2.687348668E-4
2.633333333E0	4.736474159E-2	-8.692189747E-3	2.794545449E-4	4.055140937E-15	2.794545449E-4
2.666666667E0	4.737175928E-2	-8.692189747E-3	1.818866208E-3	1.810086331E-3	-1.784986136E-4
2.700000000E0	4.735284168E-2	-8.571517325E-3	1.672226085E-3	1.657774177E-3	-2.193737847E-4
2.733333333E0	4.735713436E-2	-8.581671469E-3	3.390763816E-5	-1.404883518E-5	-3.086030065E-5
2.766666667E0	4.735078433E-2	-8.572453914E-3	1.196690175E-4	1.190591729E-4	-1.206594739E-5
2.800000000E0	4.735632997E-2	-8.573734190E-3	1.673121500E-4	-8.588492679E-5	1.435866808E-4
2.833333333E0	4.736035677E-2	-8.578179576E-3	2.475383623E-4	-7.148157866E-6	2.474351322E-4
2.866666667E0	4.737282564E-2	-8.574210734E-3	2.198697745E-1	1.393162649E-1	1.700990771E-1
2.900000000E0	5.870029525E-2	7.095714205E-4	1.117506349E-3	2.523375710E-4	1.088644198E-3
2.933333333E0	4.744540192E-2	-8.557388229E-3	2.197412663E-1	-1.393906851E-1	-1.698718959E-1
2.966666667E0	4.737550219E-2	-8.583140921E-3	1.153433908E-3	-4.511076835E-4	-1.061560945E-3
3.000000000E0	4.737463119E-2	-8.587462075E-3	1.711460023E-4	-1.661170845E-4	-4.118335030E-5
3.033333333E0	4.737275663E-2	-8.594215393E-3	1.709100577E-4	-1.468070254E-4	-8.750968581E-5
3.066666667E0	4.736879721E-2	-8.597249210E-3	1.187784730E-4	-3.484459281E-5	-1.135525429E-4
3.100000000E0	4.736518646E-2	-8.596538366E-3	6.632048819E-5	-1.461549011E-5	-6.468998843E-5
3.133333333E0	4.736448455E-2	-8.598223576E-3	6.667135200E-6	4.995842454E-6	4.415002826E-6
3.166666667E0	4.736548080E-2	-8.596205310E-3	1.022902749E-5	-7.865719382E-6	-6.539377803E-6
3.200000000E0	4.736404859E-2	-8.598747957E-3	5.444457315E-5	-4.754834571E-5	-2.652105514E-5
3.233333333E0	4.736371273E-2	-8.599375200E-3	1.230372636E-5	-1.175572827E-5	-3.631051540E-6
3.266666667E0	4.736380652E-2	-8.599531673E-3	1.618281842E-5	-5.808613575E-7	1.617239042E-5
3.300000000E0	4.736479089E-2	-8.599413924E-3	8.280958548E-5	5.386492466E-5	6.289671962E-5
3.333333333E0	4.736799963E-2	-8.595940678E-3	3.256025082E-1	-1.163059533E-1	3.041215523E-1
3.366666667E0	6.763956104E-2	-1.635314415E-2	3.187836516E-1	1.969548045E-2	3.181746447E-1
3.400000000E0	6.857964261E-2	-7.282908647E-3	8.617074477E-1	-8.034175699E-1	-3.115444332E-1
3.433333333E0	4.686993216E-2	-6.991431547E-2	8.388219430E-1	-8.347030187E-1	-8.302483156E-2
3.466666667E0	6.304465384E-2	-6.292977656E-2	3.805677259E-1	1.356428570E-1	3.555739155E-1
3.500000000E0	7.057485986E-2	-6.087145834E-2	2.014843194E-1	1.252342467E-1	1.578363532E-1
3.533333333E0	7.356707739E-2	-5.458082678E-2	5.070846930E-1	4.653950966E-1	2.013511608E-1
3.566666667E0	8.399827057E-2	-2.984511857E-2	5.009889862E-1	4.917170827E-1	9.593891257E-2
3.600000000E0	7.996300490E-2	-2.179968793E-2	3.570705231E-1	3.370257812E-1	-1.179533013E-1
3.633333333E0	7.613471716E-2	-7.376733151E-3	6.400174801E-1	6.196366018E-1	-1.602275153E-1
3.666666667E0	6.928117054E-2	1.950941885E-2	4.740862769E-1	4.339050618E-1	-1.910083643E-1
3.700000000E0	6.340082620E-2	2.155027097E-2	4.197830878E-1	-9.198489369E-2	-4.095810300E-1
3.733333333E0	4.197576854E-2	1.337709261E-2	5.539027913E-1	-1.585637387E-1	-5.307220016E-1
3.766666667E0	2.801935943E-2	1.097935506E-2	4.059827082E-1	-1.429234810E-1	-3.799932078E-1
3.800000000E0	1.664288802E-2	3.848860542E-3	5.425205786E-1	-1.453184782E-1	-5.226960093E-1
3.833333333E0	-6.827041187E-3	1.291456514E-3	4.841460683E-1	-2.348126704E-1	-4.233915745E-1
3.866666667E0	-1.158321694E-2	-1.180531748E-2	4.005577525E-1	-3.950567970E-1	-6.615618063E-2
3.900000000E0	-1.123745323E-2	-2.504566328E-2	5.406331319E-1	-5.080496750E-1	1.848505099E-1
3.933333333E0	7.401503872E-4	-4.567529582E-2	5.392093829E-1	-4.823362704E-1	2.410362647E-1
3.966666667E0	4.831631082E-3	-5.720141465E-2	3.853987321E-1	-3.289532739E-1	2.008032028E-1
4.000000000E0	1.412703057E-2	-6.760551408E-2	3.278448962E-1	-2.726516182E-1	1.820532093E-1
4.033333333E0	1.696851170E-2	-7.537818919E-2	2.893007769E-1	-1.477959515E-1	2.486992083E-1
4.066666667E0	3.070697779E-2	-7.745857751E-2	2.798313199E-1	-1.555260810E-1	2.326310506E-1
4.100000000E0	3.247724841E-2	-8.574659460E-2	2.744173025E-1	-1.801645615E-1	2.069917550E-1
4.133333333E0	4.450642813E-2	-8.946954828E-2	4.387614265E-1	8.350189898E-2	4.307424082E-1
4.166666667E0	6.119340896E-2	-8.017980133E-2	4.320335991E-1	1.079050508E-1	4.183414045E-1
4.200000000E0	7.239585510E-2	-8.227587822E-2	2.117105373E-1	-3.367779554E-2	2.090147308E-1
4.233333333E0	7.512772435E-2	-8.242498770E-2	1.033902041E-1	7.320379639E-2	7.301190654E-2
4.266666667E0	7.726331554E-2	-7.739562513E-2	2.054980482E-1	1.891285184E-1	8.037320054E-2
4.300000000E0	8.048593772E-2	-6.981641981E-2	3.971493429E-1	3.658358594E-1	1.545694813E-1
4.333333333E0	8.756794762E-2	-5.300656784E-2	3.664135597E-1	3.576263018E-1	-7.976418374E-2
4.366666667E0	7.516832547E-2	-4.597466635E-2	4.295648645E-1	3.205754866E-1	-2.859323875E-1
4.400000000E0	6.850578845E-2	-3.163486873E-2	4.810101556E-1	4.111023419E-1	-2.497311240E-1
4.433333333E0	5.851958387E-2	-1.856784356E-2	6.154933125E-1	4.641458990E-1	-4.042284035E-1
4.466666667E0	4.155722822E-2	-6.918087975E-4	6.191006323E-1	4.461214408E-1	-4.292566283E-1
4.500000000E0	2.990247531E-2	1.117358583E-2	4.235005699E-1	2.852583239E-1	-3.130182445E-1
4.533333333E0	2.068934525E-2	1.832541279E-2	3.819459667E-1	2.316909419E-1	-3.036478699E-1
4.566666667E0	9.659283981E-3	2.661964862E-2	2.249300870E-1	-3.241257093E-2	-2.225825000E-1
4.600000000E0	5.850511918E-3	1.616457473E-2	2.955162493E-1	-1.139942734E-1	-2.726447491E-1
4.633333333E0	-8.517032627E-3	1.902003040E-2	2.444761110E-1	-1.305072100E-1	-2.067279299E-1
4.666666667E0	-7.931350074E-3	7.464094069E-3	3.988851064E-1	-3.907013767E-1	8.038508761E-2
4.700000000E0	-3.158026787E-3	-7.026728053E-3	6.266732690E-1	-5.234382697E-1	3.445747581E-1
4.733333333E0	1.504030046E-2	-2.743179058E-2	5.528294982E-1	-3.400189181E-1	4.358985999E-1
4.766666667E0	2.590187987E-2	-2.969465593E-2	5.010399898E-1	-2.647573443E-1	4.253758574E-1
4.800000000E0	4.339869096E-2	-4.508228019E-2	5.863112286E-1	-3.388603470E-1	4.784710253E-1
4.833333333E0	5.779994823E-2	-5.228534573E-2	5.370960279E-1	-2.785112082E-1	4.592424742E-1
4.866666667E0	7.401485591E-2	-6.364969407E-2	2.272733016E-1	-9.459830877E-2	2.066502204E-1
4.900000000E0	7.157662959E-2	-5.859189965E-2	2.796917960E-1	1.244515191E-1	2.504781830E-1
4.933333333E0	9.071340144E-2	-5.535292613E-2	2.349739995E-1	-6.876073765E-2	2.246880980E-1
4.966666667E0	8.655583612E-2	-6.317594882E-2	6.406324645E-2	-6.331567705E-2	9.758308520E-3
5.000000000E0	9.136395534E-2	-5.957397127E-2	1.368332951E-1	1.241973015E-1	5.743153265E-2
5.033333333E0	9.038460496E-2	-5.489612872E-2	2.902802267E-1	2.833127928E-1	-6.321765149E-2
5.066666667E0	8.714944524E-2	-4.068645175E-2	3.822872518E-1	2.518068003E-1	-2.876401888E-1
5.100000000E0	7.120859237E-2	-3.810900870E-2	3.113724191E-1	2.517730715E-1	-1.832023576E-1
5.133333333E0	7.493595473E-2	-2.390158032E-2	4.115490044E-1	3.881942913E-1	-1.366666576E-1
5.166666667E0	6.209748187E-2	-1.222938928E-2	5.459403263E-1	2.471385418E-1	-4.867991177E-1
5.200000000E0	4.248268022E-2	-7.425677527E-3			-6.618675927E-1
5.233333333E0	1.797297569E-2				-5.352291745E-1
5.266666667E0	6.800735254E-3	1.757622456E-2			-2.709822754E-1
5.300000000E0	-9.250933719E-5	1.554206948E-2	1.326097299E-1	-2.090939423E-2	-1.309508980E-1
5.333333333E0	-1.929324613E-3	1.618226494E-2	2.947280346E-2	-1.183275387E-2	-2.699318580E-2
5.366666667E0	-1.892055057E-3	1.475321922E-2	1.367874153E-1	-9.501614570E-2	9.840085892E-2
5.400000000E0	4.630732649E-3	9.847855231E-3	1.219985135E-1	-1.099340105E-1	5.289754842E-2
5.433333333E0	1.634448171E-3	7.424285184E-3	2.024956418E-1	-1.949927031E-1	5.461071972E-2
5.466666667E0	8.271447297E-3	-3.151658306E-3	5.677901431E-1	-4.211883146E-1	3.807703379E-1
5.500000000E0	2.701913736E-2	-2.065493579E-2	8.257534105E-1	-5.074790210E-1	6.514090406E-1
5.533333333E0	5.169871667E-2	-3.698359304E-2	5.808689902E-1	-1.985079480E-1	5.458968569E-1
5.566666667E0	6.341226116E-2	-3.388879899E-2	3.017435541E-1	5.696328293E-3	3.016897815E-1
5.600000000E0	7.181136877E-2	-3.660383782E-2	3.778615459E-1	-7.596430878E-2	3.701469595E-1
5.633333333E0	8.808872513E-2	-3.895308624E-2			3.689157274E-1
5.666666667E0	9.640575060E-2				1.978063360E-1
5.700000000E0	1.012758142E-1	-3.388879899E-2			6.702209664E-2
5.733333333E0	1.008738904E-1	-3.171992924E-2	1.037539807E-1	8.012014520E-2	-6.592155072E-2
5.766666667E0	9.688104415E-2	-2.854745597E-2	2.492630729E-1	5.575912845E-2	-2.429464943E-1
5.800000000E0	8.467745742E-2	-2.800265401E-2	5.056130834E-1	2.122963081E-2	-5.051671930E-1
5.833333333E0	6.320323128E-2	-2.713214725E-2	4.975683947E-1	2.081482676E-1	-4.519387194E-1
5.866666667E0	5.454820946E-2	-1.412610283E-2	5.295901236E-1	3.001091639E-1	-4.363487009E-1
5.900000000E0	3.411331788E-2	-7.124869662E-3	5.694834219E-1	1.314138370E-1	-5.541135004E-1
5.933333333E0	1.760730944E-2	-5.365180368E-3	3.667171056E-1	9.582970788E-2	-3.539747203E-1
5.966666667E0	1.051500320E-2	-7.362224701E-4	3.767278648E-1	1.418093236E-1	-3.490186240E-1
6.000000000E0	-5.660598829E-3	4.088774541E-3	2.794271954E-1	-1.503171975E-2	-2.790225885E-1
6.033333333E0	-8.086502702E-3	-1.738337120E-3	1.144491270E-1	-1.143469830E-1	-4.834268674E-3
6.066666667E0	-5.982883407E-3	-3.534357661E-3	8.700773765E-2	-8.384018356E-2	2.326306153E-2
6.100000000E0	-6.535631934E-3	-7.327682691E-3	4.867633306E-2	2.068754523E-2	4.406144429E-2
6.133333333E0	-3.045453788E-3	-2.155187979E-3	3.573753231E-1	-1.385818909E-1	3.294118715E-1
6.166666667E0	1.542515950E-2	-1.656647542E-2	5.953285495E-1	-2.569618938E-1	5.370164495E-1
6.200000000E0	3.275564285E-2	-1.928598090E-2	3.266338092E-1	-1.175964456E-1	3.047305717E-1
6.233333333E0	3.574053095E-2	-2.440623846E-2	5.021200942E-1	4.588853767E-4	5.021198845E-1
6.266666667E0	6.623030181E-2	-1.925538854E-2	6.011574998E-1	-9.429498458E-2	5.937160899E-1
6.300000000E0	7.532160361E-2	-3.069257076E-2	2.758731277E-1	-1.271655971E-1	2.448160401E-1
6.333333333E0	8.255137115E-2	-2.773309502E-2	2.273518102E-1	5.110489722E-2	2.215335981E-1
6.366666667E0	9.009051015E-2	-2.728557761E-2	1.321513175E-1	6.012640903E-2	1.176808636E-1
6.400000000E0	9.039676206E-2	-2.372466775E-2	2.506428425E-1	2.371100045E-1	8.124457059E-2
6.433333333E0	9.550681486E-2	-1.147824398E-2			
6.466666667E0		-1.433684077E-2		-1.189723959E-1	
6.500000000E0	7.578116321E-2	-1.940973704E-2			
6.533333333E0	5.917715634E-2	-4.525904944E-3	4.383073634E-1	1.626824431E-1	-4.069984859E-1
6.566666667E0	4.864793082E-2	-8.564240836E-3	1.357297475E-1	1.004738591E-1	-9.125550936E-2
6.600000000E0	5.309345572E-2	2.172352329E-3	4.243535919E-2	2.548695508E-2	-3.392896742E-2
6.633333333E0	4.638599965E-2	-6.865110497E-3	1.690056784E-1	-1.360995554E-1	-1.001989537E-1
6.666666667E0	4.641352547E-2	-6.900951365E-3	1.422702282E-3	-1.413290237E-3	1.633783624E-4
6.700000000E0	4.639689155E-2	-6.959329846E-3	8.739961038E-4	-8.444599950E-4	-2.252920468E-4
6.733333333E0	4.639850600E-2	-6.957248698E-3	1.408655039E-4	-1.202889378E-5	1.403509740E-4
6.766666667E0	4.640624828E-2	-6.960131773E-3	4.416433097E-4	1.801228889E-4	4.032425546E-4
6.800000000E0	4.642538883E-2	-6.945240506E-3	1.918245585E-4	1.349571797E-4	1.363202878E-4
6.833333333E0	4.641533630E-2	-6.951134627E-3	3.554794243E-4	2.033665359E-4	-2.915607538E-4
6.866666667E0	4.640595145E-2	-6.931682737E-3	3.679973256E-4	3.111595286E-4	-1.964733556E-4
6.900000000E0	4.640223807E-2	-6.930390659E-3	1.209676969E-3	-1.133380015E-3	-4.228097801E-4
6.933333333E0	4.637776413E-2	-7.007241404E-3	7.949325307E-4	-6.090366251E-4	-5.108738765E-4
6.966666667E0	4.636817981E-2	-6.970993101E-3	8.507991309E-4	8.071936227E-4	-2.688821612E-4
7.000000000E0	4.635983866E-2	-6.953428496E-3	4.090292958E-4	4.069925097E-4	4.076839309E-5
7.033333333E0	4.637089771E-2	-6.943860267E-3	7.437931398E-4	5.706170505E-4	4.771000068E-4
7.066666667E0	4.639164532E-2	-6.915387360E-3	4.713974780E-4	3.180629493E-4	3.479246219E-4
7.100000000E0	4.639409268E-2	-6.922656070E-3	2.094013655E-4	-1.494973431E-4	1.466269971E-4
7.133333333E0	4.640142046E-2	-6.925353849E-3	5.220379506E-4	-4.910502168E-4	-1.771815634E-4
7.166666667E0	4.638228058E-2	-6.955392751E-3	1.253476494E-1	-2.106484728E-2	1.235649846E-1
7.200000000E0	5.463908610E-2	-8.329677001E-3	9.730884011E-2	9.349326875E-2	2.698182837E-2
7.233333333E0	4.818106914E-2	-7.225081677E-4	1.668626149E-1	8.148844616E-2	-1.456116939E-1
7.266666667E0	4.493163984E-2	-2.897113924E-3	5.941986067E-2	-3.269270831E-2	-4.961760439E-2
7.300000000E0	4.487322884E-2	-2.902022055E-3	9.044479442E-3	7.856890835E-3	4.480164594E-3
7.333333333E0	4.523031747E-2	-2.373321201E-3	9.526983521E-3	7.927974911E-3	5.283051090E-3
7.366666667E0	4.522543225E-2	-2.373490394E-3	3.824437837E-4	-2.450225859E-4	2.936446494E-4
7.400000000E0	4.524989378E-2	-2.389656040E-3	3.361005128E-4	2.246060401E-4	2.500313609E-4
7.433333333E0	4.524210101E-2	-2.358516658E-3	7.887403288E-2	-1.426608152E-2	7.757313955E-2
7.466666667E0	5.042143642E-2	-3.340728142E-3	7.862860719E-2	-1.478970919E-2	7.722514079E-2
7.500000000E0	5.039044373E-2	-3.344497271E-3	3.972046888E-2	-1.671820644E-2	-3.603078158E-2
7.533333333E0	4.801938432E-2	-4.455275238E-3	5.880644421E-2	2.919598841E-2	-5.104696016E-2
7.566666667E0	4.698731305E-2	-1.398098043E-3	4.894983848E-2	4.628219548E-2	-1.593879131E-2
7.600000000E0	4.695679823E-2	-1.369795539E-3	1.617236337E-1	-1.268883522E-1	-1.002690369E-1
7.633333333E0	4.030271059E-2	-9.857321524E-3	1.525279280E-1	4.447695823E-2	1.458991742E-1
7.666666667E0	5.668340984E-2	1.595335009E-3	4.466253200E-1	2.960559943E-1	3.344024891E-1
7.700000000E0	6.259620986E-2	9.879744760E-3	3.876327359E-1	3.709794748E-1	1.123982526E-1
7.733333333E0	6.417662668E-2	2.632730000E-2	5.950972179E-1	5.949554859E-1	-1.298724448E-2
7.766666667E0	6.173039356E-2	4.954344382E-2	2.956861929E-1	2.619990084E-1	-1.370651096E-1
7.800000000E0	5.503895271E-2	4.379390056E-2	2.063738773E-1	3.520385936E-2	-2.033491222E-1
7.833333333E0	4.817378542E-2	5.189036778E-2	3.002950248E-1	1.635862893E-1	-2.518265829E-1
7.866666667E0	3.825051385E-2	5.469965318E-2	4.492735611E-1	-1.676856714E-1	-4.168072077E-1
7.900000000E0	2.038663824E-2	4.071132302E-2	4.990996665E-1	-3.390857148E-1	-3.662258253E-1
7.933333333E0	1.383545882E-2	3.209393886E-2	4.452362378E-1	-4.430796461E-1	4.376910652E-2
7.966666667E0	2.330457867E-2	1.117267994E-2	3.098370248E-1	-2.951182512E-1	9.436206733E-2
8.000000000E0	2.012626331E-2	1.241938878E-2	2.347448967E-1	-2.346992671E-1	4.628233184E-3
8.033333333E0	2.361312755E-2	-4.473937865E-3	5.437109613E-1	-4.258888262E-1	3.379945520E-1
8.066666667E0	4.265923344E-2	-1.597319964E-2			
8.100000000E0		-1.541201050E-2		-5.554676929E-1	
8.133333333E0	5.311925645E-2	-5.300437916E-2			
8.166666667E0	5.591246118E-2	-6.124797311E-2	8.917669651E-2	-4.407070157E-2	7.752584384E-2
8.200000000E0	5.828764604E-2	-5.594242593E-2	4.098466798E-1	3.947582961E-1	1.101825240E-1
8.233333333E0	6.325796278E-2	-3.493075337E-2	4.144668147E-1	4.024878298E-1	9.892566547E-2
8.266666667E0	6.488269040E-2	-2.910990394E-2	1.344465381E-1	1.293061324E-1	3.682113174E-2
8.300000000E0	6.571270490E-2	-2.631034454E-2	2.257637708E-1	2.039100523E-1	-9.690186158E-2
8.333333333E0	5.842256629E-2	-1.551590046E-2	6.210152944E-1	5.314740142E-1	-3.212403587E-1
8.366666667E0	4.429668098E-2	9.121256405E-3	6.534682615E-1	5.129242043E-1	-4.048821180E-1
8.400000000E0	3.143042509E-2	1.867904649E-2	3.759225675E-1	2.640483108E-1	-2.675747864E-1
8.433333333E0	2.645836189E-2	2.672447713E-2	2.306269056E-1	1.171145198E-1	-1.986780281E-1
8.466666667E0	1.818522322E-2	2.648668115E-2	1.930177506E-1	-1.182597855E-1	-1.525466328E-1
8.500000000E0	1.628858637E-2	1.884049143E-2	4.661938348E-1	-4.637021597E-1	-4.813521286E-2
8.533333333E0	1.497620903E-2	-4.426796166E-3	4.498800601E-1	-4.427328990E-1	7.987270250E-2
8.566666667E0	2.161343320E-2	-1.067503517E-2	4.098166742E-1	-3.148680809E-1	2.623124055E-1
8.600000000E0	3.246370273E-2	-2.541800156E-2	5.746032708E-1	-2.943487308E-1	4.934853022E-1
8.633333333E0	5.451245335E-2	-3.029828389E-2			
8.666666667E0					
8.700000000E0	6.662361642E-2	-3.222101959E-2			
8.733333333E0	7.216447037E-2	-3.237450660E-2	3.081752756E-1	-2.430108066E-2	3.072156539E-1
8.766666667E0	8.710466002E-2	-3.384109164E-2	1.772294887E-1	-1.230101350E-1	1.275883942E-1
8.800000000E0	8.067036332E-2	-4.057518227E-2	3.145082892E-1	1.017528495E-2	-3.143436457E-1
8.833333333E0	6.614841697E-2	-3.316273931E-2	4.446705005E-1	2.597175989E-1	-3.609413011E-1
8.866666667E0	5.660760991E-2	-2.326067568E-2	4.837127087E-1	3.079365222E-1	-3.730322812E-1
8.900000000E0	4.127959823E-2	-1.263363783E-2	6.399319930E-1	4.417154610E-1	-4.630339159E-1
8.933333333E0	2.573868219E-2	6.187021716E-3	2.725709383E-1	1.717396784E-1	-2.116610480E-1
8.966666667E0	2.716886169E-2	-1.184325932E-3	2.678058138E-1	2.882466939E-2	-2.662500560E-1
9.000000000E0	7.988678453E-3	8.108666342E-3	3.670147207E-1	2.722889846E-1	-2.460863955E-1
9.033333333E0	1.076310199E-2	1.696827304E-2	9.810361160E-2	4.319898971E-2	8.808045128E-2
9.066666667E0	1.386070854E-2	1.098859899E-2	2.137599213E-1	-1.802354762E-1	1.149281388E-1
9.100000000E0	1.842497791E-2	4.952574630E-3	3.436875482E-1	-3.436062168E-1	-7.476532976E-3
9.133333333E0	1.336227301E-2	-1.191848213E-2	5.396984535E-1	-4.209490828E-1	3.377518177E-1
9.166666667E0	4.094176576E-2	-2.311069756E-2	4.941409743E-1	-1.685067290E-1	4.645221036E-1
9.200000000E0	4.433041325E-2	-2.315226406E-2	2.654159159E-1	-1.375832458E-1	2.269723747E-1
9.233333333E0	5.607325740E-2	-3.228291394E-2	4.722413988E-1	-1.985241305E-1	4.284858322E-1
9.266666667E0	7.289613539E-2	-3.638720609E-2	3.062081646E-1	-1.813586654E-2	3.056706240E-1
9.300000000E0	7.645129901E-2	-3.349197171E-2	2.536554369E-1	1.177619842E-1	2.246624040E-1
9.333333333E0	8.787362899E-2	-2.853640715E-2	1.316957501E-1	1.292179982E-1	-2.542596158E-2
9.366666667E0	7.475623490E-2	-2.487743850E-2	3.916069044E-1	1.549339076E-1	-3.596546286E-1
9.400000000E0	6.389665375E-2	-1.820747997E-2	4.376046120E-1	2.035783972E-1	-3.873675678E-1
9.433333333E0	4.893173038E-2	-1.130554535E-2	5.219220620E-1	1.806429388E-1	-4.896639331E-1
9.466666667E0	3.125239154E-2	-6.164617385E-3	4.987247114E-1	2.503651539E-1	-4.313277495E-1
9.500000000E0	2.017654708E-2	5.385464910E-3	3.631203903E-1	2.274940304E-2	-3.624070674E-1
9.533333333E0	7.091920385E-3	-4.647990515E-3	3.688810465E-1	-2.387689567E-1	-2.811807457E-1
9.566666667E0	1.431164035E-3	-1.053246554E-2	1.748107095E-1	-1.232970227E-1	-1.239218639E-1
9.600000000E0	-1.169537206E-3	-1.286779203E-2	1.039786383E-1	-1.039622286E-1	1.847226868E-3
9.633333333E0	1.554312493E-3	-1.746328078E-2	1.522799872E-1	-4.503688736E-2	1.454677741E-1
9.666666667E0	8.528314397E-3	-1.587025118E-2	3.601598923E-1	8.823570530E-2	3.491842040E-1
9.700000000E0	2.483325943E-2	-1.158090042E-2	4.203900055E-1	-1.465585415E-1	3.940156731E-1
9.733333333E0	3.479602594E-2	-2.564082062E-2	4.369729895E-1	-2.271931518E-1	3.732675520E-1
9.766666667E0	4.971776289E-2	-2.672711054E-2	5.328668393E-1	-2.740980100E-2	5.321614146E-1
9.800000000E0	7.027345358E-2	-2.746814068E-2	5.185179024E-1	1.060044147E-1	5.075666254E-1
9.833333333E0	8.355553792E-2	-1.966014957E-2	4.574262690E-1	4.287290390E-1	1.594685005E-1
9.866666667E0	8.090468695E-2	1.113795248E-3	1.311485973E-1	1.299225845E-1	-1.789068508E-2
9.900000000E0	8.236282558E-2	-1.099864393E-2	2.628272693E-1	-1.707132566E-1	-1.998378280E-1
9.933333333E0	6.758216508E-2	-1.026708853E-2	5.367442571E-1	1.047353938E-1	-5.264265332E-1
9.966666667E0	4.726772337E-2	-4.016284345E-3	5.681007073E-1	5.988267318E-2	-5.649358185E-1
1.000000000E1	2.991977718E-2	-6.274910314E-3	4.482140046E-1	-7.629401635E-3	-4.481490669E-1
1.003333333E1	1.739111891E-2	-4.524911121E-3			-2.596051650E-1
1.006666667E1	1.261276618E-2				
1.013333333E1	9.373986432E-3	-2.139015041E-2			
1.016666667E1	1.740298150E-2	-2.654239663E-2	2.013846687E-1	-1.321412852E-1	1.519686334E-1
1.020000000E1	1.950522866E-2	-3.019956942E-2	8.672092094E-2	-5.579845628E-2	6.638561897E-2
1.023333333E1	2.182868944E-2	-3.026229372E-2	1.859154122E-1	4.817339493E-3	1.858529896E-1
1.026666667E1	3.189542796E-2	-2.987841346E-2	3.760054868E-1	1.152810546E-1	3.578971983E-1
1.030000000E1	4.568850266E-2	-2.257689008E-2			
1.033333333E1		-1.429580662E-2		2.935065783E-1	
1.036666667E1	6.488269040E-2	-3.009784859E-3			
1.040000000E1	6.646845101E-2	5.116669180E-3	2.843465085E-1	2.843451517E-1	-8.783929181E-4
1.043333333E1	6.482413087E-2	1.594655859E-2	2.344627223E-1	2.032891911E-1	-1.168172628E-1
1.046666667E1	5.868063349E-2	1.866928192E-2	2.591975248E-1	-1.208861501E-2	-2.589154732E-1
1.050000000E1	4.756309932E-2	1.514065092E-2	4.342338127E-1	-3.210245721E-1	-2.924076404E-1
1.053333333E1	3.918679080E-2	-2.732356217E-3	8.730663244E-1	-8.284747987E-1	-2.754529263E-1
1.056666667E1	2.919957090E-2	-4.009100232E-2	3.038932129E-1	-2.247258163E-1	-2.045712402E-1
1.060000000E1	2.554870812E-2	-1.771407730E-2	2.858071303E-1	2.604992461E-1	-1.175834109E-1
1.063333333E1	2.136067684E-2	-2.272438592E-2	1.850621185E-1	-1.801194613E-1	-4.248490724E-2
1.066666667E1	2.271638097E-2	-2.972204139E-2	1.915830015E-1	-1.451475297E-1	1.250449563E-1
1.070000000E1	2.969700726E-2	-3.240088790E-2	3.735543671E-1	-1.702523712E-1	3.325011207E-1
1.073333333E1	4.488312235E-2	-4.107219947E-2	7.785636125E-1	-3.752216849E-1	6.821803177E-1
1.076666667E1	7.517569511E-2	-5.741566689E-2	1.685842483E-1	1.684062136E-1	7.745708454E-3
1.080000000E1	4.539950291E-2	-2.984511857E-2	6.509006293E-1	5.198261048E-1	-3.917300728E-1
1.083333333E1	4.906035692E-2	-2.276059324E-2	3.231287084E-1	2.922478123E-1	1.378527416E-1
1.086666667E1	5.458968569E-2	-1.036193108E-2			8.306861469E-2
1.090000000E1	5.459826457E-2				-2.050014069E-2
1.093333333E1	5.322300964E-2	-1.710343034E-3			-3.272527375E-2
1.096666667E1	5.241657965E-2	1.449552596E-3	1.168568768E-1	-5.042226994E-2	-1.054188045E-1
1.100000000E1	4.619508935E-2	-5.071827696E-3	1.250854033E-1	-9.315040428E-2	-8.348269469E-2
1.103333333E1	4.685106667E-2	-4.760474357E-3	3.794295547E-2	3.775959568E-2	3.725695090E-3
1.106666667E1	4.644346902E-2	-2.554521318E-3	5.731604674E-2	-5.697400444E-2	6.252362193E-3
1.110000000E1	4.726789082E-2	-8.558741319E-3	7.796905799E-2	-7.796618093E-2	6.698020657E-4
1.113333333E1	4.648812249E-2	-7.752266713E-3	1.678154727E-2	1.176828788E-2	-1.196360017E-2
1.116666667E1	4.647031747E-2	-7.774188794E-3	5.712107432E-4	-4.149638303E-4	-3.925388296E-4
1.120000000E1	4.646195323E-2	-7.779930968E-3	1.297985924E-4	5.907999668E-5	-1.155734770E-4
1.123333333E1	4.646261257E-2	-7.770250128E-3	6.972899277E-5	6.830290824E-5	-1.403015181E-5
1.126666667E1	4.646101789E-2	-7.775377441E-3	9.306934435E-5	-7.576945126E-5	5.404528763E-5
1.130000000E1	4.646621559E-2	-7.775301424E-3	2.142543150E-2	2.136752699E-2	-1.574136276E-3
1.133333333E1	4.635607547E-2	-6.350875641E-3	5.149987831E-2	-2.645459333E-2	-4.418587962E-2
1.136666667E1	4.352049028E-2	-9.538940980E-3	1.036574292E-1	4.876782121E-2	9.146891413E-2
1.140000000E1	5.245400308E-2	-3.099687561E-3	2.120817575E-1	1.362323353E-1	1.625405262E-1
1.143333333E1	5.435652536E-2	-4.567852907E-4	6.558842680E-2	6.203339008E-2	-2.130024050E-2
1.146666667E1	5.103398705E-2	1.035871778E-3	6.810742345E-2	-1.075523882E-2	-6.725285099E-2
1.150000000E1	4.987300196E-2	-1.173801212E-3	1.246586711E-1	-1.230609548E-1	-1.989436333E-2
1.153333333E1	4.970769616E-2	-7.168191875E-3	8.691101423E-2	-6.374363983E-2	-5.907853058E-2
1.156666667E1	4.593443326E-2	-5.423377200E-3	4.849802217E-2	3.585405503E-4	-4.849669683E-2
1.160000000E1	4.647458304E-2	-7.144289171E-3	2.674401646E-2	-2.525308139E-2	8.804788270E-3
1.163333333E1	4.652141914E-2	-7.106915960E-3	5.939963106E-4	1.907176354E-4	5.625463541E-4
1.166666667E1	4.651208613E-2	-7.131574662E-3	7.759478109E-4	-6.223497127E-4	-4.634391442E-4
1.170000000E1	4.649052320E-2	-7.148405941E-3	5.657040999E-4	-3.584021059E-4	-4.376860281E-4
1.173333333E1	4.648290706E-2	-7.155468136E-3	2.587840448E-4	-1.709794012E-4	-1.942555693E-4
1.176666667E1	4.647757283E-2	-7.159804567E-3	6.612879267E-2	6.386663784E-2	-1.714846324E-2
1.180000000E1	4.533967618E-2	-2.897692280E-3	9.613203948E-2	-9.587710483E-2	-6.996412170E-3
1.183333333E1	4.601114535E-2	-1.355161156E-2	1.246376014E-1	-9.273502193E-2	8.327513072E-2
1.186666667E1	5.089135156E-2	-9.080027076E-3	2.413573718E-1	2.187237523E-1	1.020455834E-1
1.190000000E1	5.281418425E-2	1.029971928E-3	1.020096429E-1	1.018650868E-1	5.428751427E-3
1.193333333E1	5.125326832E-2	-2.289021291E-3	7.033786399E-2	-6.636703637E-2	-2.329874663E-2
1.196666667E1	5.126093447E-2	-3.394497163E-3	1.514758692E-1	-1.112164723E-1	1.028388801E-1
1.200000000E1	5.810919366E-2	-9.703452775E-3	1.189062144E-1	-9.899739909E-2	-6.586503470E-2
1.203333333E1	4.686993216E-2	-9.994323769E-3	2.310714031E-1	-1.280169742E-1	-1.923685205E-1
1.206666667E1	4.528462563E-2	-1.823791772E-2	1.401570247E-1	-1.236539093E-1	6.598259096E-2
1.210000000E1	5.126877156E-2	-1.823791772E-2	1.951036693E-1	-8.273662501E-2	1.766920844E-1
1.213333333E1	5.706409792E-2	-2.375369272E-2	2.408746653E-1	-2.017826253E-1	1.315461003E-1
1.216666667E1	6.003851158E-2	-3.169009274E-2	1.743857861E-1	-1.715650012E-1	3.123864215E-2
1.220000000E1	5.914667406E-2	-3.519135947E-2	1.419876734E-1	1.511278150E-2	-1.411811008E-1
1.223333333E1	5.062643819E-2	-3.068257397E-2	3.905067041E-1	2.769516892E-1	-2.753057351E-1
1.226666667E1	4.079295839E-2	-1.672791352E-2	5.757316799E-1	5.051086302E-1	-2.762828967E-1
1.230000000E1	3.220757841E-2	2.991334708E-3	4.377475984E-1	4.373645359E-1	-1.830908611E-2
1.233333333E1	3.957235265E-2	1.242972220E-2	2.112404546E-1	1.605994908E-1	1.372236613E-1
1.236666667E1	4.135582249E-2	1.369796743E-2	4.755919587E-2	-0.000000000E0	4.755919587E-2
1.240000000E1	4.274296571E-2	1.242972220E-2	1.560721942E-1	-1.364364216E-1	-7.578675797E-2
1.243333333E1	3.630337196E-2	4.602205990E-3	3.812159551E-1	-3.804735669E-1	-2.377959793E-2
1.246666667E1	4.115765918E-2	-1.293518226E-2	3.891317766E-1	-3.623147977E-1	1.419560740E-1
1.250000000E1	4.576711023E-2	-1.955211386E-2	1.783996774E-1	-1.421588471E-1	1.077836124E-1
1.253333333E1	4.834323333E-2	-2.241243873E-2			5.460417243E-2
1.256666667E1	4.940738839E-2				7.715445634E-2
1.260000000E1	5.348686376E-2	-2.947751125E-2			-1.928793150E-3
1.263333333E1	4.927880218E-2	-2.399453246E-2	1.434994838E-1	9.415946378E-2	-1.082871056E-1
1.266666667E1	4.626772338E-2	-2.320021367E-2	5.381583042E-2	3.843677766E-2	-3.766640050E-2
1.270000000E1	4.676770881E-2	-2.143208062E-2	1.724373303E-1	1.721720331E-1	9.561584615E-3
1.273333333E1	4.690516236E-2	-1.172207813E-2	2.652205200E-1	2.645480270E-1	-1.887500046E-2
1.276666667E1	4.550937545E-2	-3.795545487E-3	2.081320381E-1	1.993679280E-1	-5.976097880E-2
1.280000000E1	4.292109710E-2	1.569117066E-3	2.655447555E-1	1.867712404E-1	-1.887604856E-1
1.283333333E1	3.292534308E-2	8.655870541E-3			
1.286666667E1		7.800675145E-3		-2.246118180E-1	
1.290000000E1	3.804735669E-2	-6.318250659E-3			
1.293333333E1	4.278663689E-2	-2.850885369E-2	2.642321082E-1	-2.371067156E-1	1.166148036E-1
1.296666667E1	4.582167694E-2	-2.212536503E-2			
1.300000000E1					
1.303333333E1	4.727891607E-2	-2.436452182E-2			
1.306666667E1	4.587816171E-2	-2.271835482E-2	1.090783920E-1	5.095437048E-3	-1.089593140E-1
1.310000000E1	4.001496180E-2	-2.402482601E-2	8.290670101E-2	1.567288121E-2	8.141180422E-2
1.313333333E1	5.130561532E-2	-2.167349607E-2	4.521939719E-1	4.514177099E-1	-2.648470190E-2
1.316666667E1	3.824931501E-2	6.069687977E-3	2.449468891E-1	2.322069248E-1	-7.796744546E-2
1.320000000E1	4.610778562E-2	-6.193034418E-3	2.162311056E-1	-1.802886049E-1	1.193813636E-1
1.323333333E1	4.620807258E-2	-5.949552349E-3	6.842688166E-3	6.494437131E-3	2.155149111E-3
1.326666667E1	4.625146223E-2	-5.760071943E-3	3.758226363E-2	-3.077524312E-2	2.157106744E-2
1.330000000E1	4.764614375E-2	-8.001235223E-3	1.273817008E-1	-4.745143551E-2	-1.182136158E-1
1.333333333E1	3.837055451E-2	-8.923500977E-3	1.150570967E-1	-6.640809557E-2	9.395797121E-2
1.336666667E1	5.391000850E-2	-1.242844159E-2	1.164242194E-1	3.047388708E-2	1.123652128E-1
1.340000000E1	4.586156870E-2	-6.891908505E-3	1.465182430E-1	8.291908091E-2	-1.207974401E-1
1.343333333E1	4.585684582E-2	-6.900502867E-3	1.648377911E-4	-8.037505489E-5	-1.439143771E-4
1.346666667E1	4.585197441E-2	-6.897266842E-3	3.175748991E-4	2.974837330E-4	-1.111631467E-4
1.350000000E1	4.584943494E-2	-6.880670619E-3	4.195927408E-4	4.194799556E-4	-9.728049899E-6
1.353333333E1	4.585132587E-2	-6.869301512E-3	9.713584814E-2	9.619324127E-2	1.349938253E-2
1.356666667E1	4.674939378E-2	-4.677878674E-4	7.204034021E-2	-3.257468121E-2	6.425496683E-2
1.360000000E1	5.013499033E-2	-9.040946926E-3	7.672021219E-2	-4.407040739E-2	6.279960311E-2
1.363333333E1	5.093603399E-2	-3.405815027E-3	8.590053258E-2	8.466484460E-2	1.451776790E-2
1.366666667E1	5.110284152E-2	-3.396623952E-3	8.088411625E-3	4.364537552E-3	6.809788144E-3
1.370000000E1	5.139001986E-2	-3.114845857E-3	3.453826064E-2	-3.238299933E-2	1.200969619E-2
1.373333333E1	5.190348793E-2	-5.555490574E-3	7.880764199E-2	7.659725322E-2	-1.853389421E-2
1.376666667E1	5.015442692E-2	1.991637692E-3	1.025682387E-1	3.085533950E-2	-9.781713353E-2
1.380000000E1	4.538234570E-2	-3.498467940E-3	1.086725477E-1	-8.202218514E-2	-7.128873515E-2
1.383333333E1	4.540184457E-2	-3.476507984E-3	9.315009088E-3	9.265252336E-3	-9.615058270E-4
1.386666667E1	4.531824531E-2	-2.880784451E-3	4.833114905E-2	-4.662721352E-2	1.272017797E-2
1.390000000E1	4.624985644E-2	-6.584988886E-3	5.722208917E-2	-5.540453751E-2	1.430750544E-2
1.393333333E1	4.627207901E-2	-6.574420285E-3	4.669169044E-4	-4.419925091E-4	1.505125163E-4
1.396666667E1	4.625989060E-2	-6.614455053E-3	9.326380273E-4	-8.530699346E-4	-3.769421396E-4
1.400000000E1	4.624694953E-2	-6.631291614E-3	1.701077059E-1	1.198688897E-1	1.206983052E-1
1.403333333E1	5.430644429E-2	1.376804257E-3	1.068121353E-1	1.871816446E-2	1.051592248E-1
1.406666667E1	5.325756452E-2	-5.383413984E-3	4.957061516E-2	-4.956600410E-2	-6.761100129E-4
1.410000000E1	5.426137029E-2	-1.927596016E-3	5.667070783E-2	5.120171952E-2	2.428894902E-2
1.413333333E1	5.487682778E-2	-1.969966016E-3	1.081756173E-2	2.436719489E-4	1.081481696E-2
1.416666667E1	5.498235808E-2	-1.911351220E-3	4.527507675E-2	4.443844133E-2	8.663573589E-3
1.420000000E1	5.545439936E-2	9.925967393E-4	4.936425808E-2	4.663712875E-2	-1.618048819E-2
1.423333333E1	5.390365887E-2	1.197790697E-3	1.649772529E-1	-1.226467161E-1	-1.103416378E-1
1.426666667E1	4.809829017E-2	-7.183850999E-3	1.520926248E-1	-9.430295099E-2	-1.193277836E-1
1.430000000E1	4.594847330E-2	-5.089072703E-3	4.518799523E-2	3.179956839E-2	-3.210517657E-2
1.433333333E1	4.595794507E-2	-5.063879773E-3	3.053492972E-2	3.052045413E-2	9.401131913E-4
1.436666667E1	4.601114751E-2	-3.054375761E-3			1.184984584E-2
1.440000000E1	4.674793479E-2				3.439418725E-2
1.443333333E1	4.830409333E-2	-2.294390386E-3			-9.742401347E-2
1.446666667E1	4.025300056E-2	-3.009784859E-3			
1.450000000E1		5.035645775E-3		-2.506880390E-3	
1.453333333E1	4.828756745E-2	-3.176910219E-3			
1.456666667E1	4.829069529E-2	-7.344649178E-3	1.831383471E-1	-5.984813227E-2	-1.730833765E-1
1.460000000E1	3.674867568E-2	-7.166785703E-3	1.651743507E-1	5.736345354E-2	-1.548935129E-1
1.463333333E1	3.796446110E-2	-3.520418942E-3	1.409948008E-1	6.189757504E-2	1.266815854E-1
1.466666667E1	4.519411471E-2	-3.040280701E-3	2.194456501E-1	-1.096668390E-1	1.900778203E-1
1.470000000E1	5.063631578E-2	-1.083154154E-2	4.500437868E-1	-3.892096711E-1	2.259540704E-1
1.473333333E1	6.025771940E-2	-2.898759211E-2	1.926563847E-1	-1.804355717E-1	-6.752397372E-2
1.476666667E1	4.613471754E-2	-2.286057966E-2	1.388439492E-1	3.608907922E-2	-1.340716994E-1
1.480000000E1	5.131960610E-2	-2.658165350E-2	3.438607252E-2	3.395515919E-2	-5.426706875E-3
1.483333333E1	4.577293708E-2	-2.059690238E-2	2.428380620E-1	1.764975671E-1	-1.667900871E-1
1.486666667E1	4.020026696E-2	-1.481514902E-2			-4.772931125E-2
1.490000000E1	4.259098299E-2				2.893976272E-2
1.493333333E1	4.212958448E-2	-4.933128504E-3			-1.078837430E-1
1.496666667E1	3.539873346E-2	-9.437168938E-4	1.489393885E-1	1.115617997E-1	9.867576352E-2
1.500000000E1	4.870796871E-2	2.504324807E-3	3.099523895E-1	-7.345002450E-3	3.098653493E-1
1.503333333E1	5.605642341E-2	-1.433383724E-3	1.236602138E-1	-1.236539093E-1	1.248680787E-3
1.506666667E1	4.879121410E-2	-5.739269144E-3	2.756157390E-1	-2.386962940E-1	-1.377973688E-1
1.510000000E1	4.686993216E-2	-1.734646999E-2	2.411448485E-1	-2.400168954E-1	-2.329652042E-2
1.513333333E1	4.723811274E-2	-2.174039551E-2	5.896169245E-2	-5.766678772E-2	-1.228913222E-2
1.516666667E1	4.605065668E-2	-2.119092250E-2	3.584987156E-2	-2.029215978E-2	-2.955404443E-2
1.520000000E1	4.526784311E-2	-2.309320616E-2			
1.523333333E1		-1.504777552E-2		1.206814595E-1	
1.526666667E1	5.158143144E-2	-1.504777552E-2			
1.530000000E1	4.209103711E-2	3.974754051E-3	3.284683959E-1	2.963005086E-1	-1.417656366E-1
1.533333333E1	4.213038900E-2	4.705591718E-3	7.527865943E-2	-2.420680964E-2	7.128048072E-2
1.536666667E1	4.684306916E-2	2.360966741E-3			
1.540000000E1		1.786158264E-3		-5.708782487E-3	
1.543333333E1	5.383029500E-2	1.980381242E-3			
1.546666667E1	4.594726684E-2	-3.543855296E-3	1.605414438E-1	-1.086005658E-1	-1.182348184E-1
1.550000000E1	4.594797377E-2	-5.259656480E-3	2.573711046E-2	-2.573701776E-2	-6.907661943E-5
1.553333333E1	4.594266173E-2	-5.259656480E-3	2.825931058E-2	-2.720978031E-2	7.629973154E-3
1.556666667E1	4.645663865E-2	-7.073641834E-3	1.350290661E-2	-1.329233435E-2	2.375359864E-3
1.560000000E1	4.610101905E-2	-6.145812103E-3	7.239290298E-2	7.071571988E-2	-1.549255830E-2
1.563333333E1	4.542380142E-2	-2.359260508E-3	1.554354215E-1	1.222094644E-1	9.604695242E-2
1.566666667E1	5.250414921E-2	2.001485526E-3	1.642131938E-1	9.998155774E-3	1.639085412E-1
1.570000000E1	5.635103751E-2	-1.692716790E-3	1.001453686E-1	-8.551532486E-2	5.211740654E-2
1.573333333E1	5.597864298E-2	-3.699536132E-3	3.181206863E-2	-2.908094243E-2	-1.289598767E-2
1.576666667E1	5.549130500E-2	-3.631446285E-3	1.691173785E-2	1.320287041E-2	1.056840054E-2
1.580000000E1	5.668320302E-2	-2.819344771E-3	7.450153110E-2	7.262654774E-2	-1.660911494E-2
1.583333333E1	5.438403067E-2	1.210323564E-3	6.405248987E-2	1.138140247E-3	-6.404237734E-2
1.586666667E1	5.241371120E-2	-2.743468755E-3	1.753844124E-1	-1.314733694E-1	-1.160794781E-1
1.590000000E1	4.664539879E-2	-7.554567731E-3	1.128694829E-1	-7.215348864E-2	-8.679512798E-2
1.593333333E1	4.662736933E-2	-7.553701331E-3	3.614346967E-4	3.575795465E-4	5.264891192E-5
1.596666667E1	4.664890872E-2	-7.530729095E-3	7.298580074E-4	5.885579757E-4	4.316158247E-4
1.600000000E1	4.665614372E-2	-7.514464132E-3	1.010407897E-1	1.010153262E-1	2.268274038E-3
1.603333333E1	4.680012699E-2	-7.963740171E-4	1.553423709E-1	1.100360405E-1	1.096509097E-1
1.606666667E1	5.396620436E-2	-1.787280990E-4	1.166214856E-1	-3.635743853E-2	1.108093297E-1
1.610000000E1	5.418741564E-2	-3.220203252E-3	5.987268973E-2	-5.453286208E-2	2.471651125E-2
1.613333333E1	5.561397178E-2	-3.814252238E-3	3.378511481E-2	-8.448702750E-3	3.271167077E-2
1.616666667E1	5.636819369E-2	-3.783450102E-3	1.194100514E-1	-1.025736033E-1	-6.113441153E-2
1.620000000E1	5.153834434E-2	-1.065249246E-2	7.558983693E-2	7.461723807E-2	-1.208682054E-2
1.623333333E1	5.556240566E-2	1.191032435E-3	1.198862034E-1	1.182490810E-1	-1.974478676E-2
1.626666667E1	5.022202523E-2	-2.769220395E-3	1.771625438E-1	-1.503089909E-1	-9.377512565E-2
1.630000000E1	4.931073061E-2	-8.829566959E-3	9.197687800E-2	-9.094074259E-2	-1.376689593E-2
1.633333333E1	4.930423217E-2	-8.831936568E-3	1.713588654E-2	5.943564609E-3	-1.607210774E-2
1.636666667E1	4.823925676E-2	-8.433329319E-3	1.706411852E-2	5.768585575E-3	-1.605950066E-2
1.640000000E1	4.823359879E-2	-8.447364196E-3	3.574219527E-2	2.313104858E-2	2.724810295E-2
1.643333333E1	5.005579696E-2	-6.891259413E-3	1.683355312E-1	1.465009472E-1	8.291154050E-2
1.646666667E1	5.376103482E-2	1.319365615E-3	8.950998554E-2	4.597579551E-2	7.680015454E-2
1.650000000E1	5.517580726E-2	-3.826206379E-3	8.075945418E-2	-7.582728653E-2	2.779050299E-2
1.653333333E1	5.561373502E-2	-3.735786820E-3	1.829400706E-2	3.649054786E-3	1.792637982E-2
1.656666667E1	5.637089925E-2	-3.582936060E-3	5.685723920E-2	-5.453087001E-2	-1.609751117E-2
1.660000000E1	5.454056761E-2	-7.371178154E-3	7.647887865E-2	7.285033321E-2	-2.327762510E-2
1.663333333E1	5.481905758E-2	1.273752821E-3	1.275543164E-1	1.275186581E-1	-3.015866482E-3
1.666666667E1	5.433950984E-2	1.130065721E-3	9.981755709E-3	-1.607869531E-3	-9.851406123E-3
1.670000000E1	5.416229717E-2	1.166561519E-3	1.386289799E-1	-6.954641177E-2	-1.199220191E-1
1.673333333E1	4.634470857E-2	-3.506361730E-3	1.437398320E-1	-1.076508559E-1	-9.524931764E-2
1.676666667E1	4.781234266E-2	-6.010162211E-3	2.729940019E-3	-9.114994035E-4	-2.573274440E-3
1.680000000E1	4.617315694E-2	-3.567128357E-3	5.901826820E-2	5.553333747E-2	-1.998010035E-2
1.683333333E1	4.648033597E-2	-2.307939713E-3	8.412219981E-2	6.301219237E-2	5.573157197E-2
1.686666667E1	4.988859507E-2	6.336844674E-4	1.340802937E-1	-2.499552875E-4	1.340800607E-1
1.690000000E1	5.541900669E-2	-2.324603398E-3	1.137846213E-1	-7.876229991E-2	8.211845199E-2
1.693333333E1	5.536315854E-2	-4.617135527E-3	1.413116091E-2	-8.410292069E-3	1.135591018E-2
1.696666667E1	5.617606736E-2	-2.885289536E-3	8.400474609E-2	8.383411966E-2	5.351424790E-3
1.700000000E1	5.571992019E-2	9.718057838E-4	6.931149130E-2	6.584538026E-2	-2.164413834E-2
1.703333333E1	5.473312481E-2	1.504402481E-3	8.873853693E-2	-2.529308563E-2	-8.505755555E-2
1.706666667E1	5.004941649E-2	-7.143999249E-4	1.418067629E-1	-5.114111414E-2	-1.322639197E-1
1.710000000E1	4.591553016E-2	-1.905005129E-3	6.455267582E-2	-2.007881538E-2	-6.135054301E-2
1.713333333E1	4.595938029E-2	-2.052987617E-3	1.810073822E-2	-1.781604233E-2	3.197711704E-3
1.716666667E1	4.612871094E-2	-3.092741284E-3	5.574855348E-3	4.059734168E-3	3.820676725E-3
1.720000000E1	4.621409207E-2	-1.782338672E-3	5.600396764E-2	4.613704835E-2	3.174613616E-2
1.723333333E1	4.824512002E-2	-1.693806024E-5	1.248378477E-1	3.319316116E-2	1.203440994E-1
1.726666667E1	5.423703203E-2	4.305387385E-4	1.299161559E-1	-4.978542829E-2	1.199984112E-1
1.730000000E1	5.624501410E-2	-3.335966613E-3	1.020115211E-1	-9.784326907E-2	2.886252130E-2
1.733333333E1	5.616120012E-2	-6.092345866E-3	2.171279671E-2	-2.127394691E-2	4.343353965E-3
1.736666667E1	5.653457103E-2	-4.754229740E-3	2.213333244E-1	-1.404678005E-1	-1.710474715E-1
1.740000000E1	4.475803535E-2	-1.545686590E-2	1.288949853E-1	1.059664478E-1	-7.338275807E-2
1.743333333E1	5.164238716E-2	2.310200116E-3	2.555465496E-1	2.486356569E-1	5.902837591E-2
1.746666667E1	4.869326041E-2	1.118844558E-3	4.761765608E-2	-1.784413122E-2	-4.414779894E-2
1.750000000E1	4.869920057E-2	1.120591367E-3	5.523322491E-2	-3.850422544E-2	-3.959966865E-2
1.753333333E1	4.605328250E-2	-1.448103805E-3	5.502600732E-2	-3.832894817E-2	-3.948104880E-2
1.756666667E1	4.606713065E-2	-1.434671844E-3	7.494296787E-4	7.061819014E-4	2.509023026E-4
1.760000000E1	4.607000932E-2	-1.401025011E-3	9.360267692E-2	5.657141616E-2	7.457302462E-2
1.763333333E1	5.103866562E-2	2.336755900E-3	1.242154311E-1	4.517841483E-2	1.157081853E-1
1.766666667E1	5.378388834E-2	1.610869311E-3	9.880022834E-2	-6.827675391E-2	7.141267392E-2
1.770000000E1	5.579951055E-2	-2.215027694E-3	3.093780072E-2	-8.650134754E-3	2.970391695E-2
1.773333333E1	5.576414947E-2	1.034193661E-3	3.105850226E-1	-1.154239203E-1	-2.883407271E-1
1.776666667E1	3.657679541E-2	-9.909955712E-3	8.304936175E-4	-6.170664161E-4	-5.558315274E-4
1.780000000E1	5.572709404E-2	9.930558997E-4	2.648191888E-1	9.261610277E-2	2.480956675E-1
1.783333333E1	5.311650658E-2	-3.735548861E-3	1.634065025E-1	-6.485327330E-2	-1.499857926E-1
1.786666667E1	4.572804120E-2	-3.330495653E-3	1.113605174E-1	5.754956470E-3	-1.112117139E-1
1.790000000E1	4.570239232E-2	-3.351885096E-3	1.115494602E-3	-7.707264023E-4	-8.064173987E-4
1.793333333E1	4.567428004E-2	-3.381877414E-3	9.992120739E-3	9.862241464E-3	-1.605823829E-3
1.796666667E1	4.559533740E-2	-2.694402332E-3	8.727477484E-2	7.064722805E-2	5.124310190E-2
1.800000000E1	4.909048683E-2	1.327937790E-3	1.507618366E-1	6.344869306E-2	1.367603551E-1
1.803333333E1	5.471269440E-2	1.535510539E-3	1.671532111E-1	-1.528901225E-1	6.756335101E-2
1.806666667E1	5.359471023E-2	-8.864737046E-3	1.141010707E-1	-1.132228143E-1	1.412970803E-2
1.810000000E1	5.565467494E-2	-6.012677081E-3	3.021185448E-2	-8.089989327E-4	3.020102104E-2
1.813333333E1	5.560811163E-2	-8.918670308E-3	6.638399328E-1	-5.422235775E-1	-3.829843970E-1
1.816666667E1	3.012238181E-2	-4.216091558E-2	2.806772812E-1	-1.411735632E-1	-2.425896973E-1
1.820000000E1	3.943546514E-2	-1.833024119E-2	6.430995599E-1	5.422235775E-1	3.457898725E-1
1.823333333E1	5.317503997E-2	-6.012677081E-3	2.010799994E-1	1.674567838E-1	1.113166281E-1
1.826666667E1	4.685657368E-2	-7.166455601E-3	1.218472868E-1	4.116546047E-2	-1.146828940E-1
1.830000000E1	4.552951371E-2	-3.268313050E-3	6.189335000E-2	5.844146411E-2	-2.038092363E-2
1.833333333E1	4.549784544E-2	-3.270357994E-3	7.329101513E-2	6.066560327E-2	4.112490095E-2
1.836666667E1	4.827117377E-2	7.760605016E-4	1.093461833E-1	8.003854683E-2	7.450113306E-2
1.840000000E1	5.046458765E-2	2.065545128E-3	1.526215057E-1	-1.362693218E-1	6.873133167E-2
1.843333333E1	5.285326255E-2	-8.308560951E-3	9.831629120E-2	-5.273891066E-2	8.297409486E-2
1.846666667E1	5.599619397E-2	-1.450382249E-3	1.276869311E-2	-1.077047959E-2	6.858301033E-3
1.850000000E1	5.331048262E-2	-9.026592923E-3	3.096205922E-1	-1.144747241E-1	-2.876811580E-1
1.853333333E1	3.681745010E-2	-9.082030520E-3	1.714195057E-1	1.682232539E-1	-3.294819838E-2
1.856666667E1	5.111393606E-2	2.188290673E-3	2.727942504E-1	1.698647189E-1	2.134541644E-1
1.860000000E1	5.104772773E-2	2.242284077E-3	2.186969586E-3	2.890143517E-4	-2.167788429E-3
1.863333333E1	5.096941683E-2	2.207558297E-3	2.829955175E-3	-5.014802631E-4	-2.785168548E-3
1.866666667E1	5.086204983E-2	2.208852059E-3	2.467271118E-3	-2.210658378E-4	-2.457347486E-3
1.870000000E1	5.080559366E-2	2.192820574E-3	9.563499780E-4	-3.575895725E-4	-8.869808217E-4
1.873333333E1	5.080291777E-2	2.185012754E-3	5.390751390E-4	-2.172120950E-4	-4.933770478E-4
1.876666667E1	5.077270186E-2	2.178339768E-3	1.039724860E-2	-1.170085349E-4	1.039659019E-2
1.880000000E1	5.149602378E-2	2.177212185E-3	5.475003123E-2	-9.124758219E-3	5.398430057E-2
1.883333333E1	5.437165523E-2	1.570022553E-3	1.096608217E-1	-9.866912713E-2	4.785289092E-2
1.886666667E1	5.468621651E-2	-4.400729624E-3	1.427381977E-1	-1.400772474E-1	-2.743278767E-2
1.890000000E1	5.254280272E-2	-7.768460606E-3	4.610802299E-2	4.432270699E-2	1.270619647E-2
1.893333333E1	5.553329628E-2	-1.445882491E-3	1.545584746E-1	1.502467224E-1	-3.625250998E-2
1.896666667E1	5.012596872E-2	2.247987555E-3	9.536182470E-2	5.175249373E-2	-8.009717225E-2
1.900000000E1	5.019348479E-2	2.004283758E-3	3.780496868E-3	-3.708705409E-3	7.332535428E-4
1.903333333E1	5.017485229E-2	2.000740528E-3	8.245855882E-4	3.628093727E-4	7.404800816E-4
1.906666667E1	5.024285013E-2	2.028471049E-3	7.711993303E-4	9.857917396E-5	7.648729003E-4
1.910000000E1	5.022584382E-2	2.007312472E-3	1.960270122E-3	-5.443992028E-4	-1.883159170E-3
1.913333333E1	5.011730619E-2	1.992177769E-3	3.005310748E-2	-6.504470334E-4	3.004606776E-2
1.916666667E1	5.222891500E-2	1.963949337E-3	5.680581273E-2	-7.105808163E-4	5.680136825E-2
1.920000000E1	5.390406407E-2	1.944805715E-3	7.596491245E-2	-5.356977542E-2	5.386044081E-2
1.923333333E1	5.581961106E-2	-1.607369025E-3	1.428485554E-1	-1.422943411E-1	1.257100952E-2
1.926666667E1	5.474213137E-2	-7.541483690E-3	3.558404367E-2	-3.456813264E-2	8.442059545E-3
1.930000000E1	5.638241503E-2	-3.911911201E-3	6.983533867E-2	6.441151350E-2	2.698391106E-2
1.933333333E1	5.654105878E-2	-3.247382790E-3	4.383496159E-2	4.334270799E-2	-6.550841280E-3
1.936666667E1	5.594569227E-2	-1.022397334E-3	1.214333055E-1	3.494571872E-2	-1.162963647E-1
1.940000000E1	4.878796780E-2	-9.176682086E-4	1.354333813E-1	-2.559604480E-2	-1.329926437E-1
1.943333333E1	4.707951603E-2	-2.728800321E-3	3.652712968E-2	-2.642877264E-2	-2.521410675E-2
1.946666667E1	4.710702735E-2	-2.679586385E-3	7.022930014E-2	5.258367322E-2	4.655224924E-2
1.950000000E1	5.018299931E-2	7.767778938E-4	1.345885791E-1	1.944827129E-2	1.331760128E-1
1.953333333E1	5.598542820E-2	-1.383034965E-3	7.019018923E-2	-7.675173091E-3	6.976929398E-2
1.956666667E1	5.483428558E-2	2.650996877E-4	1.803873733E-2	-1.693039944E-2	-6.225561747E-3
1.960000000E1	5.557039075E-2	-2.511728262E-3	1.369622144E-1	-1.364701617E-1	-1.159927368E-2
1.963333333E1	5.406100067E-2	-8.832911090E-3	1.816572881E-3	-4.773976622E-5	-1.815945469E-3
1.966666667E1	5.544932772E-2	-2.514910913E-3	8.476244829E-2	7.616599242E-2	3.719427696E-2
1.970000000E1	5.654061913E-2	-3.755178262E-3	1.127766975E-2	-8.162062486E-3	-7.782452762E-3
1.973333333E1	5.493049754E-2	-3.059048412E-3	4.137889949E-2	1.233248472E-2	-3.949839419E-2
1.976666667E1	5.390739285E-2	-2.933012614E-3	1.816194810E-2	-8.068026316E-3	-1.627154910E-2
1.980000000E1	5.384572760E-2	-3.596916833E-3	5.384500422E-3	-5.206180170E-3	1.374239002E-3
1.983333333E1	5.399900878E-2	-3.280091292E-3	8.470745373E-2	5.471100814E-2	-6.466883566E-2
1.986666667E1	4.953447188E-2	5.048371002E-5	4.281629504E-2	2.505618781E-2	3.471919604E-2
1.990000000E1	5.631362185E-2	-1.609678771E-3	8.237347191E-2	2.308228547E-2	7.907336449E-2
1.993333333E1	5.480602952E-2	1.589302742E-3	1.663504839E-2	-1.015195418E-2	-1.317811296E-2
1.996666667E1	5.543508099E-2	-2.286475717E-3	1.583996004E-2	-1.583156084E-2	-5.157669103E-4
2.000000000E1	5.477164506E-2	5.338653526E-4	1.811101569E-2	-1.811019038E-2	-1.728978828E-4
2.003333333E1	5.542355446E-2	-3.493821742E-3	6.628594896E-2	-6.628200545E-2	7.230379402E-4
2.006666667E1	5.481984759E-2	-3.884935010E-3	1.465195001E-2	1.463162588E-2	-7.714681048E-4
2.010000000E1	5.537212326E-2	-2.518380017E-3	8.760583678E-2	3.767060910E-2	-7.909303287E-2
2.013333333E1	4.954697873E-2	-1.373561071E-3	3.917301458E-2	2.992420088E-2	-2.527977992E-2
2.016666667E1	5.368680459E-2	-5.234332917E-4	3.527726229E-2	3.255423014E-2	1.359070767E-2
2.020000000E1	5.045302591E-2	7.967209384E-4	5.474268116E-2	3.254329539E-2	-4.401925790E-2
2.023333333E1	5.075218740E-2	1.646119734E-3	6.339387467E-2	1.442743471E-2	6.173032054E-2
2.026666667E1	5.456838061E-2	1.758549919E-3	7.498062464E-2	-8.110916584E-3	7.454064062E-2
2.030000000E1	5.572156344E-2	1.105391962E-3	9.073369680E-2	-8.489067494E-2	3.203399825E-2
2.033333333E1	5.670398049E-2	-3.900828410E-3	6.645384559E-2	-6.641486471E-2	-2.275816182E-3
2.036666667E1	5.556984236E-2	-3.322265685E-3	8.005521584E-2	7.229115183E-2	-3.439225131E-2
2.040000000E1	5.441116374E-2	9.185817121E-4	1.248979376E-1	3.840894346E-2	-1.188454790E-1
2.043333333E1	4.764681043E-2	-7.616694545E-4	1.056152270E-1	-9.687427927E-2	-4.207077590E-2
2.046666667E1	5.160644534E-2	-5.539703572E-3	6.860920612E-2	-1.986459563E-2	6.567054899E-2
2.050000000E1	5.202484703E-2	-2.085975830E-3	9.421917832E-2	3.964187693E-2	-8.547382732E-2
2.053333333E1	4.590819019E-2	-2.896911777E-3	8.169524733E-2	1.704403922E-2	-7.989752289E-2
2.056666667E1	4.669834550E-2	-9.497065487E-4	1.580527715E-1	5.821555670E-2	1.469408981E-1
2.060000000E1	5.570425006E-2	9.841253361E-4	1.390247865E-1	3.192221869E-2	1.353102480E-1
2.063333333E1	5.571902870E-2	1.178441364E-3	1.450766127E-1	-1.449749019E-1	5.431515177E-3
2.066666667E1	5.606635108E-2	-8.680868125E-3	2.374127594E-3	-2.372566077E-3	8.609321638E-5
2.070000000E1	5.572476825E-2	1.020270292E-3	1.492712417E-1	1.387138200E-1	-5.513963856E-2
2.073333333E1	5.239037517E-2	5.667198758E-4	8.093130364E-2	-6.370254764E-2	-4.991854700E-2
2.076666667E1	5.239686512E-2	-3.226566217E-3	1.332465013E-1	-9.287569500E-2	9.554441577E-2
2.080000000E1	5.876000289E-2	-5.624993124E-3	2.256134628E-1	-1.503606299E-1	1.682055753E-1
2.083333333E1	6.361057014E-2	-1.325060821E-2	1.259036749E-1	-9.539891611E-2	8.216314355E-2
2.086666667E1	6.423754579E-2	-1.198492086E-2	4.350047349E-2	1.898484965E-2	3.913906843E-2
2.090000000E1	6.621984137E-2	-1.198495156E-2	5.621795751E-2	-1.060103473E-2	5.520939059E-2
2.093333333E1	6.791817183E-2	-1.269165651E-2	2.869843353E-2	1.651925203E-2	2.346730490E-2
2.096666667E1	6.778432836E-2	-1.088366810E-2	4.313543508E-2	1.485474085E-2	-4.049694351E-2
2.100000000E1	6.521837560E-2	-1.170134046E-2	9.533345306E-2	3.577410749E-2	-8.836673869E-2
2.103333333E1	6.189321245E-2	-8.498727597E-3	1.639133268E-1	1.610161331E-1	-3.068197485E-2
2.106666667E1	6.317291061E-2	-9.669315827E-4	2.078793628E-1	1.992258326E-1	-5.935399831E-2
2.110000000E1	5.793627923E-2	4.782994574E-3	9.418055479E-2	4.797334971E-2	-8.104649664E-2
2.113333333E1	5.776981083E-2	2.231291731E-3	1.234962835E-1	-3.827554265E-2	-1.174151390E-1
2.116666667E1	5.010860330E-2	2.231291731E-3	2.625200475E-1	-2.057269573E-1	-1.630741990E-1
2.120000000E1	4.689819757E-2	-1.148383876E-2	2.356126163E-1	-2.342705834E-1	-2.511172416E-2
2.123333333E1	4.843448835E-2	-1.338674717E-2	4.169750371E-2	3.010009092E-2	2.885595852E-2
2.126666667E1	4.882192813E-2	-9.477166029E-3	1.821693175E-1	1.809578531E-1	2.097416624E-2
2.130000000E1	4.983276610E-2	-1.322890293E-3	2.315065444E-1	1.943529619E-1	1.257863518E-1
2.133333333E1	5.720768492E-2	3.479698095E-3	9.979381425E-2	5.675086624E-2	8.208620190E-2
2.136666667E1	5.530517956E-2	2.460500790E-3	9.677334972E-2	-9.638858923E-2	8.620967598E-3
2.140000000E1	5.778241610E-2	-2.946207854E-3	1.728779512E-1	-1.273211741E-1	1.169448786E-1
2.143333333E1	6.310150480E-2	-6.027577480E-3	8.582461425E-2	-1.766136667E-2	8.398774041E-2
2.146666667E1	6.338159879E-2	-4.123632299E-3	1.327784652E-1	1.183325286E-1	-6.022900878E-2
2.150000000E1	5.908623755E-2	1.861257758E-3	2.418354489E-1	1.271924631E-1	-2.056853462E-1
2.153333333E1	4.966924237E-2	4.355865242E-3	1.203967853E-1	-1.023903175E-1	-6.333726215E-2
2.156666667E1	5.486375341E-2	-4.964763410E-3	1.687696757E-1	-1.485690894E-1	8.006515549E-2
2.160000000E1	5.500691941E-2	-5.548740715E-3	1.596484464E-1	-1.596161191E-1	3.212623558E-3
2.163333333E1	5.507792831E-2	-1.560583802E-2	1.793268793E-1	-1.684507758E-1	-6.150175434E-2
2.166666667E1	5.090680245E-2	-1.677879243E-2			-3.102855791E-2
2.170000000E1	5.300935778E-2				-4.587788601E-3
2.173333333E1	5.060094988E-2	-8.682891518E-3			-3.622565420E-2
2.176666667E1	5.059431417E-2	-7.637241411E-3	3.596542444E-2	1.568475159E-2	-3.236510965E-2
2.180000000E1	4.844327590E-2	-7.637241411E-3	5.212624812E-2	1.050957360E-13	-5.212624812E-2
2.183333333E1	4.711923096E-2	-7.637241411E-3	5.300390381E-2	-5.804741328E-3	-5.268509085E-2
2.186666667E1	4.493093651E-2	-8.024224166E-3	6.382263214E-2	-1.954601095E-2	-6.075592012E-2
2.190000000E1	4.306883629E-2	-8.940308808E-3	4.641742370E-2	-2.444760548E-2	-3.945746836E-2
2.193333333E1	4.230043862E-2	-9.654064532E-3	1.542136988E-2	-1.480793463E-2	-4.306242087E-3
2.196666667E1	4.278175348E-2	-9.927504450E-3	2.839037951E-2	-9.727109676E-3	2.667202629E-2
2.200000000E1	4.407857371E-2	-1.030253851E-2	4.430171136E-2	-4.061365140E-3	4.411515548E-2
2.203333333E1	4.572276385E-2	-1.019826213E-2	7.147290213E-2	1.958597095E-2	6.873692952E-2
2.206666667E1	4.866103567E-2	-8.996807114E-3	6.283465424E-2	1.355760666E-2	6.135458480E-2
2.210000000E1	4.981306950E-2	-9.294421682E-3	2.438539054E-2	-2.183544324E-2	1.085636635E-2
2.213333333E1	4.938479343E-2	-1.045250333E-2	3.613915555E-2	-3.271626181E-2	1.535202845E-2
2.216666667E1	5.083653806E-2	-1.147550580E-2	6.734268139E-2	-4.696847972E-2	4.825970005E-2
2.220000000E1	5.260210677E-2	-1.358373531E-2	3.931070165E-2	-5.854930762E-3	-3.887224010E-2
2.223333333E1	4.824505539E-2	-1.186583452E-2	9.463786774E-2	2.572026514E-2	-9.107575952E-2
2.226666667E1	4.653038947E-2	-1.186905097E-2	4.735316417E-2	-2.037992348E-2	4.274319684E-2
2.230000000E1	5.109460185E-2	-1.322449608E-2	1.276283984E-1	-3.838512894E-2	1.217193080E-1
2.233333333E1	5.464501000E-2	-1.442805956E-2	1.324913484E-2	5.614974383E-3	-1.200048486E-2
2.236666667E1	5.029456952E-2	-1.285016446E-2	8.741758821E-2	6.845580104E-2	5.436577997E-2
2.240000000E1	5.826939533E-2	-9.864339496E-3	2.068167296E-1	1.579825057E-1	1.334716731E-1
2.243333333E1	5.919268106E-2	-2.317997410E-3	9.742914929E-2	9.691696990E-2	9.976977318E-3
2.246666667E1	5.893452715E-2	-3.403208169E-3	6.831760739E-2	-6.691883175E-2	1.375374263E-2
2.250000000E1	6.010959724E-2	-6.779252860E-3	1.604117756E-1	-1.059108317E-1	-1.204775227E-1
2.253333333E1	5.090269231E-2	-1.046393028E-2	1.728978359E-1	-6.209149431E-2	-1.613638993E-1
2.256666667E1	4.935200395E-2	-1.091868581E-2	4.711041373E-2	1.949771475E-3	-4.707004857E-2
2.260000000E1	4.776468907E-2	-1.033394552E-2	6.401040451E-2	3.248743563E-2	-5.515340798E-2
2.263333333E1	4.567511009E-2	-8.752856772E-3	6.939621449E-2	5.313953000E-2	-4.463210657E-2
2.266666667E1	4.478921530E-2	-6.791310185E-3	5.739493110E-2	5.613172780E-2	-1.197527665E-2
2.270000000E1	4.487675831E-2	-5.010741585E-3	4.314598552E-2	4.195916053E-2	1.005012009E-2
2.273333333E1	4.545922330E-2	-3.994032816E-3	3.212837617E-2	1.240691332E-2	2.963614444E-2
2.276666667E1	4.685250127E-2	-4.183614031E-3	4.881216702E-2	-2.972578987E-2	3.871698679E-2
2.280000000E1	4.804035575E-2	-5.975752140E-3	9.374134489E-2	-1.762795212E-2	9.206896896E-2
2.283333333E1	5.299043254E-2	-5.358810839E-3	9.319631847E-2	-8.611285595E-2	3.563888069E-2
2.286666667E1	5.041628113E-2	-1.171660920E-2	1.297028352E-1	-1.245599889E-1	-3.616123075E-2
2.290000000E1	5.057968382E-2	-1.366281010E-2	4.810534806E-2	-4.808514000E-2	1.394210506E-3
2.293333333E1	5.050922850E-2	-1.492228520E-2	1.895901547E-2	-1.736384040E-2	-7.611919227E-3
2.296666667E1	5.007222254E-2	-1.482039946E-2	4.793819658E-2	3.701743302E-2	-3.045948692E-2
2.300000000E1	4.847859604E-2	-1.245445634E-2	9.664025388E-2	8.580426275E-2	-4.446309890E-2
2.303333333E1	4.710801595E-2	-9.100115277E-3	9.463427436E-2	8.819925392E-2	-3.430069229E-2
2.306666667E1	4.619188322E-2	-6.574506074E-3	1.120702131E-1	1.102819694E-1	1.994040850E-2
2.310000000E1	4.843737651E-2	-1.747983981E-3	4.512672708E-2	4.271769898E-2	1.454715404E-2
2.313333333E1	4.716169349E-2	-3.726659476E-3	5.030326213E-2	-5.029150476E-2	1.087533970E-3
2.316666667E1	4.850987878E-2	-5.100750965E-3	1.365914952E-1	1.366011127E-3	1.365846645E-1
2.320000000E1	5.626733779E-2	-3.635592067E-3	2.148278097E-1	1.191758780E-2	2.144969905E-1
2.323333333E1	6.280967814E-2	-4.306245111E-3	1.164548785E-1	-5.712823124E-2	1.014795739E-1
2.326666667E1	6.303264271E-2	-7.444140817E-3	5.691662184E-2	-5.691538050E-2	3.759049951E-4
2.330000000E1	6.283473847E-2	-8.100603811E-3	2.408611370E-2	-3.230518481E-3	-2.386848599E-2
2.333333333E1	6.144141032E-2	-7.659508715E-3	1.700655031E-1	6.791863713E-2	-1.559145089E-1
2.336666667E1	5.244043788E-2	-3.572694669E-3	1.274517665E-1	-7.147826941E-2	-1.055216082E-1
2.340000000E1	5.440663644E-2	-1.242472668E-2	8.330499532E-2	7.664024104E-2	3.264958955E-2
2.343333333E1	5.461707719E-2	1.536654733E-3	1.830815156E-1	1.484617037E-1	1.071352599E-1
2.346666667E1	6.154898709E-2	-2.527279763E-3	1.043994063E-1	-9.589912003E-2	4.126251106E-2
2.350000000E1	5.736791126E-2	-4.856619935E-3	1.102872440E-1	-3.025417357E-2	-1.060564056E-1
2.353333333E1	5.447856005E-2	-4.544224668E-3	4.344305727E-2	-3.288118646E-2	-2.839237225E-2
2.356666667E1	5.547508644E-2	-7.048699032E-3	9.126782739E-2	-4.752009678E-2	7.792083623E-2
2.360000000E1	5.967328247E-2	-7.712231119E-3	7.354038719E-2	-2.951628612E-2	6.735708873E-2
2.363333333E1	5.996555902E-2	-9.016451440E-3	7.431888968E-2	-5.446781695E-2	-5.056238008E-2
2.366666667E1	5.630245713E-2	-1.134341892E-2	1.245326904E-1	-1.047990290E-1	-6.727224164E-2
2.370000000E1	5.548074291E-2	-1.600305337E-2	7.197695912E-2	-5.438797787E-2	4.714478240E-2
2.373333333E1	5.944544262E-2	-1.496928411E-2	1.255522967E-1	1.014510106E-1	7.396669289E-2
2.376666667E1	6.041185577E-2	-9.239652663E-3	1.715320229E-1	1.715027238E-1	3.170265372E-3
2.380000000E1	5.965679365E-2	-3.535769184E-3	4.902571609E-2	4.722127676E-2	-1.317846194E-2
2.383333333E1	5.953329164E-2	-6.091567546E-3	1.351828799E-1	-2.443388355E-3	-1.351607964E-1
2.386666667E1	5.064607389E-2	-3.698661741E-3	9.451452813E-2	9.174945587E-2	2.269434677E-2
2.390000000E1	6.104624809E-2	2.506284569E-5	1.583401711E-1	1.577988173E-1	1.308216516E-2
2.393333333E1	5.151821823E-2	6.821259410E-3	6.736340371E-2	3.310689764E-3	-6.728199977E-2
2.396666667E1	5.656078144E-2	2.457754966E-4	2.120744448E-1	-2.116423018E-1	1.353167459E-2
2.400000000E1	5.242032987E-2	-7.288227378E-3	1.658636345E-1	-1.404783273E-1	-8.818494644E-2
2.403333333E1	5.068178501E-2	-9.119446326E-3	1.045649450E-1	-1.016142382E-1	2.466524539E-2
2.406666667E1	5.406467956E-2	-1.406250992E-2			1.459121254E-1
2.410000000E1	6.040926004E-2				-1.851187464E-1
2.413333333E1	4.172342980E-2	-7.788679903E-3			-3.285149508E-1
2.416666667E1	3.850826331E-2	-8.193283341E-3	7.187580094E-2	-5.345729586E-2	-4.804631390E-2
2.420000000E1	3.852034221E-2	-1.135249963E-2	1.228710844E-1	-1.223616772E-1	1.117690998E-2
2.423333333E1	3.925339065E-2	-1.635072849E-2	7.554480258E-2	-7.479259392E-2	1.063414744E-2
2.426666667E1	3.922928537E-2	-1.633867256E-2	3.808467706E-2	6.288443302E-3	3.756192364E-2
2.430000000E1	4.175751889E-2	-1.593149894E-2	1.303543093E-1	9.318646567E-2	9.115113032E-2
2.433333333E1	4.530602739E-2	-1.012624151E-2	4.701622373E-3	-3.175940912E-3	3.466792792E-3
2.436666667E1	4.198863841E-2	-1.614322833E-2	5.312425354E-2	-4.292347127E-2	-3.130114899E-2
2.440000000E1	4.321928413E-2	-1.298780626E-2	1.005386323E-1	9.254354797E-2	3.929005355E-2
2.443333333E1	4.460797531E-2	-9.973658466E-3			
2.446666667E1		-1.118867976E-2			
2.453333333E1	4.957928504E-2	-1.709490755E-2			
2.456666667E1	4.580385465E-2	-1.719914194E-2	9.304626195E-2	-1.550588952E-2	-9.174515929E-2
2.460000000E1	4.346294109E-2	-1.812863352E-2	4.310722760E-2	-1.147610835E-2	-4.155155844E-2
2.463333333E1	4.303375075E-2	-1.796421583E-2	2.597667364E-2	1.957805557E-2	1.707299955E-2
2.466666667E1	4.460114106E-2	-1.682342981E-2	7.802703826E-2	3.727209812E-2	6.854932094E-2
2.470000000E1	4.760370548E-2	-1.547940929E-2	1.082955702E-1	3.906874435E-2	1.010027907E-1
2.473333333E1	5.133466044E-2	-1.421884686E-2	1.187155558E-1	6.284252312E-2	1.007184218E-1
2.476666667E1	5.431826693E-2	-1.128990775E-2	1.357502868E-1	1.331165311E-1	-2.661070302E-2
2.480000000E1	4.956061357E-2	-5.344411451E-3	1.933277091E-1	1.120052024E-1	-1.575767678E-1
2.483333333E1	4.381314908E-2	-3.822894253E-3	1.602030197E-1	-8.504507429E-2	-1.357657647E-1
2.486666667E1	4.050956259E-2	-1.101408307E-2	2.517248880E-1	-2.272571023E-1	-1.082572341E-1
2.490000000E1	3.659600014E-2	-1.897336774E-2	1.489771591E-1	-1.424185845E-1	-4.371659563E-2
2.493333333E1	3.759512288E-2	-2.050865537E-2	2.124954976E-2	-1.678713841E-2	1.302825196E-2
2.496666667E1	3.746455027E-2	-2.009251030E-2	3.929237975E-2	3.860290350E-2	-7.328502428E-3
2.500000000E1	3.710655605E-2	-1.793512847E-2	7.170185227E-2	7.121324094E-2	-8.356430692E-3
2.503333333E1	3.690745489E-2	-1.534496090E-2	7.827256522E-2	7.824818843E-2	-1.953323801E-3
2.506666667E1	3.697633447E-2	-1.271858257E-2	1.801297894E-1	1.279956250E-1	1.267432879E-1
2.510000000E1	4.535700742E-2	-6.811919236E-3	1.631079103E-1	6.840714062E-2	1.480697590E-1
2.513333333E1	4.684765173E-2	-8.158106533E-3	1.046875416E-1	8.416370729E-2	-6.225714215E-2
2.516666667E1	4.120653127E-2	-1.201005417E-3	2.042728136E-1	9.048541519E-2	-1.831386688E-1
2.520000000E1	3.463840715E-2	-2.125745521E-3	1.024107994E-1	-3.928334490E-2	-9.457690335E-2
2.523333333E1	3.490140438E-2	-3.819895077E-3	4.400211133E-3	-1.514918338E-3	-4.131208110E-3
2.526666667E1	3.436299327E-2	-2.226740077E-3	3.903199900E-2	2.856881388E-2	-2.659548494E-2
2.530000000E1	3.312837206E-2	-1.915307485E-3	4.688636272E-2	1.194954594E-3	-4.687113282E-2
2.533333333E1	3.123825108E-2	-2.147076437E-3	3.519906304E-2	1.248914785E-2	3.290889280E-2
2.536666667E1	3.532229824E-2	-1.082697628E-3	4.071320645E-2	-5.558122573E-4	4.070941233E-2
2.540000000E1	3.395221190E-2	-2.184130588E-3	1.531149217E-1	-1.530290017E-1	5.128732908E-3
2.543333333E1	3.566421377E-2	-1.128463107E-2	5.974663570E-2	-5.561338362E-2	2.183602619E-2
2.546666667E1	3.540794698E-2	-5.891689495E-3	2.904094749E-2	2.580181809E-2	1.332827123E-2
2.550000000E1	3.655276518E-2	-9.564509866E-3	1.941092574E-2	-3.551939306E-3	1.908318016E-2
2.553333333E1	3.668015899E-2	-6.128485449E-3	2.994027332E-2	2.776719635E-2	-1.119833797E-2
2.556666667E1	3.580620932E-2	-7.713363442E-3	1.458899092E-1	-1.386929567E-1	4.525626325E-2
2.560000000E1	3.969724321E-2	-1.537468256E-2	2.040432158E-1	-2.015970116E-1	3.150045763E-2
2.563333333E1	3.790623983E-2	-2.115316421E-2	9.076698975E-2	-5.398027759E-2	-7.297106317E-2
2.566666667E1	3.483250567E-2	-1.897336774E-2	1.259887893E-1	3.269694716E-2	1.216720374E-1
2.570000000E1	4.601770899E-2	-1.897336774E-2	1.405389122E-1	-7.349975588E-3	1.403465842E-1
2.573333333E1	4.418894462E-2	-1.946336611E-2	1.120795234E-1	1.040357410E-1	4.169393439E-2
2.576666667E1	4.879730461E-2	-1.203765167E-2	7.648248161E-2	6.582669778E-2	3.894118452E-2
2.580000000E1	4.678502358E-2	-1.507491959E-2	1.416167224E-1	-6.050444211E-2	-1.280410424E-1
2.583333333E1	4.026123512E-2	-1.607128115E-2	1.885858046E-1	7.357095080E-2	-1.736430848E-1
2.586666667E1	3.520881793E-2	-1.017018954E-2	1.039619833E-1	7.679871847E-2	-7.007175471E-2
2.590000000E1	3.558978480E-2	-1.095136658E-2	1.920208189E-2	-1.811285768E-2	6.375291031E-3
2.593333333E1	3.563383733E-2	-1.137771338E-2	1.103117316E-2	-1.100946659E-2	-6.916839186E-4
2.596666667E1	3.554367254E-2	-1.168533102E-2	1.606281336E-2	-7.853192992E-3	-1.401218516E-2
2.600000000E1	3.469969166E-2	-1.190125958E-2	2.582327538E-2	2.679814833E-3	-2.568384987E-2
2.603333333E1	3.383141588E-2	-1.150667670E-2	1.863907062E-2	8.997621711E-3	-1.632353385E-2
2.606666667E1	3.361145607E-2	-1.130141813E-2	1.627090820E-2	1.201251087E-3	-1.622650454E-2
2.610000000E1	3.274964892E-2	-1.142659329E-2	1.641917718E-2	-1.089219704E-2	-1.228614761E-2
2.613333333E1	3.279237956E-2	-1.202756460E-2	3.593055232E-2	3.026673451E-2	1.936309303E-2
2.616666667E1	3.404052178E-2	-9.408810993E-3	1.586569922E-1	6.255799082E-2	1.458030828E-1
2.620000000E1	4.251258508E-2	-7.857031883E-3	2.193796592E-1	5.697112116E-2	2.118530770E-1
2.623333333E1	4.816406025E-2	-5.610736249E-3	9.906988374E-2	3.296101438E-2	9.342597816E-2
2.626666667E1	4.874098363E-2	-5.659630924E-3	2.412715717E-2	-3.643092774E-3	2.385052595E-2
2.630000000E1	4.975409531E-2	-5.853609100E-3	8.874750451E-2	-3.177915428E-2	-8.286256640E-2
2.633333333E1	4.321681253E-2	-7.778241209E-3	4.282918494E-2	-1.356759040E-2	-4.062338703E-2
2.636666667E1	4.704586951E-2	-6.758115127E-3	3.121553763E-2	6.185707086E-3	3.059651643E-2
2.640000000E1	4.525658029E-2	-7.365860737E-3	4.628777814E-2	-2.227313835E-2	-4.057666464E-2
2.643333333E1	4.434075854E-2	-8.242991017E-3	9.362600884E-2	-8.841281693E-2	3.080589772E-2
2.646666667E1	4.731030681E-2	-1.326004853E-2	7.497143072E-2	-6.927101428E-2	2.867476250E-2
2.650000000E1	4.625240937E-2	-1.286105864E-2	3.019482971E-2	-4.587576119E-3	-2.984429404E-2
2.653333333E1	4.532068721E-2	-1.356588694E-2	2.645217082E-2	-2.441205914E-2	-1.018669277E-2
2.656666667E1	4.557329652E-2	-1.448852924E-2	2.072452840E-2	-7.210692173E-3	1.942966793E-2
2.660000000E1	4.661599840E-2	-1.404659975E-2	4.555256586E-2	-2.332603654E-2	-3.912712966E-2
2.663333333E1	4.296482121E-2	-1.604359835E-2	5.957964134E-2	2.421313076E-2	5.443765205E-2
2.666666667E1	5.024517520E-2	-1.243239103E-2	1.365073652E-1	4.688966694E-2	1.282014816E-1
2.670000000E1	5.151158665E-2	-1.291762055E-2	3.803823913E-2	3.513018513E-2	1.458690264E-2
2.673333333E1	5.121763538E-2	-1.009037869E-2	6.238161954E-2	6.219061021E-2	-4.877956320E-3
2.676666667E1	5.118638956E-2	-8.771579871E-3	5.739451896E-2	3.824770716E-2	-4.279303336E-2
2.680000000E1	4.836476649E-2	-7.540531548E-3	8.012082068E-2	-2.961805608E-2	-7.444539382E-2
2.683333333E1	4.622336331E-2	-1.074611694E-2			
2.686666667E1		-8.508060106E-3			
