质量_A
t	x	y	v	v_{y}	v_{x}
0.000000000E0	-1.908777574E-2	-6.208639706E-3			
3.333333333E-2	-1.908777574E-2	-6.208639706E-3	0.000000000E0	-0.000000000E0	0.000000000E0
6.666666667E-2	-1.908777574E-2	-6.208639706E-3	0.000000000E0	-0.000000000E0	0.000000000E0
1.000000000E-1	-1.908777574E-2	-6.208639706E-3	0.000000000E0	-0.000000000E0	0.000000000E0
1.333333333E-1	-1.908777574E-2	-6.208639706E-3			
1.666666667E-1			1.619477093E-1	1.472778094E-1	6.735211502E-2
2.000000000E-1	-1.459763473E-2	3.609880920E-3			
2.333333333E-1	-1.454494381E-2	3.736052076E-3	6.994821002E-3	6.590791575E-3	2.342858779E-3
2.666666667E-1	-1.444144415E-2	4.049267025E-3	8.554966104E-2	3.446907256E-2	7.829832400E-2
3.000000000E-1	-9.325055544E-3	6.033990247E-3	1.854405728E-1	-1.797116853E-1	-4.573747032E-2
3.333333333E-1	-1.749060884E-2	-7.931511995E-3			-2.231411518E-2
3.666666667E-1	-1.081266322E-2	-9.479223420E-3	3.968424924E-1	4.416411983E-2	3.943773502E-1
4.000000000E-1	8.801214508E-3	-4.987237340E-3	4.927232456E-1	-5.623630686E-2	4.895034980E-1
4.333333333E-1	2.182090331E-2	-1.322831054E-2	4.828593939E-1	-3.550765502E-1	3.272213895E-1
4.666666667E-1	3.061597381E-2	-2.865900735E-2	5.834521483E-1	-4.656780608E-1	3.515115262E-1
5.000000000E-1	4.525500506E-2	-4.427351460E-2	4.853381150E-1	-3.637604518E-1	3.212964669E-1
5.333333333E-1	5.203573827E-2	-5.290970414E-2	2.684339921E-1	-1.543876365E-1	2.195934103E-1
5.666666667E-1	5.989456574E-2	-5.456602370E-2	1.937840331E-1	-6.011844244E-2	1.842227575E-1
6.000000000E-1	6.431725543E-2	-5.691760030E-2	3.227576638E-1	-2.713443243E-1	1.747706132E-1
6.333333333E-1	7.154593996E-2	-7.265564532E-2	1.335948308E-1	-1.330778608E-1	1.174145510E-2
6.666666667E-1	6.510001910E-2	-6.578945769E-2	9.413413064E-2	9.038747302E-2	-2.629333133E-2
7.000000000E-1	6.979305120E-2	-6.662981378E-2	1.226270614E-1	1.203192917E-1	-2.367834905E-2
7.333333333E-1	6.352146250E-2	-5.776817157E-2	2.353407540E-1	1.553152930E-1	-1.768118499E-1
7.666666667E-1	5.800559454E-2	-5.627546092E-2	1.244277149E-1	2.946981490E-2	-1.208874941E-1
8.000000000E-1	5.546229622E-2	-5.580351725E-2	2.699391036E-1	1.760464841E-1	-2.046332210E-1
8.333333333E-1	4.436337981E-2	-4.453902864E-2	3.936689229E-1	2.330614161E-1	-3.172658147E-1
8.666666667E-1	3.431124191E-2	-4.026608951E-2	4.324962912E-1	2.957531686E-1	-3.155679089E-1
9.000000000E-1	2.332551922E-2	-2.482215074E-2	4.668188727E-1	3.710374464E-1	-2.832862038E-1
9.333333333E-1	1.542549499E-2	-1.553025975E-2	4.421993089E-1	3.070699033E-1	-3.181953854E-1
9.666666667E-1	2.112493528E-3	-4.350823848E-3	4.261265980E-1	2.578587870E-1	-3.392531849E-1
1.000000000E0	-7.191384009E-3	1.660326051E-3	2.467118130E-1	1.072888783E-1	-2.221616873E-1
1.033333333E0	-1.269828562E-2	2.801768038E-3	6.155803959E-2	5.916733522E-2	-1.698878106E-2
1.066666667E0	-8.323969413E-3	5.604815066E-3	1.010989168E-1	-2.912953326E-3	1.010569427E-1
1.100000000E0	-5.961156108E-3	2.607571150E-3	3.479222586E-1	-1.692291579E-1	3.039924180E-1
1.133333333E0	1.194219179E-2	-5.677128791E-3	3.636993510E-1	-1.873421709E-1	3.117372755E-1
1.166666667E0	1.482132892E-2	-9.881906912E-3	3.539415137E-1	-2.653679425E-1	2.342102692E-1
1.200000000E0	2.755620973E-2	-2.336832496E-2	4.126230762E-1	-2.945444457E-1	2.889660404E-1
1.233333333E0	3.408573162E-2	-2.951820329E-2	3.961840907E-1	-2.395522367E-1	3.155575377E-1
1.266666667E0	4.859337892E-2	-3.933847407E-2	3.377742348E-1	-2.336882395E-1	2.438877619E-1
1.300000000E0	5.034491574E-2	-4.509741926E-2	4.286524493E-1	-3.754497290E-1	2.068342895E-1
1.333333333E0	6.238233155E-2	-6.436845600E-2	2.737611751E-1	-2.643031734E-1	7.133732193E-2
1.366666667E0	5.510073721E-2	-6.271763082E-2	6.838060720E-2	-4.892968125E-3	-6.820532461E-2
1.400000000E0	5.783530991E-2	-6.469465388E-2	1.187103673E-1	-1.053782595E-1	5.465870231E-2
1.433333333E0	5.874465069E-2	-6.974284812E-2	4.785506272E-2	-2.994406550E-2	-3.732907673E-2
1.466666667E0	5.534670479E-2	-6.669092491E-2	7.700415380E-2	-7.338526864E-2	-2.332899587E-2
1.500000000E0	5.718938430E-2	-7.463519936E-2	1.551326283E-1	9.444028847E-2	-1.230738164E-1
1.533333333E0	4.714178370E-2	-6.039490568E-2	4.828921482E-1	4.134147945E-1	-2.495456560E-1
1.566666667E0	4.055300723E-2	-4.707421306E-2	4.288090643E-1	3.806033262E-1	-1.975305590E-1
1.600000000E0	3.397307977E-2	-3.502135060E-2	4.744330498E-1	3.154405056E-1	-3.543783377E-1
1.633333333E0	1.692778472E-2	-2.604484602E-2	4.576014372E-1	3.632077710E-1	-2.783508405E-1
1.666666667E0	1.541635707E-2	-1.080749920E-2	3.671446961E-1	2.873858824E-1	-2.284832213E-1
1.700000000E0	1.695569966E-3	-6.885787192E-3	1.603570999E-1	7.401049779E-2	-1.422562677E-1
1.733333333E0	5.932605886E-3	-5.873466017E-3	2.322637027E-1	1.985067816E-1	-1.205880810E-1
1.766666667E0	-6.343635431E-3	6.347998247E-3	2.745904276E-1	1.677914606E-1	-2.173612860E-1
1.800000000E0	-8.558146516E-3	5.312631360E-3	1.542782399E-1	1.644392232E-2	1.533993896E-1
1.833333333E0	3.882990539E-3	7.444259736E-3	3.170454213E-1	-1.337154283E-1	2.874682302E-1
1.866666667E0	1.060640217E-2	-3.601730526E-3	1.197957146E-1	-9.279306561E-2	7.576582484E-2
1.900000000E0	8.934045528E-3	1.258055361E-3	1.952241886E-1	-1.123807107E-1	1.596341432E-1
1.933333333E0	2.124867838E-2	-1.109377790E-2	3.460059029E-1	-2.323382017E-1	2.563962652E-1
1.966666667E0	2.602712988E-2	-1.423115809E-2	4.547999455E-1	-3.388501844E-1	3.033538246E-1
2.000000000E0	4.147226669E-2	-3.368379020E-2	5.791780382E-1	-4.625126887E-1	3.486104024E-1
2.033333333E0	4.926782337E-2	-4.506533734E-2	4.725227693E-1	-4.667650078E-1	7.354043069E-2
2.066666667E0	4.637496207E-2	-6.480145739E-2	3.830741249E-1	-3.798386989E-1	4.968247186E-2
2.100000000E0	5.257998816E-2	-7.038791726E-2	2.550697687E-1	-1.331395781E-1	2.175647942E-1
2.133333333E0	6.087928168E-2	-7.367742926E-2	1.084359228E-1	-4.644903805E-2	9.798385696E-2
2.166666667E0	5.911224530E-2	-7.348451980E-2	4.209883622E-2	-1.924279995E-3	-4.205483512E-2
2.200000000E0	5.807562601E-2	-7.380571459E-2	1.337860784E-2	-7.805252652E-3	1.086578018E-2
2.233333333E0	5.983663064E-2	-7.400486998E-2	9.517402489E-2	8.737528489E-2	-3.773134776E-2
2.266666667E0	5.556020282E-2	-6.798069560E-2	2.801356712E-1	2.287652719E-1	-1.616862537E-1
2.300000000E0	4.905754706E-2	-5.875385185E-2	3.902796237E-1	3.193287425E-1	-2.243821270E-1
2.333333333E0	4.060139435E-2	-4.669211277E-2	4.648445106E-1	3.815219520E-1	-2.655586926E-1
2.366666667E0	3.135363422E-2	-3.331905505E-2	4.159048678E-1	3.569995053E-1	-2.133734103E-1
2.400000000E0	2.637650033E-2	-2.289214574E-2	3.471762147E-1	3.041375956E-1	-1.674265422E-1
2.433333333E0	2.019186474E-2	-1.304321535E-2	4.686543346E-1	4.016203949E-1	-2.415324902E-1
2.466666667E0	1.027433432E-2	3.882547248E-3	3.383627398E-1	2.851320665E-1	-1.821786165E-1
2.500000000E0	8.046623641E-3	5.965589087E-3	4.372974810E-2	3.906344370E-2	1.965548868E-2
2.533333333E0	1.158470023E-2	6.486776828E-3	8.569870336E-2	-4.154096813E-3	8.559796281E-2
2.566666667E0	1.375315449E-2	5.688649300E-3	6.021143204E-2	-1.600955628E-2	5.804404066E-2
2.600000000E0	1.545430295E-2	5.419473076E-3	1.477741704E-1	-1.041727401E-1	1.048105226E-1
2.633333333E0	2.074052267E-2	-1.256200041E-3	2.183295346E-1	-2.179279932E-1	1.323538688E-2
2.666666667E0	1.633666207E-2	-9.109059801E-3	3.329708669E-1	-2.816154197E-1	1.776579679E-1
2.700000000E0	3.258438720E-2	-2.003056135E-2	3.345586593E-1	-2.253951316E-1	2.472378029E-1
2.733333333E0	3.281918226E-2	-2.413540190E-2	2.964215841E-1	-2.737530104E-1	1.136883672E-1
2.766666667E0	4.016361168E-2	-3.828076205E-2	5.205807537E-1	-4.436123538E-1	2.724195307E-1
2.800000000E0	5.098048431E-2	-5.370955882E-2	3.638629441E-1	-3.613382108E-1	4.278947843E-2
2.833333333E0	4.301624358E-2	-6.236997610E-2	2.939580386E-1	-2.844995061E-1	7.396863873E-2
2.866666667E0	5.591172689E-2	-7.267619256E-2	2.793039862E-1	-1.827555757E-1	2.112134376E-1
2.900000000E0	5.709713942E-2	-7.455368115E-2	4.249936891E-2	2.637042423E-2	-3.332862259E-2
2.933333333E0	5.368981872E-2	-7.091816428E-2	1.103082112E-1	-6.019231256E-3	-1.101438619E-1
2.966666667E0	4.975421529E-2	-7.495496324E-2	1.532462193E-1	1.020816093E-1	-1.142967575E-1
3.000000000E0	4.607003488E-2	-6.411272366E-2	2.570955271E-1	2.406854294E-1	-9.038049634E-2
3.033333333E0	4.372884887E-2	-5.890926794E-2	3.628724116E-1	2.796160647E-1	-2.312817404E-1
3.066666667E0	3.065125219E-2	-4.547165268E-2	4.862758741E-1	3.772347916E-1	-3.068519802E-1
3.100000000E0	2.327205019E-2	-3.376028184E-2	3.446425676E-1	3.402751115E-1	-5.469321606E-2
3.133333333E0	2.700503779E-2	-2.278664525E-2	3.291537617E-1	3.290849311E-1	6.731046800E-3
3.166666667E0	2.372078664E-2	-1.182128643E-2	3.075984004E-1	3.022486634E-1	-5.711848540E-2
3.200000000E0	2.319713876E-2	-2.636734351E-3	2.214370128E-1	2.208784144E-1	-1.571867277E-2
3.233333333E0	2.267287513E-2	2.903941195E-3	1.263198726E-1	1.262465322E-1	4.303873559E-3
3.266666667E0	2.348406367E-2	5.779701125E-3	7.542936976E-2	6.873480477E-2	3.106632316E-2
3.300000000E0	2.474396334E-2	7.486261513E-3	3.866364998E-2	-1.353144321E-2	3.621847421E-2
3.333333333E0	2.589862861E-2	4.877604911E-3	8.802773067E-2	-7.326975520E-2	4.878959254E-2
3.366666667E0	2.799660284E-2	2.601611167E-3	1.925088605E-1	-1.697194668E-1	9.085683213E-2
3.400000000E0	3.195575076E-2	-6.437026211E-3	2.914814708E-1	-2.769792766E-1	9.079608015E-2
3.433333333E0	3.404967485E-2	-1.586367394E-2	3.809008300E-1	-3.655905573E-1	1.069064391E-1
3.466666667E0	3.908284670E-2	-3.080973003E-2	5.852962411E-1	-5.765476130E-1	1.008193420E-1
3.500000000E0	4.077096432E-2	-5.430018147E-2	5.114751701E-1	-4.969555422E-1	1.210042918E-1
3.533333333E0	4.714979949E-2	-6.394009951E-2	1.892224827E-1	-1.698146775E-1	-8.347528550E-2
3.566666667E0	3.520594528E-2	-6.562115997E-2	2.256910982E-1	-1.202309568E-1	-1.909999708E-1
3.600000000E0	3.441646810E-2	-7.195549664E-2	1.789105043E-1	-1.169875498E-1	1.353620395E-1
3.633333333E0	4.423008125E-2	-7.342032995E-2	1.130338747E-1	-9.547923061E-3	1.126298983E-1
3.666666667E0	4.192512799E-2	-7.259202484E-2	9.793919853E-2	6.157098791E-2	-7.616495294E-2
3.700000000E0	3.915241772E-2	-6.931559743E-2	1.317851165E-1	1.247597385E-1	-4.245379322E-2
3.733333333E0	3.909487511E-2	-6.427470894E-2	3.426406797E-1	3.225190692E-1	-1.156896079E-1
3.766666667E0	3.143977720E-2	-4.781432615E-2	4.046838836E-1	3.084145342E-1	-2.620105356E-1
3.800000000E0	2.162750607E-2	-4.371373999E-2	3.007688242E-1	2.925618591E-1	-6.978140311E-2
3.833333333E0	2.678768366E-2	-2.831020221E-2	4.835620804E-1	4.738848263E-1	9.625724392E-2
3.866666667E0	2.804465566E-2	-1.212141824E-2	4.210999495E-1	4.210887707E-1	3.068330151E-3
3.900000000E0	2.699223900E-2	-2.376174917E-4	2.168263862E-1	2.157638933E-1	2.143884532E-2
3.933333333E0	2.947391202E-2	2.262841311E-3	4.582856994E-2	3.132838724E-2	3.344831798E-2
3.966666667E0	2.922212686E-2	1.850941658E-3	9.778465304E-2	9.692433772E-2	1.294260902E-2
4.000000000E0	3.033675262E-2	8.724463826E-3	4.524704295E-2	-3.580915922E-2	2.765861551E-2
4.033333333E0	3.106603456E-2	-5.363356238E-4	6.828812265E-2	-6.679793276E-2	1.418815963E-2
4.066666667E0	3.128262993E-2	4.271268308E-3	8.159318553E-2	-7.342780412E-2	-3.557816054E-2
4.100000000E0	2.869415719E-2	-5.431522565E-3	2.424152668E-1	-2.323502746E-1	6.912677819E-2
4.133333333E0	3.589108181E-2	-1.121875000E-2	4.698258572E-1	-4.655754220E-1	6.305444067E-2
4.166666667E0	3.289778657E-2	-3.646988403E-2	4.692898636E-1	-4.618746695E-1	-8.309492015E-2
4.200000000E0	3.035142046E-2	-4.201039463E-2	2.874538223E-1	-2.771581797E-1	-7.624331705E-2
4.233333333E0	2.781489877E-2	-5.494709601E-2	3.897496752E-1	-3.777989370E-1	-9.577459191E-2
4.266666667E0	2.396644767E-2	-6.719699043E-2	1.931233404E-1	-1.866637551E-1	-4.953046683E-2
4.300000000E0	2.451286765E-2	-6.739134635E-2	1.260064306E-1	-1.163695920E-1	4.832947962E-2
4.333333333E0	2.718841298E-2	-7.495496324E-2	5.663437932E-2	-4.412329096E-2	3.550476188E-2
4.366666667E0	2.687985177E-2	-7.033289908E-2			-2.672857548E-3
4.400000000E0	2.701022248E-2				
4.466666667E0	2.250000000E-2	-5.034926471E-2			
4.500000000E0	2.755232659E-2	-4.434677685E-2	2.935091994E-1	2.773000919E-1	9.618892443E-2
4.533333333E0	2.891259496E-2	-3.186259191E-2	3.811036769E-1	3.809656744E-1	-1.025511643E-2
4.566666667E0	2.686865216E-2	-1.894906522E-2	4.440189381E-1	4.429788720E-1	-3.037328354E-2
4.600000000E0	2.688770939E-2	-2.330667112E-3	4.126736138E-1	4.003756843E-1	9.999411463E-2
4.633333333E0	3.353492647E-2	7.742647059E-3	2.592723309E-1	2.034204846E-1	1.607552425E-1
4.666666667E0	3.760472556E-2	1.123069853E-2	9.684376985E-2	-9.275045956E-2	2.785799725E-2
4.700000000E0	3.539212629E-2	1.559283088E-3	9.679237124E-2	-9.512853739E-2	-1.786965317E-2
4.733333333E0	3.641341535E-2	4.888796037E-3	1.291026799E-1	-8.361089911E-2	9.837031819E-2
4.766666667E0	4.195014750E-2	-4.014776852E-3	2.557368805E-1	-2.519773766E-1	4.368928621E-2
4.800000000E0	3.932603443E-2	-1.190969573E-2	2.932372751E-1	-2.915839735E-1	-3.109478963E-2
4.833333333E0	3.987716152E-2	-2.345370842E-2	3.484834647E-1	-3.432071822E-1	-6.041154911E-2
4.866666667E0	3.529859782E-2	-3.479017455E-2	4.136995569E-1	-4.107752110E-1	-4.910243772E-2
4.900000000E0	3.660366568E-2	-5.083872249E-2	3.350154110E-1	-3.349138783E-1	-8.247404540E-3
4.933333333E0	3.474877085E-2	-5.711776644E-2	2.758990784E-1	-2.338310529E-1	-1.464354470E-1
4.966666667E0	2.684130255E-2	-6.642745935E-2			
5.000000000E0		-7.187485936E-2		-2.353296271E-2	
5.033333333E0	1.485294118E-2	-6.799632353E-2			
5.066666667E0	2.033302518E-2	-6.143244485E-2	1.118940448E-1	1.102195562E-1	1.928540115E-2
5.100000000E0	1.613863459E-2	-6.064835312E-2	3.294917565E-2	3.273494394E-2	3.751215972E-3
5.133333333E0	2.058310625E-2	-5.925011526E-2			8.714245323E-2
5.166666667E0	2.194813147E-2				1.341563052E-2
5.200000000E0	2.147748162E-2	-3.422334559E-2			7.855606106E-2
5.233333333E0	2.718520221E-2	-2.613740809E-2	2.971914858E-1	2.283088235E-1	1.902573529E-1
5.266666667E0	3.416130515E-2	-1.900275735E-2	2.632096335E-1	2.211741728E-1	1.426930147E-1
5.300000000E0	3.669806985E-2	-1.139246324E-2	2.566916461E-1	2.291058500E-1	1.157631663E-1
5.333333333E0	4.187884957E-2	-3.729034021E-3	1.997449769E-1	1.538014356E-1	1.274487120E-1
5.366666667E0	4.519465065E-2	-1.139034193E-3	7.269475609E-2	7.261353798E-2	3.435355099E-3
5.400000000E0	4.210787324E-2	1.111868511E-3	1.454061652E-1	-1.448699705E-1	-1.247575752E-2
5.433333333E0	4.436293349E-2	-1.079703223E-2	1.180349081E-1	-1.132484948E-1	3.327187954E-2
5.466666667E0	4.432599854E-2	-6.438031141E-3	7.464287580E-2	-6.981381808E-2	-2.641192370E-2
5.500000000E0	4.260213857E-2	-1.545128676E-2	3.489349619E-1	-3.356004568E-1	-9.554025869E-2
5.533333333E0	3.795664797E-2	-2.881139493E-2	3.610709372E-1	-3.050327634E-1	-1.932025749E-1
5.566666667E0	2.972196691E-2	-3.578680432E-2			
5.600000000E0		-5.460978491E-2		-2.757898469E-1	
5.633333333E0	1.808823529E-2	-5.417279412E-2			
5.666666667E0	1.206341912E-2	-5.926614563E-2	2.552466737E-1	-2.284168156E-1	-1.139149805E-1
5.700000000E0	1.049390326E-2	-6.940058182E-2	1.099726887E-1	-9.672915321E-2	5.232077206E-2
5.733333333E0	1.555147059E-2	-6.571475584E-2	2.035148477E-1	2.025887257E-1	-1.939333515E-2
5.766666667E0	9.201014252E-3	-5.589466677E-2	3.064156113E-1	3.062116019E-1	-1.117952292E-2
5.800000000E0	1.480616906E-2	-4.530064905E-2	2.784009610E-1	2.194149465E-1	1.713597862E-1
5.833333333E0	2.062500000E-2	-4.126700368E-2	2.436884141E-1	1.626065091E-1	1.815025244E-1
5.866666667E0	2.690633735E-2	-3.446021511E-2	3.001534282E-1	2.039654958E-1	2.202048069E-1
5.900000000E0	3.530532046E-2	-2.766930396E-2	3.160189208E-1	1.971842270E-1	2.469541230E-1
5.933333333E0	4.336994555E-2	-2.131459998E-2	2.810137397E-1	1.911702463E-1	2.059676160E-1
5.966666667E0	4.903649486E-2	-1.492462087E-2	2.045174161E-1	1.540020879E-1	1.345761138E-1
6.000000000E0	5.234168647E-2	-1.104779412E-2	1.063187324E-1	5.538151352E-2	9.075550018E-2
6.033333333E0	5.508686154E-2	-1.123251997E-2			
6.066666667E0		-1.101997581E-2		3.530765248E-2	
6.100000000E0	5.073529412E-2	-8.878676471E-3			
6.133333333E0	4.960478266E-2	-1.140039200E-2	2.052516562E-1	-1.852684794E-1	-8.833930556E-2
6.166666667E0	4.484600708E-2	-2.122990843E-2	4.570856340E-1	-4.001377385E-1	-2.209458464E-1
6.200000000E0	3.487505956E-2	-3.807624123E-2	4.394254248E-1	-3.126406644E-1	-3.087887933E-1
6.233333333E0	2.426008752E-2	-4.207261939E-2	3.573063844E-1	-2.684619357E-1	-2.357881282E-1
6.266666667E0	1.915585101E-2	-5.597370361E-2	2.219809415E-1	-2.085154323E-1	-7.613706654E-2
6.300000000E0	1.918428309E-2	-5.597364821E-2	5.158553425E-2	-3.604789500E-2	-3.690008957E-2
6.333333333E0	1.669584504E-2	-5.837689661E-2	2.117819692E-1	-1.063845779E-1	-1.831227022E-1
6.366666667E0	6.976102941E-3	-6.306595341E-2	1.123999056E-1	-3.201291672E-2	-1.077446609E-1
6.400000000E0	9.512867647E-3	-6.051109106E-2	4.775466826E-2	2.193675088E-2	4.241800681E-2
6.433333333E0	9.803970062E-3	-6.160350335E-2	2.855226668E-1	2.799424007E-1	5.617335266E-2
6.466666667E0	1.325775782E-2	-4.184826434E-2	4.180883356E-1	3.911080521E-1	1.477577340E-1
6.500000000E0	1.965448566E-2	-3.552963321E-2	3.241075263E-1	2.467821695E-1	2.101053294E-1
6.533333333E0	2.726477978E-2	-2.539611971E-2	2.516917573E-1	1.336842757E-1	2.132539686E-1
6.566666667E0	3.387141690E-2	-2.661734816E-2			
6.600000000E0		-2.159225820E-2		2.271515282E-1	
6.633333333E0	4.236269818E-2	-1.147391295E-2			
6.666666667E0	4.487754135E-2	-1.130011280E-2	6.531507548E-2	-1.343993654E-2	6.391734656E-2
6.700000000E0	4.662385461E-2	-1.236990872E-2	6.706558065E-2	-5.799073058E-2	3.368779119E-2
6.733333333E0	4.712339410E-2	-1.516616150E-2	1.179146620E-1	-1.168782365E-1	-1.559953015E-2
6.766666667E0	4.558388594E-2	-2.016179116E-2	2.025124491E-1	-1.832354793E-1	-8.623254112E-2
6.800000000E0	4.137455802E-2	-2.738186012E-2	2.942062745E-1	-2.444575456E-1	-1.637004592E-1
6.833333333E0	3.467052199E-2	-3.645896086E-2	1.137136818E-1	-8.865795990E-2	-7.120791786E-2
6.866666667E0	3.662736350E-2	-3.329239078E-2	1.081644828E-1	-3.585081154E-2	-1.020503535E-1
6.900000000E0	2.786716509E-2	-3.884901497E-2	2.964259706E-1	-1.929182020E-1	-2.250576001E-1
6.933333333E0	2.162352349E-2	-4.615360425E-2	2.402878999E-1	-1.714990148E-1	-1.683043754E-1
6.966666667E0	1.664687340E-2	-5.028228262E-2	1.538581243E-1	-9.447365449E-2	-1.214374367E-1
7.000000000E0	1.352769437E-2	-5.245184789E-2	2.773968807E-1	-2.066221271E-1	-1.850846455E-1
7.033333333E0	4.307897029E-3	-6.405709109E-2	1.008985671E-1	1.003833314E-1	-1.018369407E-2
7.066666667E0	1.284878144E-2	-4.575962580E-2	4.124613980E-1	3.397765719E-1	2.338296090E-1
7.100000000E0	1.989653763E-2	-4.140531963E-2	1.191156669E-1	-1.058645576E-2	1.186442963E-1
7.133333333E0	2.075840119E-2	-4.646538951E-2	1.303816308E-1	1.293010810E-1	1.675112298E-2
7.166666667E0	2.101327916E-2	-3.278524757E-2	3.678614386E-1	3.273885658E-1	1.677461327E-1
7.200000000E0	3.194147670E-2	-2.463948513E-2	3.611951939E-1	2.041170754E-1	2.979902475E-1
7.233333333E0	4.087929566E-2	-1.917744254E-2	2.611475327E-1	1.225330694E-1	2.306158726E-1
7.266666667E0	4.731586821E-2	-1.647061383E-2	1.672099264E-1	5.234828288E-2	1.588043348E-1
7.300000000E0	5.146625132E-2	-1.568755701E-2	8.781614559E-2	-5.606038012E-3	8.763702280E-2
7.333333333E0	5.315833640E-2	-1.684434970E-2	5.874682093E-2	-5.737712272E-2	1.261169129E-2
7.366666667E0	5.230703074E-2	-1.951269853E-2	1.197195969E-1	-1.033652309E-1	-6.040207711E-2
7.400000000E0	4.913153126E-2	-2.373536509E-2	1.911412837E-1	-1.460787039E-1	-1.232720674E-1
7.433333333E0	4.408889291E-2	-2.925127879E-2	2.608164843E-1	-1.807113972E-1	-1.880654923E-1
7.466666667E0	3.659383177E-2	-3.578279157E-2	3.658173880E-1	-2.107311699E-1	-2.990229681E-1
7.500000000E0	2.415402837E-2	-4.330002345E-2	3.557464659E-1	-1.813288220E-1	-3.060643826E-1
7.533333333E0	1.618953960E-2	-4.787137971E-2	3.024784082E-1	-1.399827248E-1	-2.681380692E-1
7.566666667E0	6.278157090E-3	-5.263220510E-2	1.841741251E-1	-1.591037733E-1	-9.276905551E-2
7.600000000E0	1.000493590E-2	-5.847829793E-2	1.401577376E-1	1.086631951E-1	8.852401613E-2
7.633333333E0	1.217975817E-2	-4.538799209E-2	1.107723638E-1	3.199020373E-2	-1.060525504E-1
7.666666667E0	2.934765874E-3	-5.634561768E-2	9.744653169E-2	8.617777619E-2	4.548865165E-2
7.700000000E0	1.521233494E-2	-3.964280701E-2	4.210406207E-1	3.423812361E-1	2.450516139E-1
7.733333333E0	1.927154014E-2	-3.352020194E-2	8.993573817E-2	8.980846720E-2	-4.782909092E-3
7.766666667E0	1.489347434E-2	-3.365557586E-2	1.069620682E-1	5.218977940E-2	9.336546986E-2
7.800000000E0	2.549590479E-2	-3.004088332E-2	4.511789323E-1	5.248502161E-2	4.481157791E-1
7.833333333E0	4.476785961E-2	-3.015657442E-2	4.703059226E-1	8.387152811E-2	4.627669258E-1
7.866666667E0	5.634703318E-2	-2.444944811E-2	3.120993704E-1	2.408794247E-1	1.984518071E-1
7.900000000E0	5.799798008E-2	-1.409794611E-2	4.559320206E-2	2.929615987E-2	-3.493529864E-2
7.933333333E0	5.401801327E-2	-2.249637078E-2	1.786952936E-1	-1.550903950E-1	-8.876360366E-2
7.966666667E0	5.208040650E-2	-2.443730578E-2	8.922837485E-2	-6.391029299E-2	-6.226698425E-2
8.000000000E0	4.986688099E-2	-2.675705698E-2	1.411358194E-1	-8.951071447E-2	-1.091198952E-1
8.033333333E0	4.480574683E-2	-3.040468674E-2	2.336442985E-1	-1.341737950E-1	-1.912774188E-1
8.066666667E0	3.711505307E-2	-3.570197665E-2	3.246041273E-1	-1.762597672E-1	-2.725808759E-1
8.100000000E0	2.663368843E-2	-4.215533789E-2	3.632547487E-1	-1.781813065E-1	-3.165524198E-1
8.133333333E0	1.601155842E-2	-4.758073042E-2	3.369419621E-1	-1.422920660E-1	-3.054224186E-1
8.166666667E0	6.272193861E-3	-5.164147562E-2	1.668408281E-1	-1.427892829E-1	-8.629648079E-2
8.200000000E0	1.025845970E-2	-5.710001595E-2	9.532773698E-2	-9.532715141E-2	3.341298337E-4
8.233333333E0	6.294469184E-3	-5.799661905E-2	2.962890724E-1	1.642695536E-1	-2.465820922E-1
8.266666667E0	-6.180346447E-3	-4.614871238E-2	7.348450988E-2	5.943361625E-2	4.321595135E-2
8.300000000E0	9.175532607E-3	-5.403437797E-2	1.521489965E-1	-3.473938706E-2	1.481299839E-1
8.333333333E0	3.694985811E-3	-4.846467151E-2	2.076586483E-1	1.333695237E-1	1.591687293E-1
8.366666667E0	1.978678123E-2	-4.514307639E-2	3.480984349E-1	2.245315530E-1	2.660039513E-1
8.400000000E0	2.142858256E-2	-3.349590131E-2	1.990534459E-1	1.615011045E-1	1.163600772E-1
8.433333333E0	2.754411971E-2	-3.437633609E-2	4.243438917E-1	2.364011506E-1	3.523949977E-1
8.466666667E0	4.492158241E-2	-1.773582460E-2	4.422407752E-1	2.182882020E-1	3.846130056E-1
8.500000000E0	5.318498675E-2	-1.982378929E-2	1.728182357E-1	-1.253991412E-1	1.189167691E-1
8.533333333E0	5.284936701E-2	-2.609576735E-2	1.237683569E-1	-1.135163128E-1	4.932193110E-2
8.566666667E0	5.647311549E-2	-2.739154347E-2	8.217469179E-2	-5.308581365E-2	6.272620154E-2
8.600000000E0	5.703111378E-2	-2.963482160E-2	5.861954113E-2	3.575379157E-2	-4.645338514E-2
8.633333333E0	5.337622315E-2	-2.500795737E-2	2.547204591E-1	-6.809990980E-2	-2.454483949E-1
8.666666667E0	4.066788746E-2	-3.417481558E-2	4.014559833E-1	-2.253410794E-1	-3.322473543E-1
8.700000000E0	3.122639952E-2	-4.003069600E-2	3.439951531E-1	-8.476606965E-2	-3.333877304E-1
8.733333333E0	1.844203876E-2	-3.982588689E-2	1.851755727E-1	1.910650838E-2	-1.841872256E-1
8.766666667E0	1.894725115E-2	-3.875692877E-2	2.554060866E-1	-2.239306636E-1	-1.228304806E-1
8.800000000E0	1.025334006E-2	-5.475459780E-2	3.173104514E-1	-2.488724081E-1	-1.968462522E-1
8.833333333E0	5.824167670E-3	-5.534842265E-2	9.434756279E-2	8.185623256E-3	-9.399179846E-2
8.866666667E0	3.987220161E-3	-5.420888958E-2	6.035200362E-2	5.672481496E-2	-2.060727319E-2
8.900000000E0	4.450349457E-3	-5.156676832E-2	1.105572467E-1	1.085457743E-1	2.099332440E-2
8.933333333E0	5.386775121E-3	-4.697250463E-2	3.938687170E-1	3.137623488E-1	2.380877037E-1
8.966666667E0	2.032286304E-2	-3.064927839E-2	2.837902112E-1	1.755142612E-1	2.230058925E-1
9.000000000E0	2.025383462E-2	-3.527155388E-2	1.569058865E-1	-1.706749002E-3	1.568966036E-1
9.033333333E0	3.078263661E-2	-3.076306166E-2	3.523437407E-1	1.338376014E-1	3.259349752E-1
9.066666667E0	4.198283297E-2	-2.634904712E-2	4.373704761E-1	5.134341952E-2	4.343463902E-1
9.100000000E0	5.973906262E-2	-2.734016703E-2	2.347933818E-1	-3.903573761E-2	2.315256861E-1
9.133333333E0	5.741787871E-2	-2.895142963E-2	7.268797990E-2	-6.854249418E-2	-2.419646489E-2
9.166666667E0	5.812596497E-2	-3.190966664E-2	1.303924116E-1	1.271170787E-1	-2.904185418E-2
9.200000000E0	5.548175510E-2	-2.047695771E-2	1.651498028E-1	1.300217790E-1	-1.018272771E-1
9.233333333E0	5.133747982E-2	-2.324154804E-2	3.168420416E-1	-2.841793932E-1	-1.401104985E-1
9.266666667E0	4.614105520E-2	-3.942225060E-2	2.595164890E-1	-1.695348794E-1	-1.964859607E-1
9.300000000E0	3.823841578E-2	-3.454387334E-2	3.872688287E-1	-4.119914653E-2	-3.850711311E-1
9.333333333E0	2.046964645E-2	-4.216886036E-2	4.501920575E-1	-1.540810011E-1	-4.230034678E-1
9.366666667E0	1.003818459E-2	-4.481594008E-2	2.931963352E-1	-7.046362284E-2	-2.846031779E-1
9.400000000E0	1.496101262E-3	-4.686643522E-2	1.224509890E-1	-1.002056405E-1	-7.037808129E-2
9.433333333E0	5.346312505E-3	-5.149631611E-2	7.208994786E-2	-5.482148728E-2	4.681415507E-2
9.466666667E0	4.617044933E-3	-5.052120104E-2	4.427725285E-2	4.066751898E-2	1.751079725E-2
9.500000000E0	6.513698988E-3	-4.878514818E-2	1.131615260E-1	6.084733032E-2	9.541034202E-2
9.533333333E0	1.097773440E-2	-4.646471235E-2	1.561722861E-1	1.459961217E-1	5.545191968E-2
9.566666667E0	1.021049363E-2	-3.905207340E-2	2.243764899E-1	1.648974416E-1	1.521632116E-1
9.600000000E0	2.112194851E-2	-3.547154958E-2	4.056968628E-1	8.288847011E-4	4.056960161E-1
9.633333333E0	3.725689470E-2	-3.899681442E-2	3.442389047E-1	8.953295925E-2	3.323917458E-1
9.666666667E0	4.328139823E-2	-2.950268563E-2	2.758079752E-1	1.683115816E-1	2.184977132E-1
9.700000000E0	5.182340892E-2	-2.777604231E-2	1.610031873E-1	8.033499486E-2	1.395289035E-1
9.733333333E0	5.258332513E-2	-2.414701930E-2	6.482812756E-2	5.632895180E-2	3.208948913E-2
9.766666667E0	5.396270820E-2	-2.402077886E-2	1.847451158E-2	-1.799633349E-2	-4.176069785E-3
9.800000000E0	5.230492048E-2	-2.534677487E-2	1.118607735E-1	-8.048500934E-2	-7.768523613E-2
9.833333333E0	4.878369245E-2	-2.938644615E-2	2.466125463E-1	-2.000087370E-1	-1.442714564E-1
9.866666667E0	4.268682338E-2	-3.868069067E-2	1.793359208E-1	-1.355554974E-1	-1.174141373E-1
9.900000000E0	4.095608330E-2	-3.842347930E-2	2.745244761E-1	-1.020677814E-1	-2.548447684E-1
9.933333333E0	2.569717216E-2	-4.548520943E-2	3.770560261E-1	-1.257438450E-1	-3.554711412E-1
9.966666667E0	1.725800722E-2	-4.680640230E-2	3.844182279E-1	2.685841471E-2	-3.834788124E-1
1.000000000E1	1.319180011E-4	-4.369464845E-2	3.158847086E-1	4.101933409E-2	-3.132100946E-1
1.003333333E1	-3.622665753E-3	-4.407178003E-2	7.628927739E-2	-2.740185039E-3	-7.624005004E-2
1.006666667E1	-4.950752002E-3	-4.387732745E-2	2.452180597E-2	1.967286834E-2	1.463889405E-2
1.010000000E1	-2.646739482E-3	-4.276025547E-2	1.454678376E-1	4.619690806E-2	1.379374404E-1
1.013333333E1	4.245077358E-3	-4.079753358E-2	2.509479287E-1	6.512567182E-2	2.423499738E-1
1.016666667E1	1.350992544E-2	-3.841854402E-2	2.968337806E-1	1.245959989E-1	2.694181329E-1
1.020000000E1	2.220628622E-2	-3.249113366E-2	3.459014253E-1	7.740857946E-2	3.371286221E-1
1.023333333E1	3.598516691E-2	-3.325797206E-2	3.891506882E-1	-6.769072174E-2	3.832182463E-1
1.026666667E1	4.775416931E-2	-3.700384844E-2	2.651108158E-1	-5.492638408E-2	2.593585105E-1
1.030000000E1	5.327573428E-2	-3.691973100E-2	1.330821266E-1	6.502133578E-3	1.329231909E-1
1.033333333E1	5.661571536E-2	-3.657037287E-2	4.472654896E-2	1.447184290E-2	-4.232056173E-2
1.036666667E1	5.045436350E-2	-3.595494147E-2	7.678351643E-2	6.550898876E-2	-4.005347408E-2
1.040000000E1	5.394548376E-2	-3.220310695E-2	4.179855712E-2	2.953415113E-2	-2.957791904E-2
1.043333333E1	4.848250223E-2	-3.398599806E-2	8.123580315E-2	-1.896226261E-2	-7.899169773E-2
1.046666667E1	4.867937058E-2	-3.346725779E-2	1.933743251E-1	-1.615358229E-2	-1.926984468E-1
1.050000000E1	3.563593911E-2	-3.506290355E-2	2.787814100E-1	1.858564069E-2	-2.781611916E-1
1.053333333E1	3.013529114E-2	-3.222821508E-2	1.105671264E-1	-7.405918307E-2	-8.209949359E-2
1.056666667E1	3.016263954E-2	-4.000018242E-2	2.884193102E-1	-1.920316037E-1	-2.151965651E-1
1.060000000E1	1.578885346E-2	-4.503032199E-2	2.932720222E-1	4.795776489E-2	-2.893242675E-1
1.063333333E1	1.087435504E-2	-3.680299809E-2	1.337863735E-1	1.186460056E-1	-6.182167165E-2
1.066666667E1	1.166740869E-2	-3.712058828E-2	6.997327192E-2	5.305255786E-3	6.977186427E-2
1.070000000E1	1.552581266E-2	-3.644931437E-2	1.634784796E-1	2.176290977E-2	1.620234214E-1
1.073333333E1	2.246897011E-2	-3.566972763E-2	2.258238629E-1	5.475388925E-2	2.190854369E-1
1.076666667E1	3.013150845E-2	-3.279905509E-2	2.846579399E-1	6.935355280E-2	2.760801106E-1
1.080000000E1	4.087431081E-2	-3.104615745E-2	3.112412476E-1	4.021020252E-2	3.086328788E-1
1.083333333E1	5.070703370E-2	-3.011837492E-2	2.595133736E-1	2.072645762E-2	2.586843733E-1
1.086666667E1	5.811993570E-2	-2.966439360E-2	9.855714620E-2	7.827632004E-2	5.988596486E-2
1.090000000E1	5.469943136E-2	-2.489995358E-2	1.092784319E-1	8.625921324E-2	-6.709041526E-2
1.093333333E1	5.364724135E-2	-2.391377939E-2	3.546340490E-2	1.237379712E-2	-3.323465408E-2
1.096666667E1	5.248378775E-2	-2.407503378E-2	7.659563242E-2	-7.723539004E-3	-7.620523506E-2
1.100000000E1	4.856689235E-2	-2.442868199E-2	1.100534167E-1	-5.517947123E-2	-9.522069358E-2
1.103333333E1	4.613574151E-2	-2.775366519E-2	1.771968914E-1	-5.548318573E-2	-1.682865248E-1
1.106666667E1	3.734779070E-2	-2.812756104E-2	2.489310479E-1	-7.168313786E-2	-2.383866488E-1
1.110000000E1	3.024329826E-2	-3.253254105E-2	2.618251461E-1	-8.405805966E-2	-2.479650172E-1
1.113333333E1	2.081678955E-2	-3.373143168E-2	2.462608389E-1	-4.289206291E-2	-2.424967458E-1
1.116666667E1	1.407684854E-2	-3.539201191E-2	1.683497315E-1	-3.582122683E-2	-1.644945951E-1
1.120000000E1	9.850483212E-3	-3.611951347E-2	7.353401561E-2	-2.580409421E-2	-6.885782579E-2
1.123333333E1	9.486326817E-3	-3.711228486E-2	3.188999563E-2	-1.073230268E-2	3.002981020E-2
1.126666667E1	1.185247056E-2	-3.683500032E-2	1.260442799E-1	2.580624483E-3	1.260178593E-1
1.130000000E1	1.788751744E-2	-3.694024323E-2	2.144376656E-1	1.095548321E-2	2.141576284E-1
1.133333333E1	2.612964578E-2	-3.610463477E-2	2.638906255E-1	3.246275607E-2	2.618862954E-1
1.136666667E1	3.534660380E-2	-3.477605949E-2	2.801111030E-1	2.699468836E-2	2.788073113E-1
1.140000000E1	4.471679987E-2	-3.430498888E-2	1.810945472E-1	6.465468367E-2	1.691597082E-1
1.143333333E1	4.662391768E-2	-3.046574724E-2	4.973317875E-2	-3.766305956E-2	3.247896262E-2
1.146666667E1	4.688206404E-2	-3.681585952E-2	1.558582123E-1	-4.576899326E-2	1.489865148E-1
1.150000000E1	5.655635200E-2	-3.351701346E-2	1.626166014E-1	6.528794910E-2	1.489350286E-1
1.153333333E1	5.681106595E-2	-3.246332958E-2	1.826440933E-2	4.183551720E-3	-1.777882289E-2
1.156666667E1	5.537109714E-2	-3.323811001E-2	1.067942815E-1	2.038043298E-3	-1.067748329E-1
1.160000000E1	4.969274376E-2	-3.232746002E-2	2.165917274E-1	6.321809869E-2	-2.071604412E-1
1.163333333E1	4.156040106E-2	-2.902357010E-2	2.257912524E-1	2.529228244E-3	-2.257770862E-1
1.166666667E1	3.464093802E-2	-3.215884481E-2	2.603140690E-1	-6.225614002E-2	-2.527599405E-1
1.170000000E1	2.470973836E-2	-3.317397943E-2	3.180225811E-1	-2.850638546E-2	-3.167424002E-1
1.173333333E1	1.352477801E-2	-3.405927050E-2	1.665618960E-1	-1.211022177E-1	-1.143552276E-1
1.176666667E1	1.708605652E-2	-4.124746061E-2	1.007528326E-1	3.573476470E-3	-1.006894411E-1
1.180000000E1	6.812148601E-3	-3.382103874E-2	1.680681052E-1	1.072731602E-1	-1.293806673E-1
1.183333333E1	8.460678695E-3	-3.409591660E-2	1.123768848E-1	-4.222442066E-2	1.041425107E-1
1.186666667E1	1.375498265E-2	-3.663600012E-2	1.906822952E-1	-1.385308715E-2	1.901784154E-1
1.190000000E1	2.113923972E-2	-3.501945575E-2	3.147075619E-1	-3.630731640E-3	3.146866176E-1
1.193333333E1	3.473409049E-2	-3.687804889E-2	2.948056845E-1	6.640769189E-2	2.872288461E-1
1.196666667E1	4.028782946E-2	-3.059227629E-2	2.418116235E-1	1.176028920E-1	2.112875317E-1
1.200000000E1	4.881992593E-2	-2.903785609E-2	2.139087980E-1	-4.764364030E-2	2.085355063E-1
1.203333333E1	5.419019655E-2	-3.376851897E-2	1.124501674E-1	-1.162118274E-2	1.118480588E-1
1.206666667E1	5.627646319E-2	-2.981260161E-2	6.999357891E-2	3.996121446E-2	5.746479294E-2
1.210000000E1	5.802118275E-2	-3.110443801E-2	3.442325241E-2	-2.868722766E-2	-1.902638366E-2
1.213333333E1	5.500803761E-2	-3.172508345E-2	1.349093933E-1	-2.322795512E-2	-1.328947196E-1
1.216666667E1	4.916153478E-2	-3.265296835E-2	2.601025124E-1	1.133138501E-2	-2.598555689E-1
1.220000000E1	3.768433302E-2	-3.096965779E-2	3.278286412E-1	1.022939978E-1	-3.114603603E-1
1.223333333E1	2.839751076E-2	-2.583336850E-2	2.047296310E-1	-1.919667130E-2	-2.038276469E-1
1.226666667E1	2.409582323E-2	-3.224943587E-2	2.193880099E-1	-1.526007059E-1	-1.576201873E-1
1.230000000E1	1.788949827E-2	-3.600674889E-2	1.849019943E-1	-8.187160748E-2	-1.657883814E-1
1.233333333E1	1.304326448E-2	-3.770754304E-2	1.050027847E-1	-4.964621370E-2	-9.252479812E-2
1.236666667E1	1.172117839E-2	-3.931649647E-2	4.480162515E-2	-4.348492614E-2	1.078178158E-2
1.240000000E1	1.376204991E-2	-4.060653812E-2	8.304682438E-2	-6.831827843E-4	8.304401423E-2
1.243333333E1	1.725744601E-2	-3.936204199E-2	1.861199673E-1	-1.649754658E-2	1.853873599E-1
1.246666667E1	2.612120724E-2	-4.170637455E-2	2.597336095E-1	-2.389756472E-3	2.597226154E-1
1.250000000E1	3.457228704E-2	-3.952135909E-2	2.508296515E-1	6.952866260E-2	2.410005792E-1
1.253333333E1	4.218791252E-2	-3.707113038E-2	1.913609121E-1	2.612215156E-2	1.895695964E-1
1.256666667E1	4.721026013E-2	-3.777988232E-2	1.474241282E-1	1.326982335E-1	6.422657075E-2
1.260000000E1	4.646968390E-2	-2.822458148E-2	1.913550326E-1	1.912420389E-1	-6.575032379E-3
1.263333333E1	4.677192464E-2	-2.503041306E-2	5.262829165E-2	5.262828594E-2	-2.453025199E-5
1.266666667E1	4.646804855E-2	-2.471602908E-2	4.411756013E-2	-3.070767425E-3	-4.401056123E-2
1.270000000E1	4.383788722E-2	-2.523513089E-2	5.282612760E-2	-2.797632116E-2	-4.480987850E-2
1.273333333E1	4.348072332E-2	-2.658111716E-2	4.684781279E-2	-2.942529863E-2	-3.645366050E-2
1.276666667E1	4.140764319E-2	-2.719681746E-2	1.487660326E-1	-4.282368648E-2	-1.424691698E-1
1.280000000E1	3.398277866E-2	-2.943602959E-2	2.551557833E-1	-7.552742822E-2	-2.437213190E-1
1.283333333E1	2.515955526E-2	-3.223197934E-2	2.508109716E-1	-8.353311708E-2	-2.364917796E-1
1.286666667E1	1.821666003E-2	-3.500490407E-2	2.098740853E-1	-2.788258642E-2	-2.080136848E-1
1.290000000E1	1.129197627E-2	-3.409081844E-2	1.024193490E-1	-6.795234599E-2	-7.663029253E-2
1.293333333E1	1.310797386E-2	-3.953506046E-2	1.502170188E-1	-1.362102276E-1	6.333977132E-2
1.296666667E1	1.551462769E-2	-4.317150028E-2	1.273166944E-1	-5.926684905E-2	1.126808825E-1
1.300000000E1	2.062003269E-2	-4.348618373E-2	1.143138812E-1	2.730147157E-2	1.110058245E-1
1.303333333E1	2.291501599E-2	-4.135140217E-2	1.756542942E-1	7.114772948E-2	1.606002231E-1
1.306666667E1	3.132671423E-2	-3.874300177E-2	2.729127301E-1	1.939320814E-1	1.920200669E-1
1.310000000E1	3.571635378E-2	-2.842259675E-2	1.947833330E-1	1.480857784E-1	1.265351692E-1
1.313333333E1	3.976239218E-2	-2.887061654E-2	2.712308798E-1	-8.697841376E-2	2.569064922E-1
1.316666667E1	5.284345326E-2	-3.422115767E-2	1.575971704E-1	6.165065742E-2	1.450381486E-1
1.320000000E1	4.943160208E-2	-2.476057271E-2	1.156452258E-1	3.009816482E-2	-1.116598349E-1
1.323333333E1	4.539946426E-2	-3.221461334E-2	4.661034075E-2	-4.268742323E-2	-1.871651044E-2
1.326666667E1	4.818383472E-2	-2.760640093E-2	1.280204551E-1	-1.167904416E-2	-1.274866144E-1
1.330000000E1	3.690035664E-2	-3.299321629E-2	1.968973416E-1	-4.800665078E-2	-1.909552948E-1
1.333333333E1	3.545348174E-2	-3.080684431E-2	7.351202400E-2	-4.347588141E-2	-5.927786609E-2
1.336666667E1	3.294849890E-2	-3.589160838E-2	2.610561698E-1	-9.388259994E-2	-2.435906017E-1
1.340000000E1	1.921410829E-2	-3.706568431E-2	2.137864527E-1	-2.816824483E-2	-2.119226211E-1
1.343333333E1	1.882032416E-2	-3.776949137E-2	7.896855848E-2	-4.788134953E-2	-6.279657312E-2
1.346666667E1	1.502767008E-2	-4.025777428E-2	9.039451464E-2	-5.655735287E-2	-7.051548847E-2
1.350000000E1	1.411929159E-2	-4.153998156E-2	2.723126039E-2	-2.113620033E-2	1.716981590E-2
1.353333333E1	1.617232448E-2	-4.166685430E-2	1.166029589E-1	-2.731560482E-3	1.165709595E-1
1.356666667E1	2.189068890E-2	-4.172208559E-2	1.945424896E-1	2.975583382E-2	1.922534021E-1
1.360000000E1	2.898921795E-2	-3.968313205E-2	1.847458688E-1	2.589811284E-2	1.829216329E-1
1.363333333E1	3.408546443E-2	-3.999554474E-2	2.340004321E-1	1.453148155E-1	1.834115770E-1
1.366666667E1	4.121665642E-2	-2.999547768E-2	2.280868464E-1	1.145180838E-1	1.972541963E-1
1.370000000E1	4.723574418E-2	-3.236100582E-2	1.476534822E-1	1.203268432E-2	1.471623774E-1
1.373333333E1	5.102748157E-2	-2.919329872E-2	1.128453150E-1	8.769573079E-2	7.101777179E-2
1.376666667E1	5.197026230E-2	-2.651462376E-2	1.690664541E-1	9.844505858E-2	-1.374483043E-1
1.380000000E1	4.186426129E-2	-2.263029482E-2	8.826769487E-2	2.884764682E-2	-8.342061634E-2
1.383333333E1	4.640888788E-2	-2.459144731E-2	4.852867068E-2	-4.350530288E-2	-2.150163944E-2
1.386666667E1	4.043081866E-2	-2.553064834E-2	1.689795882E-1	-3.298248505E-2	-1.657294691E-1
1.390000000E1	3.536025661E-2	-2.679027965E-2	1.849407042E-1	-1.115446446E-1	-1.475156139E-1
1.393333333E1	3.059644440E-2	-3.296695798E-2	2.390590849E-1	-1.765467692E-1	-1.611846282E-1
1.396666667E1	2.461461472E-2	-3.856006426E-2	2.409389722E-1	-1.862408834E-1	-1.528591563E-1
1.400000000E1	2.040583398E-2	-4.538301688E-2	1.814637095E-1	-1.567574554E-1	-9.141213306E-2
1.403333333E1	1.852047252E-2	-4.901056128E-2	1.765502710E-2	8.295731533E-3	-1.558463411E-2
1.406666667E1	1.936685838E-2	-4.482996811E-2	8.051757261E-2	7.336690140E-2	3.317193508E-2
1.410000000E1	2.073193486E-2	-4.411943452E-2	1.069768342E-1	-5.809368061E-2	8.982854406E-2
1.413333333E1	2.535542798E-2	-4.870288015E-2	2.154280349E-1	3.681348013E-2	2.122592893E-1
1.416666667E1	3.488255415E-2	-4.166520251E-2	2.301239208E-1	2.105770287E-1	9.281343590E-2
1.420000000E1	3.154299037E-2	-3.466441156E-2	1.877122936E-1	1.827500346E-1	4.287575109E-2
1.423333333E1	3.774093756E-2	-2.948186687E-2	2.150098421E-1	1.469427549E-1	1.569619667E-1
1.426666667E1	4.200712148E-2	-2.486822790E-2	1.513608650E-1	1.170702945E-1	9.594090683E-2
1.430000000E1	4.413699801E-2	-2.167718057E-2	8.279026013E-2	8.043034403E-2	1.962617973E-2
1.433333333E1	4.331553347E-2	-1.950620497E-2	8.877986143E-2	-7.744831178E-2	4.340072346E-2
1.436666667E1	4.703037957E-2	-2.684040136E-2	1.088788210E-1	-1.087687463E-1	-4.894638608E-3
1.440000000E1	4.298922423E-2	-2.675745472E-2	1.766799299E-1	8.088370649E-2	-1.570783997E-1
1.443333333E1	3.655848626E-2	-2.144815426E-2	2.800592619E-1	-7.013833415E-2	-2.711342919E-1
1.446666667E1	2.491360476E-2	-3.143334366E-2	2.386438686E-1	-1.617194470E-1	-1.754927818E-1
1.450000000E1	2.485896747E-2	-3.222945072E-2	1.069278673E-1	-6.982583912E-2	-8.098099160E-2
1.453333333E1	1.951487199E-2	-3.608839960E-2	2.159773810E-1	-1.976698603E-1	-8.702215477E-2
1.456666667E1	1.905749049E-2	-4.540744141E-2	1.819406600E-1	-1.819176610E-1	-2.892814376E-3
1.460000000E1	1.932201770E-2	-4.821624367E-2	7.507484650E-2	-6.171333474E-2	4.275157181E-2
1.463333333E1	2.190759528E-2	-4.952166373E-2	1.062005249E-1	-1.961593175E-2	1.043732088E-1
1.466666667E1	2.628023162E-2	-4.952397245E-2	1.980864241E-1	1.121030178E-1	1.633130270E-1
1.470000000E1	3.279513041E-2	-4.204812920E-2	2.380958790E-1	2.238834795E-1	8.102984144E-2
1.473333333E1	3.168222105E-2	-3.459840716E-2	2.064304145E-1	1.709447135E-1	1.157213073E-1
1.476666667E1	4.050988423E-2	-3.065181497E-2	2.286352182E-1	1.386533209E-1	1.817947183E-1
1.480000000E1	4.380186893E-2	-2.535485243E-2	1.260029671E-1	1.536177692E-2	1.250630383E-1
1.483333333E1	4.884742011E-2	-2.962769651E-2	7.074996917E-2	-1.967521846E-2	6.795913416E-2
1.486666667E1	4.833247788E-2	-2.666653366E-2	7.759013399E-2	6.623760672E-2	-4.040802332E-2
1.490000000E1	4.615355189E-2	-2.521185606E-2	9.135433864E-2	1.716012502E-2	-8.972817449E-2
1.493333333E1	4.235059958E-2	-2.552252533E-2	1.431709691E-1	-2.202244519E-2	-1.414670927E-1
1.496666667E1	3.672241238E-2	-2.668001907E-2	1.431164110E-1	-2.466070537E-2	-1.409757309E-1
1.500000000E1	3.295221752E-2	-2.716657235E-2	1.512036744E-1	-7.762888224E-2	-1.297547987E-1
1.503333333E1	2.807209247E-2	-3.185527789E-2	1.951828900E-1	-1.092389015E-1	-1.617504960E-1
1.506666667E1	2.216885112E-2	-3.444916578E-2	2.500133655E-1	-1.965632732E-1	-1.544977753E-1
1.510000000E1	1.777224078E-2	-4.495949610E-2	1.979701899E-1	-1.950470148E-1	3.389480974E-2
1.513333333E1	2.442850510E-2	-4.745230010E-2	6.370908992E-2	-1.793854080E-2	6.113147219E-2
1.516666667E1	2.184767226E-2	-4.615539882E-2	3.040331140E-2	2.906118987E-2	8.933565209E-3
1.520000000E1	2.502407612E-2	-4.551488745E-2	1.911576067E-1	-9.474120462E-3	1.909226850E-1
1.523333333E1	3.457585126E-2	-4.678700685E-2	2.229428022E-1	4.422616175E-2	2.185121041E-1
1.526666667E1	3.959154973E-2	-4.256647666E-2	2.414403623E-1	2.413953910E-1	-4.659804141E-3
1.530000000E1	3.426519765E-2	-3.069398078E-2			
1.533333333E1		-3.080199077E-2		-7.980875274E-3	
1.536666667E1	2.898796921E-2	-3.122603913E-2			
1.540000000E1	2.715788699E-2	-3.643479404E-2	3.542888270E-2	-2.452858015E-2	-2.556471171E-2
1.543333333E1	2.728365510E-2	-3.286127781E-2	5.084443778E-2	5.084273627E-2	4.159580771E-4
1.546666667E1	2.718561753E-2	-3.304527829E-2	4.765982678E-3	-3.835838912E-3	-2.828591652E-3
1.550000000E1	2.709508232E-2	-3.311700041E-2	3.345513615E-2	-3.342962277E-2	-1.306313989E-3
1.553333333E1	2.709852993E-2	-3.527391981E-2	1.129563141E-1	1.080996043E-1	3.276590361E-2
1.556666667E1	2.927947589E-2	-2.591036012E-2	5.405681739E-2	5.090914888E-2	-1.817685526E-2
1.560000000E1	2.588673958E-2	-3.187997655E-2	1.805860302E-1	-1.767016776E-1	-3.725360975E-2
1.563333333E1	2.679590191E-2	-3.769047196E-2	7.294129912E-2	-7.036782182E-2	1.920423832E-2
1.566666667E1	2.716702213E-2	-3.657116467E-2	1.734274809E-2	1.642705089E-2	5.560837214E-3
1.570000000E1	2.716662439E-2	-3.659533524E-2	8.639437129E-4	-8.631074453E-4	-3.800364511E-5
1.573333333E1	2.716448856E-2	-3.662870517E-2	4.313543185E-4	-4.279079204E-4	-5.441837759E-5
1.576666667E1	2.716299650E-2	-3.662386243E-2	2.354823969E-3	2.328555010E-3	3.507527462E-4
1.580000000E1	2.718787207E-2	-3.647346817E-2	4.469149689E-2	4.459961185E-2	-2.864352882E-3
1.583333333E1	2.697203964E-2	-3.365055497E-2	6.931746531E-2	-1.866542838E-4	6.931721401E-2
1.586666667E1	3.180901968E-2	-3.648591179E-2	4.835658490E-2	-4.814585508E-2	4.509538973E-3
1.590000000E1	2.727267557E-2	-3.686027865E-2	6.955746902E-2	5.233840002E-4	-6.955549990E-2
1.593333333E1	2.717198635E-2	-3.645101952E-2	5.395253074E-2	5.384868517E-2	-3.345845002E-3
1.596666667E1	2.704961924E-2	-3.327036630E-2	4.648449966E-2	4.641466178E-2	-2.547131796E-3
1.600000000E1	2.700217756E-2	-3.335670873E-2	1.487274673E-3	-8.272476724E-4	-1.235980275E-3
1.603333333E1	2.696722055E-2	-3.332551615E-2	4.513977251E-2	-4.509661695E-2	1.973373295E-3
1.606666667E1	2.713373578E-2	-3.636314986E-2	1.909143405E-1	-2.560972455E-2	-1.891888671E-1
1.610000000E1	1.435462941E-2	-3.503283112E-2	5.785381066E-2	4.373904849E-2	3.786765169E-2
1.613333333E1	2.965824589E-2	-3.344721330E-2	1.892657584E-1	1.276017574E-2	1.888351271E-1
1.616666667E1	2.694363789E-2	-3.418215273E-2	6.026315528E-2	-4.737238862E-2	-3.724922390E-2
1.620000000E1	2.717496430E-2	-3.660537254E-2	4.345352876E-2	-4.311443398E-2	5.418001907E-3
1.623333333E1	2.730483802E-2	-3.705644833E-2	7.293255522E-3	-7.076937598E-3	1.763102477E-3
1.626666667E1	2.729250447E-2	-3.707716838E-2	6.747107581E-4	-6.555547870E-4	-1.596324789E-4
1.630000000E1	2.729419585E-2	-3.710015198E-2	5.605404779E-3	5.369890881E-3	-1.607742101E-3
1.633333333E1	2.718532166E-2	-3.671917565E-2	5.693902342E-2	5.684563642E-2	-3.259755847E-3
1.636666667E1	2.707687879E-2	-3.331044289E-2	8.371057064E-2	7.932823532E-2	2.672995917E-2
1.640000000E1	2.896731894E-2	-3.143062663E-2	3.829186796E-2	-3.791922727E-2	5.329104527E-3
1.643333333E1	2.743215243E-2	-3.583839137E-2	8.801076289E-2	-8.446150369E-2	-2.474164061E-2
1.646666667E1	2.731787623E-2	-3.706139355E-2	1.922541858E-2	-1.911485978E-2	-2.058848038E-3
1.650000000E1	2.729489589E-2	-3.711271536E-2	8.905039382E-4	-7.993088907E-4	-3.925589906E-4
1.653333333E1	2.729170563E-2	-3.711468080E-2	3.539628284E-4	-3.379056869E-4	-1.054012839E-4
1.656666667E1	2.728786914E-2	-3.713524240E-2	1.207461290E-4	-1.059368226E-4	-5.793977296E-5
1.660000000E1	2.728784298E-2	-3.712174326E-2	1.536029816E-1	1.485753214E-1	3.897755541E-2
1.663333333E1	2.988637283E-2	-2.723022098E-2	6.676949211E-2	5.771391609E-2	3.357482638E-2
1.666666667E1	2.952616474E-2	-3.327414885E-2	1.211714863E-1	-1.131861163E-1	-4.326005277E-2
1.670000000E1	2.700236932E-2	-3.477596206E-2	4.705279779E-2	-2.992230754E-2	-3.631282544E-2
1.673333333E1	2.710530971E-2	-3.526896936E-2	3.339449245E-2	-3.310615785E-2	4.378862722E-3
1.676666667E1	2.729429350E-2	-3.698303925E-2	2.730751920E-2	-2.714039636E-2	3.016536100E-3
1.680000000E1	2.730641212E-2	-3.707832911E-2	1.583327108E-3	-1.580464211E-3	9.517147682E-5
1.683333333E1	2.730063826E-2	-3.708840353E-2	2.750611439E-2	2.741001800E-2	-2.297224840E-3
1.686666667E1	2.715326379E-2	-3.525099458E-2	5.256339107E-2	4.412839620E-2	2.855861918E-2
1.690000000E1	2.920454621E-2	-3.414651045E-2	6.399965633E-2	5.953530163E-2	2.348411954E-2
1.693333333E1	2.871887176E-2	-3.128197447E-2	3.725208492E-2	-3.724990554E-2	-4.029494858E-4
1.696666667E1	2.917768291E-2	-3.662983749E-2	7.623777129E-2	-7.323453621E-2	-2.118727156E-2
1.700000000E1	2.730638699E-2	-3.616427689E-2	2.876007436E-2	-5.089602316E-3	-2.830614466E-2
1.703333333E1	2.729060660E-2	-3.696914431E-2	1.334270957E-2	-1.334232221E-2	-1.016689425E-4
1.706666667E1	2.729960906E-2	-3.705376503E-2	1.628700514E-3	-1.626042859E-3	9.300529657E-5
1.710000000E1	2.729680695E-2	-3.707754717E-2	7.654148089E-4	-7.532286959E-4	-1.360380878E-4
1.713333333E1	2.729053986E-2	-3.710398028E-2	2.261781866E-2	-2.072881239E-2	9.048870526E-3
1.716666667E1	2.790006499E-2	-3.845946799E-2	9.181502779E-2	8.940663355E-2	2.089146251E-2
1.720000000E1	2.868330402E-2	-3.114353804E-2	2.684218847E-2	2.293253925E-2	1.394997224E-2
1.723333333E1	2.883006314E-2	-3.693063204E-2	9.553563262E-2	-9.546374185E-2	-3.705548594E-3
1.726666667E1	2.843626745E-2	-3.750778750E-2	3.029002253E-2	-3.004950457E-2	-3.809558983E-3
1.730000000E1	2.857609254E-2	-3.893393235E-2	2.188049253E-2	-2.182697557E-2	1.529408651E-3
1.733333333E1	2.853822803E-2	-3.896291920E-2	1.589739700E-3	-3.961577780E-4	1.539588039E-3
1.736666667E1	2.867873174E-2	-3.896034287E-2	3.742087080E-2	2.157232818E-2	3.057705395E-2
1.740000000E1	3.057669829E-2	-3.752476399E-2	8.686083585E-2	8.376147949E-2	2.299607266E-2
1.743333333E1	3.021180325E-2	-3.337624423E-2	3.544562170E-2	-3.420431026E-3	-3.528020336E-2
1.746666667E1	2.822468473E-2	-3.775279273E-2	8.436600370E-2	-8.392250217E-2	-8.639225030E-3
1.750000000E1	2.963585492E-2	-3.897107771E-2	7.545547377E-3	6.299097456E-3	-4.154113198E-3
1.753333333E1	2.794774385E-2	-3.733285290E-2	9.234321363E-2	8.469574132E-2	-3.679538701E-2
1.756666667E1	2.718282912E-2	-3.332469496E-2	7.113886659E-3	-5.355614539E-3	-4.682390021E-3
1.760000000E1	2.763558452E-2	-3.768989387E-2	6.622331003E-2	-6.590970117E-2	6.437241899E-3
1.763333333E1	2.761197858E-2	-3.771867503E-2	1.170057003E-2	-1.109006846E-2	3.730110004E-3
1.766666667E1	2.788425852E-2	-3.842923176E-2	1.220981222E-1	1.178345096E-1	3.198405517E-2
1.770000000E1	2.974424892E-2	-2.986304106E-2	7.893681542E-2	5.661312806E-2	5.500885892E-2
1.773333333E1	3.155151578E-2	-3.465502323E-2	8.572854727E-2	-7.789525736E-2	-3.580101532E-2
1.776666667E1	2.735751457E-2	-3.505605822E-2	7.064590747E-2	-5.300162270E-2	-4.670837433E-2
1.780000000E1	2.843762416E-2	-3.818846474E-2	4.754115472E-2	-4.669652310E-2	8.921665902E-3
1.783333333E1	2.795229229E-2	-3.816915976E-2	7.317133536E-3	5.232738192E-4	-7.298398981E-3
1.786666667E1	2.795106423E-2	-3.815357982E-2	3.396142183E-3	-1.438051945E-3	3.076652130E-3
1.790000000E1	2.815740243E-2	-3.826502988E-2	2.495953963E-2	1.366901066E-2	2.088388771E-2
1.793333333E1	2.934332341E-2	-3.724231244E-2	8.644005744E-2	8.620408012E-2	-6.382797367E-3
1.796666667E1	2.773188261E-2	-3.251809121E-2	2.715976565E-2	-4.253740140E-3	-2.682458881E-2
1.800000000E1	2.755501749E-2	-3.752589512E-2	2.155216567E-1	1.594610583E-1	1.449888113E-1
1.803333333E1	3.739780336E-2	-2.188735399E-2	6.873477151E-3	5.806185847E-3	-3.678708205E-3
1.806666667E1	2.730977027E-2	-3.713881606E-2	2.687520988E-1	-2.206187631E-1	-1.534765519E-1
1.810000000E1	2.716603324E-2	-3.659527153E-2	5.779195293E-2	5.766140969E-2	-3.882223071E-3
1.813333333E1	2.705095540E-2	-3.329472208E-2	5.067513225E-2	5.064196190E-2	-1.833227585E-3
1.816666667E1	2.704381806E-2	-3.321914074E-2	4.120894444E-2	-4.117996124E-2	1.545281094E-3
1.820000000E1	2.715397414E-2	-3.604005283E-2	1.038925996E-1	-9.738314783E-2	3.619661283E-2
1.823333333E1	2.945692559E-2	-3.971135059E-2	5.815414998E-2	4.500262947E-2	3.683298115E-2
1.826666667E1	2.960950622E-2	-3.303987753E-2	1.071518379E-1	1.022164133E-1	-3.214531405E-2
1.830000000E1	2.731390465E-2	-3.289692304E-2	6.462335339E-2	-5.342422352E-2	-3.635973246E-2
1.833333333E1	2.718552405E-2	-3.660149243E-2	5.567995325E-2	-5.563992661E-2	-2.110867313E-3
1.836666667E1	2.717318016E-2	-3.660625148E-2	4.064207548E-2	-3.125522760E-2	2.597862673E-2
1.840000000E1	2.891743250E-2	-3.868517427E-2	2.213081465E-2	-1.215142543E-2	1.849637308E-2
1.843333333E1	2.840627170E-2	-3.741634651E-2	5.377128302E-2	5.344906235E-2	-5.877806728E-3
1.846666667E1	2.852557872E-2	-3.512190345E-2	8.984658469E-2	8.973528674E-2	4.470692847E-3
1.850000000E1	2.870431789E-2	-3.143399406E-2	3.229630022E-2	1.828994142E-4	-3.229578232E-2
1.853333333E1	2.637252657E-2	-3.510971016E-2	8.602938995E-2	-8.602882953E-2	-3.105244014E-4
1.856666667E1	2.868361626E-2	-3.716924936E-2	1.069743422E-2	-5.597832223E-3	9.115885771E-3
1.860000000E1	2.698025228E-2	-3.548289897E-2	2.039984010E-2	-4.138674854E-4	-2.039564144E-2
1.863333333E1	2.732390683E-2	-3.719684053E-2	2.647742788E-2	-2.599741996E-2	5.018798883E-3
1.866666667E1	2.731483888E-2	-3.721606030E-2	1.023198129E-3	-1.021080087E-3	-6.580173930E-5
1.870000000E1	2.731952005E-2	-3.726491254E-2	1.478644344E-1	1.478039494E-1	4.228886680E-3
1.873333333E1	2.759676465E-2	-2.736246367E-2	1.024267196E-1	9.077041003E-2	4.745487912E-2
1.876666667E1	3.048317866E-2	-3.121355187E-2	1.524823391E-1	-1.131549146E-1	1.022097306E-1
1.880000000E1	3.441074670E-2	-3.490612465E-2	8.410414523E-2	-6.625570289E-2	-5.180433456E-2
1.883333333E1	2.702955636E-2	-3.563059873E-2	1.111268138E-1	-3.133589655E-2	-1.066172141E-1
1.886666667E1	2.730293242E-2	-3.699518442E-2	2.019013544E-2	-1.981245332E-2	3.886934873E-3
1.890000000E1	2.728868535E-2	-3.695142895E-2	2.730123542E-2	-1.981001354E-2	1.878618693E-2
1.893333333E1	2.855534488E-2	-3.831585199E-2	4.777796509E-2	-2.348171465E-2	4.160941030E-2
1.896666667E1	3.006264603E-2	-3.851687659E-2	4.421757057E-2	4.412794788E-2	2.813852094E-3
1.900000000E1	2.874293502E-2	-3.537398880E-2	2.269352899E-1	1.447915902E-1	1.747427287E-1
1.903333333E1	4.171216128E-2	-2.886410391E-2	1.942279859E-1	1.526101723E-1	1.201442708E-1
1.906666667E1	3.675255308E-2	-2.519997731E-2	2.483937979E-1	-1.331123225E-1	-2.097154941E-1
1.910000000E1	2.773112834E-2	-3.773825875E-2	2.297556371E-1	-1.826873401E-1	-1.393305011E-1
1.913333333E1	2.746385300E-2	-3.737913331E-2	6.553147902E-3	5.163729216E-3	-4.034804581E-3
1.916666667E1	2.746214137E-2	-3.739401013E-2	5.157350496E-4	-4.594150214E-4	-2.343511884E-4
1.920000000E1	2.744822959E-2	-3.740976098E-2	3.457330781E-4	-2.511966724E-4	-2.375533479E-4
1.923333333E1	2.744630448E-2	-3.741075658E-2	3.241271926E-2	-2.146576399E-2	2.428590839E-2
1.926666667E1	2.906729015E-2	-3.884081191E-2	1.078545364E-1	9.567035583E-2	4.979743003E-2
1.930000000E1	3.076613315E-2	-3.103273285E-2	9.944422533E-2	9.704409420E-2	-2.171630107E-2
1.933333333E1	2.761953675E-2	-3.237120563E-2	6.684994039E-2	-4.817555111E-2	-4.634685323E-2
1.936666667E1	2.767634293E-2	-3.424443626E-2	9.105102142E-2	-8.618651690E-2	2.936277926E-2
1.940000000E1	2.957705536E-2	-3.811697343E-2	6.817361191E-2	-6.250009405E-2	2.722828685E-2
1.943333333E1	2.949156206E-2	-3.841110920E-2	4.274599683E-3	-3.847516444E-3	-1.862476755E-3
1.946666667E1	2.945289025E-2	-3.837347452E-2	5.322069185E-2	3.867065077E-2	3.656532251E-2
1.950000000E1	3.192925022E-2	-3.583306581E-2	8.987285335E-2	8.959531721E-2	-7.057542297E-3
1.953333333E1	2.898238743E-2	-3.240045338E-2	1.165653480E-1	-4.432328870E-2	-1.078096769E-1
1.956666667E1	2.474193843E-2	-3.878795173E-2	1.127700458E-1	-1.110361138E-1	1.969935703E-2
1.960000000E1	3.029567790E-2	-3.980286096E-2	4.460666298E-2	1.968631040E-2	4.002753509E-2
1.963333333E1	2.741044077E-2	-3.747553103E-2	5.603310059E-2	3.591804664E-2	-4.300700277E-2
1.966666667E1	2.742854438E-2	-3.740832452E-2	7.709919287E-4	3.682279834E-4	6.773748639E-4
1.970000000E1	2.745559909E-2	-3.745098250E-2	5.299675002E-4	-4.487687754E-4	2.819080301E-4
1.973333333E1	2.744733825E-2	-3.743824244E-2	2.043916358E-2	-1.807192443E-2	9.548034104E-3
1.976666667E1	2.809213470E-2	-3.865577746E-2	1.302082099E-1	1.263857823E-1	3.131791743E-2
1.980000000E1	2.953519941E-2	-2.901252362E-2	1.382201953E-1	9.967277014E-2	9.576095914E-2
1.983333333E1	3.447619864E-2	-3.201092612E-2	6.616380511E-2	-5.860721962E-2	-3.070574725E-2
1.986666667E1	2.748814959E-2	-3.291967159E-2	1.158957170E-1	-5.510561523E-2	-1.019567966E-1
1.990000000E1	2.767907887E-2	-3.568463380E-2	5.308637855E-2	-5.292996153E-2	4.072193513E-3
1.993333333E1	2.775962916E-2	-3.644833570E-2	5.015840566E-2	-4.216296911E-2	2.716891043E-2
1.996666667E1	2.949033956E-2	-3.849549841E-2	4.361642134E-2	-2.003311861E-2	3.874359779E-2
2.000000000E1	3.034253568E-2	-3.778387694E-2	6.899530135E-2	6.548416135E-2	-2.172961621E-2
2.003333333E1	2.804169848E-2	-3.412988765E-2	1.987538235E-1	1.030478648E-1	1.699535816E-1
2.006666667E1	4.167277445E-2	-3.091401928E-2	1.561183131E-1	9.369810223E-2	1.248743101E-1
2.010000000E1	3.636665249E-2	-2.788334751E-2	1.833696145E-1	8.407666077E-2	-1.629586777E-1
2.013333333E1	3.080886261E-2	-2.530890856E-2	1.951817412E-1	-1.431814165E-1	-1.326461235E-1
2.016666667E1	2.752357759E-2	-3.742877527E-2	1.898969055E-1	-1.838178404E-1	-4.766378361E-2
2.020000000E1	2.763127703E-2	-3.756343126E-2	2.753266571E-3	-2.214255152E-3	1.636322380E-3
2.023333333E1	2.763266575E-2	-3.757639228E-2	7.336855266E-4	-6.831369331E-4	-2.676161107E-4
2.026666667E1	2.761343596E-2	-3.760897372E-2	3.414743201E-2	-2.801174699E-2	1.952918696E-2
2.030000000E1	2.893461155E-2	-3.944384208E-2	1.374766864E-1	1.149639207E-1	7.538657865E-2
2.033333333E1	3.263920787E-2	-2.994471234E-2	1.720975078E-1	9.709316514E-2	1.420931719E-1
2.036666667E1	3.840748967E-2	-3.297096440E-2	9.442992015E-2	-4.636417601E-2	-8.226404441E-2
2.040000000E1	2.715493824E-2	-3.303565741E-2	1.544133116E-1	-4.549787147E-2	-1.475581732E-1
2.043333333E1	2.857027812E-2	-3.600415584E-2	8.670175251E-2	-8.008478446E-2	3.322079449E-2
2.046666667E1	2.936965787E-2	-3.837464304E-2	3.943164556E-2	-3.913198150E-2	4.852081594E-3
2.050000000E1	2.889375023E-2	-3.861295460E-2	4.072597224E-2	3.911424686E-2	-1.134374308E-2
2.053333333E1	2.861340834E-2	-3.576702658E-2	8.894181920E-2	8.799379679E-2	-1.295140645E-2
2.056666667E1	2.803032313E-2	-3.274670148E-2	1.793778802E-1	6.482152618E-2	1.672560721E-1
2.060000000E1	3.976381314E-2	-3.144559151E-2	1.122255140E-1	6.592075518E-2	9.082411584E-2
2.063333333E1	3.408526419E-2	-2.835198447E-2	1.808417277E-1	8.242372437E-2	-1.609660217E-1
2.066666667E1	2.903274503E-2	-2.595067655E-2	1.723108338E-1	-1.443136467E-1	-9.415197732E-2
2.070000000E1	2.780846570E-2	-3.797289425E-2	1.792047408E-1	-1.782340015E-1	-1.862739507E-2
2.073333333E1	2.779091869E-2	-3.783294331E-2	1.442879069E-3	1.408352752E-3	-3.137555288E-4
2.076666667E1	2.778754866E-2	-3.787900406E-2	5.861131148E-3	-5.802578869E-3	8.263999036E-4
2.080000000E1	2.784601202E-2	-3.821978190E-2	1.560434409E-1	1.497791509E-1	4.376941145E-2
2.083333333E1	3.070550943E-2	-2.789372733E-2	1.697897879E-1	1.176833562E-1	1.223895410E-1
2.086666667E1	3.600531475E-2	-3.037422482E-2	1.767139169E-1	-7.700354910E-2	1.590542732E-1
2.090000000E1	4.130912764E-2	-3.302729727E-2	1.376381525E-1	-7.736209676E-2	-1.138392156E-1
2.093333333E1	2.841603372E-2	-3.553169794E-2	1.771659033E-1	-6.334450387E-2	-1.654546195E-1
2.096666667E1	3.027881968E-2	-3.725026420E-2	4.106643840E-2	-3.301657840E-2	2.442044049E-2
2.100000000E1	3.004406308E-2	-3.773280317E-2	2.536030433E-3	-1.560693550E-3	-1.998921209E-3
2.103333333E1	3.014555826E-2	-3.735431044E-2	6.019155277E-2	5.295567439E-2	-2.861327620E-2
2.106666667E1	2.813651133E-2	-3.420242487E-2	1.718681935E-1	7.422378722E-2	1.550145327E-1
2.110000000E1	4.047986044E-2	-3.240605795E-2	1.230833610E-1	6.660931543E-2	1.035022360E-1
2.113333333E1	3.503666040E-2	-2.976180384E-2	1.753943879E-1	7.454014314E-2	-1.587669939E-1
2.116666667E1	2.989539418E-2	-2.743671508E-2	1.629603267E-1	-1.217523435E-1	-1.083163651E-1
2.120000000E1	2.781556939E-2	-3.787862674E-2	1.585549635E-1	-1.551759618E-1	-3.255913586E-2
2.123333333E1	2.772478512E-2	-3.778177920E-2	2.565236961E-3	2.259729833E-3	-1.214109445E-3
2.126666667E1	2.773462876E-2	-3.772797809E-2	8.770743588E-4	-2.041366459E-4	8.529874915E-4
2.130000000E1	2.778165095E-2	-3.779538831E-2	1.666586529E-1	1.617963615E-1	3.996303306E-2
2.133333333E1	3.039883097E-2	-2.694155399E-2	1.719697118E-1	1.283880026E-1	1.144119861E-1
2.136666667E1	3.540911669E-2	-2.923618814E-2	1.754917785E-1	-7.898852436E-2	1.567104890E-1
2.140000000E1	4.084619690E-2	-3.220745561E-2	1.249129422E-1	-5.957610589E-2	-1.097903945E-1
2.143333333E1	2.808975706E-2	-3.320792853E-2	1.565588697E-1	-6.333546702E-2	-1.431757602E-1
2.146666667E1	3.130114622E-2	-3.642982008E-2	6.579497061E-2	-6.561881415E-2	4.811380998E-3
2.150000000E1	2.841051579E-2	-3.758251614E-2	4.488878384E-2	-1.429648245E-2	-4.255130438E-2
2.153333333E1	2.846439260E-2	-3.738291891E-2	2.599991620E-2	2.442406352E-2	8.914076711E-3
2.156666667E1	2.900478757E-2	-3.595424524E-2	2.144487911E-1	3.498583019E-2	2.115756973E-1
2.160000000E1	4.256943908E-2	-3.505053023E-2	1.351650945E-1	5.742918511E-2	1.223580462E-1
2.163333333E1	3.716199065E-2	-3.212563290E-2	1.845153795E-1	8.531133904E-2	-1.636089872E-1
2.166666667E1	3.166217327E-2	-2.936310763E-2	1.688131690E-1	7.718851481E-2	-1.501326721E-1
2.170000000E1	2.715314585E-2	-2.697973191E-2	1.396644065E-1	-1.274265315E-1	-5.717189433E-2
2.173333333E1	2.785071364E-2	-3.785820973E-2	1.635261567E-1	-1.632282257E-1	9.866623248E-3
2.176666667E1	2.781092073E-2	-3.786161362E-2	7.828810238E-4	5.381667029E-4	-5.685765536E-4
2.180000000E1	2.781280854E-2	-3.782233195E-2	5.720614749E-3	-5.372796477E-3	1.964304236E-3
2.183333333E1	2.794187435E-2	-3.821980005E-2	1.786875441E-1	1.584796669E-1	8.254352538E-2
2.186666667E1	3.331571023E-2	-2.725702083E-2	2.062358521E-1	1.292004659E-1	1.607497007E-1
2.190000000E1	3.865852106E-2	-2.960643566E-2	1.715910232E-1	-7.639941165E-2	1.536444244E-1
2.193333333E1	4.355867186E-2	-3.235031494E-2	1.743209795E-1	-8.775429739E-2	-1.506220010E-1
2.196666667E1	2.861705433E-2	-3.545672215E-2	2.163791647E-1	-7.494613145E-2	-2.029852712E-1
2.200000000E1	3.002632045E-2	-3.734672370E-2	4.003730764E-2	-3.286213904E-2	2.287063228E-2
2.203333333E1	3.014176314E-2	-3.764753142E-2	2.988794881E-2	1.759934958E-2	-2.415682882E-2
2.206666667E1	2.841586519E-2	-3.617343373E-2	8.654803135E-2	7.658978665E-2	-4.030590914E-2
2.210000000E1	2.745470253E-2	-3.254154564E-2	1.499619957E-1	4.097270551E-2	1.442561526E-1
2.213333333E1	3.803294203E-2	-3.344192003E-2	8.586918041E-2	2.396070404E-2	8.245847929E-2
2.216666667E1	3.295193449E-2	-3.094416537E-2	1.591661663E-1	7.505807674E-2	-1.403572357E-1
2.220000000E1	2.867579298E-2	-2.843804824E-2	1.279317978E-1	6.733971452E-2	-1.087745730E-1
2.223333333E1	2.570029629E-2	-2.645485107E-2	7.673633787E-2	5.092759604E-2	-5.740074486E-2
2.226666667E1	2.484907666E-2	-2.504287517E-2	2.695698369E-2	2.610333723E-2	6.730137827E-3
2.230000000E1	2.614897214E-2	-2.471462859E-2	6.716567233E-2	-5.090728155E-3	6.697247215E-2
2.233333333E1	2.931390813E-2	-2.538225705E-2	1.180386146E-1	-3.155064255E-2	1.137438855E-1
2.236666667E1	3.373189784E-2	-2.681800476E-2	1.541846118E-1	-5.926036108E-2	1.423415053E-1
2.240000000E1	3.880334182E-2	-2.933294779E-2	1.702705641E-1	-8.445914687E-2	1.478469395E-1
2.243333333E1	4.358836047E-2	-3.244861455E-2	1.686540763E-1	-7.041368258E-2	-1.532517887E-1
2.246666667E1	2.858655590E-2	-3.402719330E-2	1.901679404E-1	-6.448040112E-2	-1.789025529E-1
2.250000000E1	3.166152361E-2	-3.674730796E-2	6.437783082E-2	-5.866436075E-2	2.651410718E-2
2.253333333E1	3.035416305E-2	-3.793815068E-2	2.746670663E-2	-1.211507528E-2	-2.465045484E-2
2.256666667E1	3.001815996E-2	-3.755497964E-2	6.587311924E-2	5.151387051E-2	-4.105592507E-2
2.260000000E1	2.761710138E-2	-3.450389264E-2	1.423600240E-1	3.531726278E-2	1.379096348E-1
2.263333333E1	3.921213561E-2	-3.520049546E-2	1.001278577E-1	3.227926229E-2	9.478205058E-2
2.266666667E1	3.393590475E-2	-3.235194183E-2	1.700325922E-1	8.305202967E-2	-1.483692784E-1
2.270000000E1	2.932085038E-2	-2.966369348E-2	1.405021414E-1	7.803243914E-2	-1.168408754E-1
2.273333333E1	2.614651305E-2	-2.714977922E-2	9.415156190E-2	6.566125827E-2	-6.747677949E-2
2.276666667E1	2.482239841E-2	-2.528627626E-2	4.666111038E-2	4.572484779E-2	-9.300404107E-3
2.280000000E1	2.552648611E-2	-2.410145603E-2	5.164136370E-2	1.744309006E-2	4.860626558E-2
2.283333333E1	2.806281612E-2	-2.412340359E-2	1.016024115E-1	-1.534609932E-2	1.004367824E-1
2.286666667E1	3.222227160E-2	-2.512452932E-2	1.398043410E-1	-4.163394295E-2	1.334611126E-1
2.290000000E1	3.696022362E-2	-2.689899979E-2	1.563479996E-1	-6.630763800E-2	1.415909394E-1
2.293333333E1	4.166166756E-2	-2.954503852E-2	1.542291387E-1	-8.481500028E-2	1.288139858E-1
2.296666667E1	4.554782268E-2	-3.255333314E-2	1.279968692E-1	-8.703818162E-2	9.384856669E-2
2.300000000E1	4.791823867E-2	-3.534758396E-2	8.293018397E-2	-7.101630736E-2	4.282638792E-2
2.303333333E1	4.840291521E-2	-3.728775363E-2	4.336316217E-2	-4.073225796E-2	-1.487437376E-2
2.306666667E1	4.692661376E-2	-3.806306782E-2	7.219255088E-2	-2.536276444E-3	-7.214798475E-2
2.310000000E1	4.359304956E-2	-3.745683873E-2	1.223689022E-1	3.366087941E-2	-1.176481764E-1
2.313333333E1	3.908340200E-2	-3.581900920E-2	1.532168422E-1	6.018906224E-2	-1.408995299E-1
2.316666667E1	3.419974756E-2	-3.344423458E-2	1.565771265E-1	7.553924741E-2	-1.371503505E-1
2.320000000E1	2.994004530E-2	-3.078305937E-2	1.320261570E-1	7.780120073E-2	-1.066671425E-1
2.323333333E1	2.708860473E-2	-2.825748786E-2	9.117992661E-2	6.971773817E-2	-5.876407067E-2
2.326666667E1	2.602244058E-2	-2.613521016E-2	5.183586979E-2	5.164473880E-2	-4.447285875E-3
2.330000000E1	2.679211900E-2	-2.481450528E-2	5.495298711E-2	2.461320431E-2	4.913268734E-2
2.333333333E1	2.929795307E-2	-2.449432987E-2	9.765329427E-2	-7.976196511E-3	9.732700638E-2
2.336666667E1	3.328058609E-2	-2.534625171E-2	1.370866648E-1	-4.407571102E-2	1.298078787E-1
2.340000000E1	3.795181165E-2	-2.743271060E-2	1.575413283E-1	-7.613994990E-2	1.379201876E-1
2.343333333E1	4.247526527E-2	-3.042224837E-2	1.551588422E-1	-9.571768310E-2	1.221163031E-1
2.346666667E1	4.609289852E-2	-3.381388948E-2	2.429841998E-1	-1.861264252E-1	-1.561994725E-1
2.350000000E1	3.206196710E-2	-4.283067672E-2	2.655466878E-1	-1.700116914E-1	-2.039879119E-1
2.353333333E1	3.249370440E-2	-4.514800224E-2	5.944906595E-2	-5.820184340E-2	-1.211349937E-2
2.356666667E1	3.125440048E-2	-4.671079961E-2	1.994538844E-1	9.009745336E-2	1.779446568E-1
2.360000000E1	4.435668152E-2	-3.914150535E-2	1.908892465E-1	1.436706743E-1	1.256878744E-1
2.363333333E1	3.963359210E-2	-3.713275466E-2	1.638250134E-1	7.069577840E-2	-1.477861358E-1
2.366666667E1	3.450427247E-2	-3.442845345E-2	1.653167818E-1	8.458332387E-2	-1.420397820E-1
2.370000000E1	3.016427330E-2	-3.149386640E-2	1.429611398E-1	8.737999497E-2	-1.131486808E-1
2.373333333E1	2.696102708E-2	-2.860312045E-2	1.058987663E-1	8.160226914E-2	-6.749532120E-2
2.376666667E1	2.566458522E-2	-2.605371512E-2	6.680224792E-2	6.559573190E-2	-1.263884030E-2
2.380000000E1	2.611843773E-2	-2.423007166E-2	5.742689551E-2	4.053853461E-2	4.067524480E-2
2.383333333E1	2.837626821E-2	-2.335114615E-2	8.657178201E-2	1.033254589E-2	8.595296351E-2
2.386666667E1	3.184863530E-2	-2.354123527E-2	1.202121607E-1	-2.265938081E-2	1.180572575E-1
2.390000000E1	3.624675204E-2	-2.486177154E-2	1.428125790E-1	-5.545846879E-2	1.316046769E-1
2.393333333E1	4.062228042E-2	-2.723846652E-2	1.466777317E-1	-8.247673425E-2	1.212928080E-1
2.396666667E1	4.433293924E-2	-3.036022049E-2	1.309382974E-1	-9.348093362E-2	9.168507391E-2
2.400000000E1	4.673461868E-2	-3.347052876E-2	9.776478676E-2	-8.665177293E-2	4.527056193E-2
2.403333333E1	4.735097671E-2	-3.613700535E-2	6.419198885E-2	-6.339176744E-2	-1.010421959E-2
2.406666667E1	4.606100404E-2	-3.769664659E-2	7.020239485E-2	-2.848944512E-2	-6.416173127E-2
2.410000000E1	4.307352795E-2	-3.803630169E-2	1.067263248E-1	8.918219711E-3	-1.063530618E-1
2.413333333E1	3.897079992E-2	-3.710209861E-2	1.348799888E-1	4.255403490E-2	-1.279912712E-1
2.416666667E1	3.454077654E-2	-3.519936603E-2	1.397371927E-1	6.689688717E-2	-1.226836970E-1
2.420000000E1	3.079188678E-2	-3.264230613E-2	1.255873767E-1	8.030162802E-2	-9.656002137E-2
2.423333333E1	2.810344178E-2	-2.984592416E-2	9.683926917E-2	7.947617667E-2	-5.532975146E-2
2.426666667E1	2.710323669E-2	-2.734389435E-2	6.703660246E-2	6.698588887E-2	-2.607059879E-3
2.430000000E1	2.792963779E-2	-2.538019824E-2	6.546522504E-2	4.251558727E-2	4.978072447E-2
2.433333333E1	3.042195165E-2	-2.450952187E-2	9.210856778E-2	7.569888691E-3	9.179697731E-2
2.436666667E1	3.404943628E-2	-2.487553899E-2	1.230416233E-1	-3.265964847E-2	1.186279411E-1
2.440000000E1	3.833048106E-2	-2.668683177E-2	1.430283785E-1	-7.096983456E-2	1.241789017E-1
2.443333333E1	4.232802973E-2	-2.960686130E-2	2.155897479E-1	-1.660187553E-1	-1.375380394E-1
2.446666667E1	2.916127844E-2	-3.775474879E-2	2.384366155E-1	-1.656486310E-1	-1.715008766E-1
2.450000000E1	3.089463795E-2	-4.065010337E-2	9.086475960E-2	-8.526969290E-2	3.139241963E-2
2.453333333E1	3.125410641E-2	-4.343939498E-2	7.815669596E-2	-7.764457089E-2	-8.932509966E-3
2.456666667E1	3.029913729E-2	-4.582640809E-2	1.969438905E-1	5.322435141E-2	1.896155701E-1
2.460000000E1	4.389514442E-2	-3.989110489E-2	1.796560471E-1	1.118246715E-1	1.406113015E-1
2.463333333E1	3.967322406E-2	-3.837142999E-2	1.521066701E-1	6.025444967E-2	-1.396633108E-1
2.466666667E1	3.458425703E-2	-3.587414158E-2	1.592452982E-1	8.037128586E-2	-1.374755303E-1
2.470000000E1	3.050818871E-2	-3.301334427E-2	1.365202109E-1	8.841771833E-2	-1.040195899E-1
2.473333333E1	2.764961771E-2	-2.997962702E-2	1.096585774E-1	9.029902348E-2	-6.221808379E-2
2.476666667E1	2.636031645E-2	-2.699340937E-2	8.038037286E-2	7.969194190E-2	-1.049755858E-2
2.480000000E1	2.694978047E-2	-2.466683090E-2	6.981389768E-2	5.631422946E-2	4.126363859E-2
2.483333333E1	2.911122569E-2	-2.323912740E-2	8.980233821E-2	2.721442215E-2	8.557940859E-2
2.486666667E1	3.265507437E-2	-2.285253609E-2	1.122114831E-1	-6.837424683E-3	1.120029757E-1
2.490000000E1	3.657809074E-2	-2.369495572E-2	1.265180427E-1	-4.416270554E-2	1.185599872E-1
2.493333333E1	4.055907352E-2	-2.579671646E-2	1.319330229E-1	-7.478852775E-2	1.086876196E-1
2.496666667E1	4.382393205E-2	-2.868085757E-2	1.201853747E-1	-9.132871133E-2	7.812548093E-2
2.500000000E1	4.576743892E-2	-3.188529721E-2	9.706843522E-2	-9.073945317E-2	3.447655370E-2
2.503333333E1	4.612236896E-2	-3.473015444E-2	7.479566153E-2	-7.305743541E-2	-1.603128552E-2
2.506666667E1	4.469868655E-2	-3.675579290E-2	7.849007285E-2	-4.444266814E-2	-6.469575554E-2
2.510000000E1	4.180931859E-2	-3.769299899E-2	1.019478908E-1	-9.722308454E-3	-1.014832457E-1
2.513333333E1	3.793313683E-2	-3.740394680E-2	1.212459259E-1	2.517746784E-2	-1.186029918E-1
2.516666667E1	3.390245247E-2	-3.601450113E-2	1.223465638E-1	5.382745167E-2	-1.098694094E-1
2.520000000E1	3.060850954E-2	-3.381545002E-2	1.069062251E-1	7.201230889E-2	-7.901372250E-2
2.523333333E1	2.863487097E-2	-3.121368054E-2	8.615986120E-2	7.731951762E-2	-3.801596872E-2
2.526666667E1	2.807411163E-2	-2.866081552E-2	6.992300391E-2	6.923280715E-2	9.800249494E-3
2.530000000E1	2.928822094E-2	-2.659816006E-2	7.470603238E-2	4.819818238E-2	5.707824883E-2
2.533333333E1	3.187932821E-2	-2.544760336E-2	9.462506788E-2	1.336188724E-2	9.367690986E-2
2.536666667E1	3.553334826E-2	-2.570736758E-2	1.158167871E-1	-3.171042069E-2	1.113911010E-1
2.540000000E1	3.930540162E-2	-2.756163140E-2	1.280780253E-1	-6.394642931E-2	1.109722251E-1
2.543333333E1	4.293149660E-2	-2.997046286E-2	2.003124737E-1	-1.213787200E-1	-1.593495951E-1
2.546666667E1	2.868209528E-2	-3.565354607E-2	2.313330821E-1	-1.255321257E-1	-1.943107828E-1
2.550000000E1	2.997744442E-2	-3.833927124E-2	8.784356643E-2	-8.559707428E-2	1.973912455E-2
2.553333333E1	2.999803692E-2	-4.136001769E-2	9.013922500E-2	-8.861583484E-2	-1.650193016E-2
2.556666667E1	2.887731574E-2	-4.424699357E-2	1.966204727E-1	1.645777103E-2	1.959304776E-1
2.560000000E1	4.306006876E-2	-4.026283295E-2	1.697794472E-1	7.894428052E-2	1.503092188E-1
2.563333333E1	3.889793033E-2	-3.898404153E-2	1.470959696E-1	5.443867782E-2	-1.366515811E-1
2.566666667E1	3.394996335E-2	-3.663358776E-2	1.525860518E-1	7.649088742E-2	-1.320289640E-1
2.570000000E1	3.009599940E-2	-3.388464904E-2	1.272039637E-1	8.556748449E-2	-9.412254765E-2
2.573333333E1	2.767512684E-2	-3.092908880E-2	1.023034869E-1	8.874014825E-2	-5.090372786E-2
2.576666667E1	2.670241754E-2	-2.796863915E-2	8.276110406E-2	8.274216011E-2	-1.770673545E-3
2.580000000E1	2.755708194E-2	-2.541294479E-2	8.159893968E-2	6.537631959E-2	4.882953813E-2
2.583333333E1	2.995772008E-2	-2.361021785E-2	9.528334024E-2	3.909372415E-2	8.689416355E-2
2.586666667E1	3.335002617E-2	-2.280669651E-2	1.087034741E-1	5.370619304E-3	1.085707222E-1
2.590000000E1	3.719576823E-2	-2.325217656E-2	1.162988632E-1	-3.269971579E-2	1.116071421E-1
2.593333333E1	4.079050231E-2	-2.498667756E-2	1.145913964E-1	-6.295955874E-2	9.574592469E-2
2.596666667E1	4.357882988E-2	-2.744948048E-2	1.034520859E-1	-8.171793942E-2	6.343904523E-2
2.600000000E1	4.501977199E-2	-3.043454019E-2	8.967212120E-2	-8.770386487E-2	1.868479084E-2
2.603333333E1	4.482448260E-2	-3.329640480E-2	8.213446147E-2	-7.634231545E-2	-3.029720501E-2
2.606666667E1	4.299995833E-2	-3.552402789E-2	8.998007392E-2	-5.323093916E-2	-7.254571537E-2
2.610000000E1	3.998810157E-2	-3.684513408E-2	1.030933049E-1	-2.297849792E-2	-1.004998416E-1
2.613333333E1	3.629996889E-2	-3.705592775E-2	1.081516957E-1	1.032494529E-2	-1.076577205E-1
2.616666667E1	3.281092021E-2	-3.615680439E-2	1.009843925E-1	3.980570064E-2	-9.280815546E-2
2.620000000E1	3.011275852E-2	-3.440221437E-2	8.623816435E-2	5.960122132E-2	-6.232748517E-2
2.623333333E1	2.865575453E-2	-3.218338964E-2	7.305266867E-2	7.032232595E-2	-1.978542069E-2
2.626666667E1	2.879373048E-2	-2.971405931E-2	6.973436332E-2	6.374878377E-2	2.826612806E-2
2.630000000E1	3.054016306E-2	-2.793347072E-2	8.174787839E-2	3.780493922E-2	7.248104712E-2
2.633333333E1	3.362580029E-2	-2.719373003E-2	9.867623504E-2	3.087790989E-3	9.862791141E-2
2.636666667E1	3.711535716E-2	-2.772761799E-2	1.079587792E-1	-3.111888722E-2	1.033765586E-1
2.640000000E1	4.051757086E-2	-2.926832251E-2	1.113617625E-1	-5.908447218E-2	9.439527156E-2
2.643333333E1	4.340837526E-2	-3.166658280E-2	1.085634683E-1	-7.893756409E-2	7.453111857E-2
2.646666667E1	4.548631210E-2	-3.453082678E-2	9.719417185E-2	-8.596042287E-2	4.535981417E-2
2.650000000E1	4.643236287E-2	-3.739727766E-2	7.686648398E-2	-7.595938229E-2	1.177406478E-2
2.653333333E1	4.627124975E-2	-3.959478560E-2	5.342634949E-2	-4.792430503E-2	-2.361431360E-2
2.656666667E1	4.485807530E-2	-4.059223133E-2	6.568647909E-2	-1.424580216E-2	-6.412308988E-2
2.660000000E1	4.199637709E-2	-4.054450575E-2	1.058714985E-1	2.528310880E-2	-1.028082613E-1
2.663333333E1	3.800419121E-2	-3.890669074E-2	1.450364395E-1	6.089733017E-2	-1.316323819E-1
2.666666667E1	3.322088496E-2	-3.648468374E-2	1.457368177E-1	7.400091939E-2	-1.255511209E-1
2.670000000E1	2.963411648E-2	-3.397329611E-2	1.172782684E-1	7.961101877E-2	-8.611781420E-2
2.673333333E1	2.747969735E-2	-3.117728248E-2	9.389198215E-2	8.573342699E-2	-3.828163801E-2
2.676666667E1	2.708200728E-2	-2.825773431E-2	8.131373101E-2	8.044181409E-2	1.187591669E-2
2.680000000E1	2.827142513E-2	-2.581449488E-2	8.983411974E-2	6.618555475E-2	6.074241855E-2
2.683333333E1	3.113150185E-2	-2.384536400E-2	1.021811018E-1	4.409462282E-2	9.217723035E-2
2.686666667E1	3.441657382E-2	-2.287485336E-2	1.039531797E-1	1.169805232E-2	1.032928804E-1
2.690000000E1	3.801769388E-2	-2.306549384E-2	1.046204744E-1	-2.241775812E-2	1.021904486E-1
2.693333333E1	4.122927039E-2	-2.436937057E-2	9.591413287E-2	-5.122399245E-2	8.109021816E-2
2.696666667E1	4.342370842E-2	-2.648042667E-2	8.458261795E-2	-7.156638860E-2	4.508293781E-2
2.700000000E1	4.423479958E-2	-2.914046314E-2	7.861597294E-2	-7.858208301E-2	2.308122896E-3
2.703333333E1	4.357758328E-2	-3.171923221E-2	8.412041153E-2	-7.175599565E-2	-4.390126108E-2
2.706666667E1	4.130804884E-2	-3.392419618E-2	9.867896153E-2	-5.648922487E-2	-8.091047474E-2
2.710000000E1	3.818355163E-2	-3.548518053E-2	1.032739308E-1	-3.068047898E-2	-9.861142423E-2
2.713333333E1	3.473395389E-2	-3.596956145E-2	9.857770592E-2	-1.272156771E-3	-9.856949691E-2
2.716666667E1	3.161225184E-2	-3.556999098E-2	8.327254487E-2	2.601833447E-2	-7.910349550E-2
2.720000000E1	2.946038753E-2	-3.423500582E-2	6.289499580E-2	4.662586388E-2	-4.221148320E-2
2.723333333E1	2.879815296E-2	-3.246160006E-2	5.297902809E-2	5.290104685E-2	2.873440406E-3
2.726666667E1	2.965195022E-2	-3.070826936E-2	6.644355692E-2	4.318275716E-2	5.049748252E-2
2.730000000E1	3.216465179E-2	-2.958274958E-2	8.697125653E-2	1.855681867E-2	8.496848794E-2
2.733333333E1	3.531651608E-2	-2.947114812E-2	8.991648235E-2	-1.768942376E-2	8.815927679E-2
2.736666667E1	3.804193691E-2	-3.076204450E-2	9.507393742E-2	-3.894248746E-2	8.673255586E-2
2.740000000E1	4.109868647E-2	-3.206731395E-2	9.600017244E-2	-5.046332522E-2	8.166692057E-2
2.743333333E1	4.348639829E-2	-3.412626618E-2	8.723230550E-2	-6.521758643E-2	5.793221507E-2
2.746666667E1	4.496083415E-2	-3.641515304E-2	7.665128809E-2	-7.102438275E-2	2.882632514E-2
2.750000000E1	4.540815329E-2	-3.886122503E-2	6.237614735E-2	-6.237101498E-2	8.001555670E-4
2.753333333E1	4.501417785E-2	-4.057322071E-2	3.943916165E-2	-3.066944797E-2	-2.479581483E-2
2.756666667E1	4.375509897E-2	-4.090585489E-2	6.211264192E-2	4.976231948E-3	-6.191298249E-2
2.760000000E1	4.088664568E-2	-4.024147191E-2	1.066611904E-1	3.747896754E-2	-9.985958409E-2
2.763333333E1	3.709779337E-2	-3.840725706E-2	1.453583532E-1	6.567930003E-2	-1.296737459E-1
2.766666667E1	3.224172929E-2	-3.586285191E-2	1.430222927E-1	7.564435823E-2	-1.213808357E-1
2.770000000E1	2.900573765E-2	-3.336429984E-2	1.071767565E-1	7.560191862E-2	-7.596846078E-2
2.773333333E1	2.717716523E-2	-3.082272400E-2	8.245038835E-2	7.751050848E-2	-2.811027595E-2
2.776666667E1	2.713171926E-2	-2.819693261E-2	1.194975193E-1	-1.179832153E-1	1.896359726E-2
2.780000000E1	2.844140505E-2	-3.868827169E-2	9.342550192E-2	6.394719381E-2	6.811079806E-2
2.783333333E1	3.167243913E-2	-2.393378635E-2	2.556132633E-1	2.357354118E-1	9.882791080E-2
2.786666667E1	3.502993244E-2	-2.297257756E-2	1.023766544E-1	1.376389809E-2	1.014472004E-1
2.790000000E1	3.843558582E-2	-2.301619315E-2	9.402166836E-2	-1.450470144E-2	9.289611272E-2
2.793333333E1	4.122300662E-2	-2.393955766E-2	7.721218959E-2	-3.996494364E-2	6.606455555E-2
2.796666667E1	4.283988953E-2	-2.568052272E-2	6.600839782E-2	-5.945285543E-2	2.867867785E-2
2.800000000E1	4.313491848E-2	-2.790308135E-2	7.086568604E-2	-6.940619508E-2	-1.430823339E-2
2.803333333E1	4.188600730E-2	-3.030760240E-2	8.920421740E-2	-6.938669156E-2	-5.606138989E-2
2.806666667E1	3.939749248E-2	-3.252886079E-2	9.818985130E-2	-5.304555852E-2	-8.262817691E-2
2.810000000E1	3.637746217E-2	-3.384397296E-2	9.930700162E-2	-3.044631053E-2	-9.452461450E-2
2.813333333E1	3.309585152E-2	-3.455861483E-2	8.885096796E-2	-8.446377029E-3	-8.844859085E-2
2.816666667E1	3.048088945E-2	-3.440706477E-2	6.416167281E-2	1.411486384E-2	-6.258986241E-2
2.820000000E1	2.892319402E-2	-3.361762390E-2	3.698455458E-2	2.943734026E-2	-2.238973594E-2
2.823333333E1	2.898824039E-2	-3.244457542E-2	4.073401370E-2	3.208569278E-2	2.509518262E-2
2.826666667E1	3.059620620E-2	-3.147857772E-2	7.004817068E-2	1.372951141E-2	6.868949506E-2
2.830000000E1	3.356754006E-2	-3.152927465E-2	8.853429209E-2	-6.072576781E-3	8.832578722E-2
2.833333333E1	3.648459201E-2	-3.188341617E-2	7.540023759E-2	-4.116613466E-2	6.317076211E-2
2.836666667E1	3.777892420E-2	-3.427368363E-2	8.360522956E-2	-3.991278322E-2	7.346294402E-2
2.840000000E1	4.138212161E-2	-3.454426839E-2	1.162473105E-1	3.611587611E-2	-1.104947089E-1
2.843333333E1	3.041261027E-2	-3.186595856E-2	4.294850394E-2	-1.487782067E-2	4.028925964E-2
2.846666667E1	4.406807226E-2	-3.553612310E-2	2.216587503E-1	-8.137659530E-2	2.061806279E-1
2.850000000E1	4.415798547E-2	-3.729106491E-2	4.900159781E-2	-4.634892382E-2	-1.590389414E-2
2.853333333E1	4.300781265E-2	-3.862605135E-2	5.976559757E-2	-2.629792714E-2	-5.366885206E-2
2.856666667E1	4.058006200E-2	-3.904426005E-2	5.335711130E-2	-1.744322306E-2	-5.042534379E-2
2.860000000E1	3.964612306E-2	-3.978893289E-2	7.543659088E-2	2.269684626E-2	-7.194117328E-2
2.863333333E1	3.578398378E-2	-3.753113697E-2	1.451328541E-1	7.334171385E-2	-1.252379270E-1
2.866666667E1	3.129692793E-2	-3.489948530E-2	1.336041760E-1	7.361762380E-2	-1.114922478E-1
2.870000000E1	2.835116726E-2	-3.262329538E-2	9.478612825E-2	6.950781460E-2	-6.444434668E-2
2.873333333E1	2.700063815E-2	-3.026563099E-2	1.022569464E-2	-1.022763068E-3	1.017441824E-2
2.876666667E1	2.902946181E-2	-3.269147959E-2	5.654744486E-2	-1.915224246E-3	5.651500187E-2
2.880000000E1	3.076830494E-2	-3.039331261E-2	7.939657072E-2	5.279732760E-2	5.929804079E-2
2.883333333E1	3.298266453E-2	-2.917165775E-2	8.824313232E-2	3.050559023E-2	8.280253237E-2
2.886666667E1	3.628847377E-2	-2.835960659E-2	1.226518177E-1	9.090929760E-2	8.233448849E-2
2.890000000E1	3.847163043E-2	-2.311103791E-2	1.500733754E-1	-1.500714486E-1	7.604815194E-4
2.893333333E1	3.633917254E-2	-3.836436983E-2	2.538371450E-1	-2.526142649E-1	-2.488632811E-2
2.896666667E1	3.681254189E-2	-3.995198890E-2	5.013355932E-2	-5.000347963E-2	3.609126580E-3
2.900000000E1	3.657978098E-2	-4.169793514E-2	6.486954207E-2	-5.736140153E-2	-3.029401100E-2
2.903333333E1	3.479294115E-2	-4.377608234E-2	8.940230665E-2	-5.701190222E-2	-6.886519760E-2
2.906666667E1	3.198876780E-2	-4.549872862E-2	8.468946425E-2	8.011777330E-2	2.744900286E-2
2.910000000E1	3.662287468E-2	-3.843489745E-2	1.801165218E-1	1.800770932E-1	-3.768544168E-3
2.913333333E1	3.173753153E-2	-3.349358908E-2	1.272456357E-1	7.268406426E-2	-1.044436623E-1
2.916666667E1	2.965996386E-2	-3.358929317E-2	4.349249809E-2	3.413549591E-3	-4.335833333E-2
2.920000000E1	2.884697597E-2	-3.326601910E-2	1.258920480E-2	1.224069081E-2	-2.941694378E-3
2.923333333E1	2.946385090E-2	-3.277324711E-2	5.033930846E-2	-4.695044472E-2	1.815769031E-2
2.926666667E1	3.005748866E-2	-3.639604875E-2	7.517794267E-2	-1.277121939E-2	7.408521458E-2
2.930000000E1	3.440286520E-2	-3.362466174E-2	1.018721050E-1	2.456927972E-2	9.886493951E-2
2.933333333E1	3.664848462E-2	-3.475809677E-2	5.861585274E-2	7.037370914E-3	5.819186888E-2
2.936666667E1	3.828232313E-2	-3.315550368E-2	6.423138651E-2	7.535317009E-3	6.378785160E-2
2.940000000E1	4.090100806E-2	-3.425574230E-2	7.430653568E-2	-3.487759941E-2	6.561260782E-2
2.943333333E1	4.265649698E-2	-3.548067697E-2	5.599485585E-2	-3.998752192E-2	3.919721893E-2
2.946666667E1	4.351415599E-2	-3.692157710E-2	3.755386282E-2	-3.642082954E-2	9.155096299E-3
2.950000000E1	4.326683674E-2	-3.790873228E-2	3.653147778E-2	-2.696984611E-2	-2.464094701E-2
2.953333333E1	4.187142619E-2	-3.871956684E-2	5.893142479E-2	-1.192325213E-2	-5.771264061E-2
2.956666667E1	3.941932736E-2	-3.870361575E-2	5.460657935E-2	-7.277911193E-3	-5.411940980E-2
2.960000000E1	3.826346554E-2	-3.920476092E-2	8.139426601E-2	3.351449707E-2	-7.417415335E-2
2.963333333E1	3.447438381E-2	-3.646931595E-2	1.424244136E-1	7.849851232E-2	-1.188389547E-1
2.966666667E1	3.034086856E-2	-3.397152676E-2	1.209603630E-1	6.975451449E-2	-9.882164304E-2
2.970000000E1	2.788627427E-2	-3.181901498E-2	3.074797558E-2	-1.416999389E-2	-2.728826260E-2
2.973333333E1	2.852165106E-2	-3.491619302E-2	1.151670426E-1	-1.046762187E-1	4.802433696E-2
2.976666667E1	3.108789673E-2	-3.879742956E-2	7.184119175E-2	6.241124831E-2	3.558079421E-2
2.980000000E1	3.089370400E-2	-3.075544313E-2	1.200043642E-2	-3.647804877E-3	-1.143258474E-2
2.983333333E1	3.032572442E-2	-3.904061655E-2	1.164842757E-1	-1.093560521E-1	4.012281599E-2
2.986666667E1	3.356855840E-2	-3.804584661E-2	8.663000666E-2	1.464839768E-2	8.538256554E-2
2.990000000E1	3.601789545E-2	-3.806405671E-2	5.792168406E-2	-1.153112803E-2	5.676226362E-2
2.993333333E1	3.735270931E-2	-3.881458848E-2	3.746952789E-2	-2.802916154E-2	2.486627483E-2
2.996666667E1	3.767564711E-2	-3.993266748E-2	1.784197588E-1	1.736375704E-1	4.103174993E-2
3.000000000E1	4.008815931E-2	-2.723875045E-2	1.698114083E-1	1.689721237E-1	1.686225901E-2
3.003333333E1	3.879979771E-2	-2.866785923E-2	1.323208309E-1	-1.294987254E-1	-2.718239186E-2
3.006666667E1	3.827599985E-2	-3.587199881E-2	2.336652924E-1	-2.260469633E-1	-5.917971974E-2
3.010000000E1	3.485448306E-2	-4.373765678E-2	1.785931803E-1	-1.372833862E-1	-1.142313263E-1
3.013333333E1	3.066057809E-2	-4.502422456E-2	1.809758742E-1	1.611183434E-1	-8.242054640E-2
3.016666667E1	2.935977997E-2	-3.299643389E-2	1.797869566E-1	1.782724617E-1	-2.328688852E-2
3.020000000E1	2.910811886E-2	-3.313939378E-2	6.160029923E-2	-6.155235916E-2	2.429803876E-3
3.023333333E1	2.952176689E-2	-3.709992450E-2	1.731213124E-1	-1.669684217E-1	-4.574423409E-2
3.026666667E1	2.605850325E-2	-4.427062190E-2	4.258181176E-2	-3.281070349E-2	2.714163646E-2
3.030000000E1	3.133120932E-2	-3.928730473E-2	1.201038303E-1	7.483611804E-2	9.393873266E-2
3.033333333E1	3.232108543E-2	-3.928154736E-2	1.317291554E-1	6.763557626E-2	1.130398125E-1
3.036666667E1	3.886719682E-2	-3.477826631E-2	1.420591578E-1	5.507748793E-2	1.309476026E-1
3.040000000E1	4.105092560E-2	-3.560971483E-2	5.914211040E-2	-2.484126572E-2	5.367215982E-2
3.043333333E1	4.244534081E-2	-3.643435069E-2	3.622560522E-2	-2.275620950E-2	2.818597883E-2
3.046666667E1	4.292999086E-2	-3.712679547E-2	1.946229264E-2	-1.946033167E-2	2.762717772E-4
3.050000000E1	4.246375893E-2	-3.773170614E-2	3.413519553E-2	-1.225533762E-2	-3.185935144E-2
3.053333333E1	4.080603410E-2	-3.794381798E-2	6.278363713E-2	9.724410471E-4	-6.277610572E-2
3.056666667E1	3.827868522E-2	-3.766687674E-2	5.419319889E-2	1.048109620E-2	-5.317000497E-2
3.060000000E1	3.726136710E-2	-3.724507823E-2	8.545495043E-2	-7.555478919E-3	-8.512028719E-2
3.063333333E1	3.260399940E-2	-3.817057533E-2	1.326387513E-1	6.717428272E-2	-1.143706872E-1
3.066666667E1	2.963665462E-2	-3.276679271E-2	1.283151667E-1	1.061445670E-1	-7.209793962E-2
3.070000000E1	2.779747010E-2	-3.109427086E-2	1.205450499E-1	-1.202541176E-1	8.369961645E-3
3.073333333E1	3.019465206E-2	-4.078373389E-2	3.450207403E-2	-2.327872437E-2	2.546554740E-2
3.076666667E1	2.949517326E-2	-3.264618582E-2	3.085145980E-2	1.536964179E-2	2.675045201E-2
3.080000000E1	3.197801553E-2	-3.975909110E-2	1.084087523E-1	-1.024570458E-1	3.542613932E-2
3.083333333E1	3.185691588E-2	-3.947665554E-2	4.318579899E-2	1.392156659E-2	4.088035247E-2
3.086666667E1	3.470337236E-2	-3.883098666E-2	7.483192914E-2	1.185421831E-2	7.388704303E-2
3.090000000E1	3.678271874E-2	-3.868637432E-2	4.100421894E-2	-6.892095304E-3	4.042084850E-2
3.093333333E1	3.739809559E-2	-3.929045968E-2	2.149503451E-2	-1.926516960E-2	9.533611537E-3
3.096666667E1	3.741829285E-2	-3.997071896E-2	3.739871719E-2	-2.966648156E-2	-2.277199858E-2
3.100000000E1	3.587996235E-2	-4.126822512E-2	7.421040880E-2	-3.978990204E-2	-6.264142775E-2
3.103333333E1	3.324219766E-2	-4.262337909E-2	1.022324157E-1	-4.193565560E-2	-9.323554909E-2
3.106666667E1	2.966425908E-2	-4.406393550E-2	1.097547777E-1	-3.356359249E-2	-1.044968731E-1
3.110000000E1	2.627573946E-2	-4.486095193E-2	7.516106945E-3	-6.893867719E-3	-2.994403360E-3
3.113333333E1	2.946463219E-2	-4.452352668E-2			-2.762740797E-2
3.116666667E1	2.443391226E-2				-2.296249174E-1
3.120000000E1	1.415630436E-2	-4.292766290E-2			-1.273920414E-1
3.123333333E1	1.594110950E-2	-4.058586095E-2	9.246527162E-2	6.589271062E-2	6.486892278E-2
3.126666667E1	1.848089922E-2	-3.853481553E-2	9.937582394E-2	5.927924329E-2	7.975917313E-2
3.130000000E1	2.125838771E-2	-3.663391140E-2	9.844834800E-2	4.161129275E-2	8.922206868E-2
3.133333333E1	2.442903713E-2	-3.576072935E-2	9.003211069E-2	2.172313281E-2	8.737211486E-2
3.136666667E1	2.708319536E-2	-3.518570255E-2	7.529942549E-2	1.279672706E-2	7.420409191E-2
3.140000000E1	2.937597659E-2	-3.490761421E-2	5.075874527E-2	-7.685120174E-5	5.075868709E-2
3.143333333E1	3.046710784E-2	-3.519082596E-2	2.037826596E-2	-1.593944193E-2	1.269676789E-2
3.146666667E1	3.022242778E-2	-3.597024367E-2	4.066816876E-2	-3.148741878E-2	-2.573795658E-2
3.150000000E1	2.875124406E-2	-3.728998721E-2	6.666427065E-2	-3.882601572E-2	-5.419100927E-2
3.153333333E1	2.660969383E-2	-3.855864472E-2	8.392346731E-2	-3.369292854E-2	-7.686309212E-2
3.156666667E1	2.362703792E-2	-3.953618245E-2	1.046339517E-1	-4.447509546E-2	-9.471129678E-2
3.160000000E1	2.029560738E-2	-4.152365108E-2	1.098970219E-1	-4.506882869E-2	-1.002305148E-1
3.163333333E1	1.694500360E-2	-4.254077103E-2	1.737108235E-1	1.327327446E-1	1.120601120E-1
3.166666667E1	2.776628151E-2	-3.267480144E-2	2.131565660E-1	1.581910403E-1	1.428681783E-1
3.170000000E1	2.646954882E-2	-3.199470167E-2	2.977697994E-2	2.397727147E-2	-1.765669809E-2
3.173333333E1	2.658916830E-2	-3.107631668E-2	1.669936510E-1	-1.476204115E-1	-7.807108036E-2
3.176666667E1	2.126481013E-2	-4.183606244E-2	1.531034723E-1	-1.519844268E-1	-1.847720876E-2
3.180000000E1	2.535735439E-2	-4.120861180E-2	1.085192654E-1	2.595193523E-2	1.053704324E-1
3.183333333E1	2.828950563E-2	-4.010593342E-2	7.411837385E-2	5.856851980E-2	4.542314201E-2
3.186666667E1	2.838556385E-2	-3.730404381E-2	5.610561714E-2	4.756185481E-2	2.976088443E-2
3.190000000E1	3.027356459E-2	-3.693514310E-2	4.113131741E-2	3.659427703E-3	4.096820548E-2
3.193333333E1	3.111677755E-2	-3.706008196E-2	1.056079932E-2	-8.431179530E-3	6.359692919E-3
3.196666667E1	3.069754412E-2	-3.749722174E-2	4.143737580E-2	-2.939608744E-2	-2.920489953E-2
3.200000000E1	2.916978425E-2	-3.901982113E-2	7.432414606E-2	-3.796237546E-2	-6.389786175E-2
3.203333333E1	2.643768667E-2	-4.002804677E-2	9.343937093E-2	-2.519583322E-2	-8.997825308E-2
3.206666667E1	2.317123405E-2	-4.069954334E-2	9.729533683E-2	-1.489279922E-2	-9.614877586E-2
3.210000000E1	2.002776828E-2	-4.102090005E-2	8.806247439E-2	5.117399628E-4	-8.806098749E-2
3.213333333E1	1.730050155E-2	-4.066542734E-2	7.100233276E-2	-2.352684253E-2	-6.699118553E-2
3.216666667E1	1.556168924E-2	-4.258935622E-2	3.650796361E-2	-2.020717787E-2	-3.040561412E-2
3.220000000E1	1.527346061E-2	-4.201257253E-2	4.279867019E-2	3.198098413E-2	2.844192019E-2
3.223333333E1	1.745781725E-2	-4.045729061E-2	8.814853963E-2	4.900516336E-2	7.327113349E-2
3.226666667E1	2.015820284E-2	-3.874556164E-2	1.954551290E-1	-3.764887503E-2	1.917948635E-1
3.230000000E1	3.024414149E-2	-4.296721561E-2	1.005916917E-1	4.074640371E-2	9.196966363E-2
3.233333333E1	2.628951375E-2	-3.602913473E-2	1.199699050E-1	1.189310559E-1	-1.575379458E-2
3.236666667E1	2.919388852E-2	-3.503847855E-2	7.655427227E-2	2.443780723E-2	7.254895024E-2
3.240000000E1	3.112611043E-2	-3.439994758E-2	3.591993115E-2	7.312515313E-3	3.516772062E-2
3.243333333E1	3.153840322E-2	-3.455097753E-2	1.314122790E-2	-1.224637443E-2	-4.766359605E-3
3.246666667E1	3.080835312E-2	-3.521637254E-2	5.624047466E-2	-2.850964145E-2	-4.847877200E-2
3.250000000E1	2.830648509E-2	-3.645162030E-2	8.379310167E-2	-3.715797493E-2	-7.510372019E-2
3.253333333E1	2.580143844E-2	-3.769357087E-2	9.646971660E-2	-4.555953224E-2	-8.503373003E-2
3.256666667E1	2.263756976E-2	-3.948892245E-2	1.169980614E-1	-5.356414726E-2	-1.040164819E-1
3.260000000E1	1.886700632E-2	-4.126451402E-2	8.947546386E-2	-3.531591331E-2	-8.221097797E-2
3.263333333E1	1.715683789E-2	-4.184331667E-2	2.895336062E-2	-1.914173368E-3	-2.889001612E-2
3.266666667E1	1.694100524E-2	-4.139212558E-2	7.686613894E-3	-3.937001102E-3	6.601822133E-3
3.270000000E1	1.759695937E-2	-4.210578341E-2	4.340019465E-2	-8.608649346E-3	4.253784259E-2
3.273333333E1	1.977686142E-2	-4.196603554E-2	7.392606659E-2	1.118373191E-2	7.307521784E-2
3.276666667E1	2.246864056E-2	-4.136020128E-2	8.185442951E-2	2.071732175E-2	7.918926828E-2
3.280000000E1	2.505614597E-2	-4.058488076E-2	8.191746383E-2	3.958344864E-2	7.171904540E-2
3.283333333E1	2.724991025E-2	-3.872130470E-2	8.020171708E-2	4.712888054E-2	6.489363638E-2
3.286666667E1	2.938238839E-2	-3.744295539E-2	5.884537768E-2	2.603607085E-2	5.277216586E-2
3.290000000E1	3.076805464E-2	-3.698556665E-2	2.598403949E-2	9.107464744E-3	2.433566095E-2
3.293333333E1	3.100476579E-2	-3.683579107E-2	1.554363813E-2	-5.306018377E-3	-1.460995740E-2
3.296666667E1	2.979405748E-2	-3.733930121E-2	5.468615614E-2	-1.814346320E-2	-5.158866558E-2
3.300000000E1	2.756552142E-2	-3.804535528E-2	8.409555464E-2	-2.523505993E-2	-8.022003528E-2
3.303333333E1	2.444605513E-2	-3.902163853E-2	9.819929449E-2	-3.617136836E-2	-9.129476189E-2
3.306666667E1	2.147920396E-2	-4.045677984E-2	9.414784035E-2	-3.581485489E-2	-8.706958144E-2
3.310000000E1	1.864141636E-2	-4.140929553E-2	7.757225198E-2	-2.385664847E-2	-7.381269946E-2
3.313333333E1	1.655835733E-2	-4.204722307E-2	4.026078040E-2	-1.104509885E-2	-3.871609781E-2
3.316666667E1	1.606034318E-2	-4.214563545E-2	3.771977329E-3	3.403524385E-3	1.625987310E-3
3.320000000E1	1.666675648E-2	-4.182032145E-2	5.234987824E-2	2.502632989E-2	4.598034975E-2
3.323333333E1	1.912569983E-2	-4.047721346E-2	9.329898560E-2	4.210025126E-2	8.326025197E-2
3.326666667E1	2.221743995E-2	-3.901363803E-2	1.006901894E-1	4.364858066E-2	9.073761985E-2
3.330000000E1	2.517487448E-2	-3.756730808E-2	9.608414922E-2	3.965975131E-2	8.751724320E-2
3.333333333E1	2.805192283E-2	-3.636965461E-2	8.066302277E-2	3.168610398E-2	7.417893270E-2
3.336666667E1	3.012013666E-2	-3.545490115E-2	5.282350837E-2	2.165298133E-2	4.818165040E-2
3.340000000E1	3.126403285E-2	-3.492612252E-2	1.461533195E-2	8.313499809E-3	1.202055110E-2
3.343333333E1	3.092150674E-2	-3.490066783E-2	2.705463249E-2	-7.388733644E-3	-2.602613598E-2
3.346666667E1	2.952895712E-2	-3.541870476E-2			
