质量_A
t	x	y	v_{x}	v_{y}	v
0.000000000E0	-2.968750000E-3	-6.349609375E-2			
3.333333333E-2	-6.406250000E-3	-6.505859375E-2	-3.281250000E-2	-5.625000000E-2	6.512083120E-2
6.666666667E-2	-5.156250000E-3	-6.724609375E-2	1.875000000E-2	-2.343750000E-2	3.001464486E-2
1.000000000E-1	-5.156250000E-3	-6.662109375E-2	-3.750000000E-2	-4.687500000E-3	3.779183320E-2
1.333333333E-1	-7.656250000E-3	-6.755859375E-2	-3.281250000E-2	2.343750000E-2	4.032339969E-2
1.666666667E-1	-7.343750000E-3	-6.505859375E-2	-3.018486257E-3	5.257286585E-2	5.265944819E-2
2.000000000E-1	-7.857482417E-3	-6.405373603E-2	1.820527705E-2	3.035869567E-2	3.539890557E-2
2.333333333E-1	-6.130064863E-3	-6.303468071E-2	1.116604251E-1	3.047245865E-2	1.157437742E-1
2.666666667E-1	-4.134540805E-4	-6.202223878E-2	1.330799047E-1	5.292158593E-2	1.432164630E-1
3.000000000E-1	2.741928781E-3	-5.950657498E-2	7.094522546E-2	7.311629177E-2	1.018784430E-1
3.333333333E-1	4.316227617E-3	-5.714781933E-2	6.261549494E-2	8.338101226E-2	1.042741263E-1
3.666666667E-1	6.916295111E-3	-5.394784083E-2	6.911868489E-2	1.539833199E-1	1.687846421E-1
4.000000000E-1	8.924139943E-3	-4.688226467E-2	1.539636346E-1	2.827161274E-1	3.219211230E-1
4.333333333E-1	1.718053742E-2	-3.510009900E-2	2.923265828E-1	2.712441889E-1	3.987834513E-1
4.666666667E-1	2.841257880E-2	-2.879931874E-2	2.959253480E-1	1.154398408E-1	3.176447204E-1
5.000000000E-1	3.690889395E-2	-2.740410961E-2	1.839388108E-1	4.207898804E-2	1.886905598E-1
5.333333333E-1	4.067516618E-2	-2.599405287E-2	6.979949211E-4	8.746156699E-2	8.746435215E-2
5.666666667E-1	3.695542694E-2	-2.157333848E-2	8.801319484E-2	3.409964714E-1	3.521717138E-1
6.000000000E-1	4.654271251E-2	-3.260954781E-3	3.317870132E-1	2.530996055E-1	4.173032859E-1
6.333333333E-1	5.907456116E-2	-4.700031446E-3	1.963689646E-1	2.603797178E-1	3.261263063E-1
6.666666667E-1	5.963397681E-2	1.409769307E-2	1.198554841E-1	3.879265588E-1	4.060201375E-1
7.000000000E-1	6.706492676E-2	2.116173914E-2	1.585542688E-1	1.205560883E-1	1.991813912E-1
7.333333333E-1	7.020426140E-2	2.213476562E-2	7.977478372E-2	2.352518917E-1	2.484098804E-1
7.666666667E-1	7.238324568E-2	3.684519859E-2	-9.708592261E-2	2.147902394E-1	2.357127983E-1
8.000000000E-1	6.373186656E-2	3.645411492E-2	-1.546682217E-1	-1.995727754E-2	1.559504784E-1
8.333333333E-1	6.207203090E-2	3.551471342E-2	-1.261971933E-1	2.635347563E-2	1.289194992E-1
8.666666667E-1	5.531872034E-2	3.821101329E-2	-1.064249017E-1	-1.575679508E-1	1.901418387E-1
9.000000000E-1	5.497703745E-2	2.501018336E-2	-7.687476316E-2	-3.135201882E-1	3.228074312E-1
9.333333333E-1	5.019373613E-2	1.730966741E-2	9.591149779E-3	-2.463465282E-1	2.465331664E-1
9.666666667E-1	5.561644744E-2	8.587081483E-3	2.294499849E-2	-2.120285370E-1	2.132664377E-1
1.000000000E0	5.172340269E-2	3.174431613E-3	-1.048316413E-1	-1.492515047E-1	1.823888282E-1
1.033333333E0	4.862767135E-2	-1.363018828E-3	-9.755452345E-2	-2.430136124E-1	2.618635157E-1
1.066666667E0	4.521976780E-2	-1.302647588E-2	3.879759747E-2	-2.053568457E-1	2.089896831E-1
1.100000000E0	5.121417785E-2	-1.505347521E-2	-5.938951856E-4	9.375305462E-3	9.394097295E-3
1.133333333E0	4.518017478E-2	-1.240145552E-2	-1.764274584E-1	-4.514288219E-2	1.821113063E-1
1.166666667E0	3.945234729E-2	-1.806300068E-2	-9.376478159E-2	-4.509853920E-2	1.040466843E-1
1.200000000E0	3.892918935E-2	-1.540802480E-2	-1.322420263E-2	-2.551790595E-2	2.874096483E-2
1.233333333E0	3.857073378E-2	-1.976419441E-2	3.602183935E-2	-2.090134354E-1	2.120947644E-1
1.266666667E0	4.133064530E-2	-2.934225382E-2	-3.632999689E-2	-1.260972683E-1	1.312264827E-1
1.300000000E0	3.614873399E-2	-2.817067897E-2	-6.949779469E-2	1.212662796E-1	1.397692886E-1
1.333333333E0	3.669745899E-2	-2.125783518E-2	-1.388873426E-1	-4.103869614E-2	1.448235772E-1
1.366666667E0	2.688957781E-2	-3.090659204E-2	-1.446716995E-2	-2.849423850E-2	3.195654290E-2
1.400000000E0	3.573298099E-2	-2.315745108E-2	1.233595479E-1	5.260583063E-3	1.234716639E-1
1.433333333E0	3.511354767E-2	-3.055588651E-2	-2.211419993E-2	-2.754350807E-2	3.532255194E-2
1.466666667E0	3.425870100E-2	-2.499368495E-2	-2.143664671E-2	1.157942431E-1	1.177617788E-1
1.500000000E0	3.368443789E-2	-2.283627030E-2	-2.091847778E-1	-5.037632835E-2	2.151651592E-1
1.533333333E0	2.031304914E-2	-2.835210684E-2	-2.424785071E-1	-4.725445137E-2	2.470400971E-1
1.566666667E0	1.751920409E-2	-2.598656706E-2	9.111679762E-2	1.595413789E-1	1.837273044E-1
1.600000000E0	2.638750232E-2	-1.771601491E-2	1.962562090E-1	6.922032403E-2	2.081056290E-1
1.633333333E0	3.060295135E-2	-2.137187879E-2	2.306244488E-2	-1.471776354E-1	1.489735974E-1
1.666666667E0	2.792499864E-2	-2.752785727E-2	-1.609088132E-1	6.542263979E-2	1.737002244E-1
1.700000000E0	1.987569714E-2	-1.701036947E-2	-4.827152789E-2	2.476493237E-1	2.523099839E-1
1.733333333E0	2.470689678E-2	-1.101790235E-2	9.546782942E-2	5.507877630E-2	1.102169590E-1
1.766666667E0	2.624021910E-2	-1.333845105E-2	7.736346875E-2	8.307586858E-2	1.135196293E-1
1.800000000E0	2.986446137E-2	-5.479511115E-3	1.299926039E-1	1.129577910E-1	1.722136453E-1
1.833333333E0	3.490639270E-2	-5.807931656E-3	1.023204549E-1	3.119329736E-2	1.069696092E-1
1.866666667E0	3.668582502E-2	-3.399957958E-3	1.517723959E-1	4.798129046E-2	1.591762055E-1
1.900000000E0	4.502455242E-2	-2.609178959E-3	3.553775017E-2	9.472456643E-3	3.677851440E-2
1.933333333E0	3.905500837E-2	-2.768460849E-3	8.107236976E-2	1.621816173E-1	1.813163151E-1
1.966666667E0	5.042937707E-2	8.202928858E-3	2.870434451E-1	1.202672350E-1	3.112204158E-1
2.000000000E0	5.819123804E-2	5.249354820E-3	1.211346637E-1	2.217773064E-1	2.527029489E-1
2.033333333E0	5.850502132E-2	2.298808262E-2	7.560156731E-2	3.875164990E-1	3.948222815E-1
2.066666667E0	6.323134253E-2	3.108378809E-2	1.965969497E-1	1.516488170E-1	2.482895977E-1
2.100000000E0	7.161148464E-2	3.309800375E-2	2.285057250E-2	7.104894709E-2	7.463311293E-2
2.133333333E0	6.475471403E-2	3.582038456E-2	-1.050890085E-1	6.670476260E-2	1.244717842E-1
2.166666667E0	6.460555073E-2	3.754498793E-2	-3.910124896E-2	-5.576487996E-2	6.810748496E-2
2.200000000E0	6.214796410E-2	3.210272590E-2	-2.037290696E-2	-1.780045890E-1	1.791666516E-1
2.233333333E0	6.324735694E-2	2.567801533E-2	-6.309594397E-2	-3.022563658E-1	3.087717746E-1
2.266666667E0	5.794156784E-2	1.195230151E-2	-1.594183830E-1	-3.191612329E-1	3.567605828E-1
2.300000000E0	5.261946473E-2	4.400599797E-3	-1.010594369E-1	-2.373752103E-1	2.579922484E-1
2.333333333E0	5.120427204E-2	-3.872712507E-3	-5.840351932E-2	-2.427049898E-1	2.496330970E-1
2.366666667E0	4.872589678E-2	-1.177973286E-2	2.662355852E-2	-2.186627639E-1	2.202775934E-1
2.400000000E0	5.297917594E-2	-1.845023010E-2	5.134533590E-2	-1.300919728E-1	1.398580170E-1
2.433333333E0	5.214891917E-2	-2.045253104E-2	-2.104283359E-1	-1.316003869E-1	2.481909474E-1
2.466666667E0	3.895062022E-2	-2.722358923E-2	-1.749738817E-1	-1.491577638E-1	2.299215035E-1
2.500000000E0	4.048399372E-2	-3.039638196E-2			
2.533333333E0					
2.566666667E0	3.455387508E-2	-2.762669369E-2			
2.600000000E0	3.345936865E-2	-3.473467327E-2	-4.664383255E-2	-1.534460298E-1	1.603787117E-1
2.633333333E0	3.144428624E-2	-3.785642900E-2	-5.462761084E-2	-9.774670211E-2	1.119758619E-1
2.666666667E0	2.981752792E-2	-4.125112008E-2	-5.216455478E-2	-1.020582106E-1	1.146168361E-1
2.700000000E0	2.796664926E-2	-4.466030971E-2	-6.141452374E-2	-8.871713908E-2	1.079002989E-1
2.733333333E0	2.572322634E-2	-4.716559602E-2	-2.629003312E-1	1.865044541E-3	2.629069465E-1
2.766666667E0	1.043996051E-2	-4.453597341E-2	-1.175259528E-1	-3.133090709E-2	1.216304868E-1
2.800000000E0	1.788816282E-2	-4.925432316E-2	1.880168959E-1	8.153651962E-2	2.049354952E-1
2.833333333E0	2.297442024E-2	-3.910020543E-2	8.623202305E-2	2.018065441E-1	2.194580667E-1
2.866666667E0	2.363696436E-2	-3.580055355E-2	2.830795996E-2	1.083286990E-1	1.119662790E-1
2.900000000E0	2.486161757E-2	-3.187829216E-2	-2.824566028E-2	5.357551443E-3	2.874927272E-2
2.933333333E0	2.175392034E-2	-3.544338346E-2	-1.064940948E-1	1.074929100E-1	1.513133104E-1
2.966666667E0	1.776201125E-2	-2.471209817E-2	-6.554926586E-2	2.133173798E-1	2.231614008E-1
3.000000000E0	1.738396929E-2	-2.122222480E-2	5.881742309E-2	1.232534421E-1	1.365682988E-1
3.033333333E0	2.168317279E-2	-1.649520203E-2	1.245939642E-1	1.410630813E-1	1.882085248E-1
3.066666667E0	2.569023356E-2	-1.181801938E-2	2.870329919E-1	2.790249687E-1	4.003034743E-1
3.100000000E0	4.081870558E-2	2.106462552E-3	1.445638836E-1	2.228708089E-1	2.656503602E-1
3.133333333E0	3.532782580E-2	3.040034543E-3	6.482993893E-2	7.638051337E-2	1.001843491E-1
3.166666667E0	4.514070151E-2	7.198496776E-3	3.852365704E-1	2.968483595E-1	4.863395560E-1
3.200000000E0	6.101026383E-2	2.282992518E-2	3.625463864E-1	1.672440488E-1	3.992623876E-1
3.233333333E0	6.931046061E-2	1.834810003E-2	1.051861456E-2	7.582616843E-2	7.655226366E-2
3.266666667E0	6.171150480E-2	2.788500307E-2	-1.345211200E-1	2.137753016E-1	2.525783270E-1
3.300000000E0	6.034238595E-2	3.259978680E-2	-3.836693412E-2	6.234675000E-2	7.320613956E-2
3.333333333E0	5.915370919E-2	3.204145307E-2	5.025171978E-2	4.459417511E-2	6.718538379E-2
3.366666667E0	6.369250060E-2	3.557273181E-2	4.527775585E-2	-2.525774512E-1	2.566036711E-1
3.400000000E0	6.217222625E-2	1.520295633E-2	-9.122082722E-2	-2.009444768E-1	2.206805883E-1
3.433333333E0	5.761111212E-2	2.217643335E-2	-3.071329115E-1	-5.404952952E-2	3.118524924E-1
3.466666667E0	4.169669881E-2	1.159965436E-2	-3.004209469E-1	-2.808083941E-1	4.112251203E-1
3.500000000E0	3.758304899E-2	3.455873747E-3	4.989070322E-2	-8.164245091E-2	9.567952790E-2
3.533333333E0	4.502274569E-2	6.156824298E-3	-9.208650939E-3	-1.988730201E-2	2.191583978E-2
3.566666667E0	3.696913893E-2	2.130053614E-3	-1.306519419E-1	-2.746451073E-1	3.041379043E-1
3.600000000E0	3.631261623E-2	-1.215284952E-2	8.707411790E-2	-2.305498045E-1	2.464449520E-1
3.633333333E0	4.277408012E-2	-1.323993335E-2	-1.171339726E-1	1.639438576E-1	2.014893445E-1
3.666666667E0	2.850368473E-2	-1.223259015E-3	-2.130840883E-1	1.774359136E-1	2.772874540E-1
3.700000000E0	2.856847423E-2	-1.410872443E-3	1.941699314E-1	-1.934089273E-1	2.740601675E-1
3.733333333E0	4.144834682E-2	-1.411718750E-2	1.555918635E-1	-2.143548636E-1	2.648713566E-1
3.766666667E0	3.894126513E-2	-1.570119668E-2	-2.788984204E-2	2.324707031E-2	3.630798214E-2
3.800000000E0	3.958902402E-2	-1.256738281E-2	-7.677757491E-2	2.507979293E-1	2.622868608E-1
3.833333333E0	3.382276014E-2	1.018665269E-3	4.276146436E-2	1.910443040E-1	1.957714712E-1
3.866666667E0	4.243978831E-2	1.689041201E-4	1.787742003E-1	5.532913413E-3	1.788597994E-1
3.900000000E0	4.574104016E-2	1.387526163E-3	9.272257448E-2	6.379131469E-2	1.125469131E-1
3.933333333E0	4.862129328E-2	4.421658433E-3	1.732164741E-1	9.295472191E-3	1.734657105E-1
3.966666667E0	5.728880510E-2	2.007224309E-3	1.672073350E-1	1.843267667E-1	2.488667310E-1
4.000000000E0	5.976844894E-2	1.671010954E-2	8.635539432E-2	2.136914009E-1	2.304805175E-1
4.033333333E0	6.304583139E-2	1.625331770E-2	-6.119270100E-2	1.007044073E-1	1.178385518E-1
4.066666667E0	5.568893554E-2	2.342373670E-2	1.422048770E-1	2.125013649E-1	2.556932872E-1
4.100000000E0	7.252615652E-2	3.042007536E-2	2.670931219E-1	4.900855058E-2	2.715521567E-1
4.133333333E0	7.349514367E-2	2.669097340E-2	-1.482840314E-1	1.205849155E-1	1.911252882E-1
4.166666667E0	6.264055443E-2	3.845906973E-2	-2.423468536E-1	5.610506136E-2	2.487564579E-1
4.200000000E0	5.733868676E-2	3.043131082E-2	-1.438376505E-1	-1.878079592E-1	2.365609842E-1
4.233333333E0	5.305137773E-2	2.593853911E-2	-6.578064654E-2	-1.939611713E-1	2.048121809E-1
4.266666667E0	5.295331033E-2	1.750056607E-2	-1.970480855E-1	-3.691433662E-1	4.184432732E-1
4.300000000E0	3.991483870E-2	1.328981361E-3	-1.682264621E-1	-2.779976640E-1	3.249351378E-1
4.333333333E0	4.173821285E-2	-1.032611526E-3	2.482964577E-3	-4.116521527E-2	4.124002984E-2
4.366666667E0	4.008036967E-2	-1.415366324E-3	-6.316527821E-2	-5.593350372E-2	8.437066557E-2
4.400000000E0	3.752719430E-2	-4.761511774E-3	-5.346176331E-2	-1.156918853E-1	1.274471359E-1
4.433333333E0	3.651625211E-2	-9.128158677E-3	-4.268149228E-2	-4.017959965E-2	5.861834193E-2
4.466666667E0	3.468176149E-2	-7.440151751E-3	-1.192260801E-1	-1.675825374E-1	2.056666356E-1
4.500000000E0	2.856784677E-2	-2.030032783E-2	-9.538291177E-2	-2.306043133E-1	2.495520971E-1
4.533333333E0	2.832290070E-2	-2.281377263E-2	4.531496681E-3	-8.307845941E-3	9.463338013E-3
4.566666667E0	2.886994655E-2	-2.085418423E-2	3.845180608E-2	-7.599676270E-2	8.517070701E-2
4.600000000E0	3.088635444E-2	-2.788022348E-2	4.659506670E-2	-6.156357290E-4	4.659913356E-2
4.633333333E0	3.197628433E-2	-2.089522661E-2	2.055175745E-2	-4.317809614E-2	4.781968968E-2
4.666666667E0	3.225647160E-2	-3.075876322E-2	8.721670841E-2	-1.900821196E-1	2.091362389E-1
4.700000000E0	3.779073156E-2	-3.356736792E-2	1.552738552E-1	-4.308065996E-2	1.611394221E-1
4.733333333E0	4.260806195E-2	-3.363080722E-2	1.068081040E-1	6.455003916E-2	1.247985522E-1
4.766666667E0	4.491127183E-2	-2.926403197E-2	8.147829519E-3	1.713055047E-1	1.714991635E-1
4.800000000E0	4.315125058E-2	-2.221044024E-2	-5.649584146E-2	-7.584806846E-2	9.457647483E-2
4.833333333E0	4.114488240E-2	-3.432056987E-2	-3.051961644E-2	-1.821149531E-1	1.846545508E-1
4.866666667E0	4.111660949E-2	-3.435143711E-2	4.887957101E-2	2.489544373E-1	2.537075567E-1
4.900000000E0	4.440352046E-2	-1.772360739E-2	2.666355806E-1	9.614624150E-1	9.977497222E-1
4.933333333E0	5.889231486E-2	2.974605722E-2	-1.786599267E-2	5.409629829E-2	5.697019556E-2
4.966666667E0	4.321245429E-2	-1.411718750E-2	-1.920649039E-1	-6.579486708E-1	6.854089150E-1
5.000000000E0	4.608798793E-2	-1.411718750E-2	3.396855319E-2	1.040245406E-1	1.094301953E-1
5.033333333E0	4.547702450E-2	-7.182218128E-3	-1.420516302E-2	-3.613959314E-2	3.883113247E-2
5.066666667E0	4.514097707E-2	-1.652649371E-2	2.381168169E-2	-4.587049526E-2	5.168267138E-2
5.100000000E0	4.706446995E-2	-1.024025115E-2	-7.195711350E-2	2.103042705E-1	2.222739580E-1
5.133333333E0	4.034383617E-2	-2.506209006E-3	-7.337971317E-2	3.027503796E-1	3.115162510E-1
5.166666667E0	4.217248907E-2	9.943107492E-3	1.935009346E-1	2.422586185E-1	3.100513666E-1
5.200000000E0	5.324389847E-2	1.364436556E-2	1.817616426E-1	1.164944899E-1	2.158894646E-1
5.233333333E0	5.428993191E-2	1.770940682E-2	-2.978737417E-2	1.842511479E-1	1.866434385E-1
5.266666667E0	5.125807353E-2	2.592777542E-2	2.253708925E-1	1.096947919E-1	2.506491303E-1
5.300000000E0	6.931465807E-2	2.502239295E-2	3.351484576E-1	-2.697812193E-2	3.362325202E-1
5.333333333E0	7.360130403E-2	2.412923396E-2	1.123877820E-1	-5.223944773E-3	1.125091247E-1
5.366666667E0	7.680717688E-2	2.467412996E-2	4.762301714E-2	-9.932028583E-2	1.101474963E-1
5.400000000E0	7.677617184E-2	1.750788157E-2	-1.164456604E-1	-2.449934580E-1	2.712588916E-1
5.433333333E0	6.904413285E-2	8.341232763E-3	-1.674183955E-1	-1.409617998E-1	2.188587402E-1
5.466666667E0	6.561494547E-2	8.110428251E-3	-1.837748600E-1	-1.516701240E-1	2.382793018E-1
5.500000000E0	5.679247552E-2	-1.770108838E-3	-2.483958247E-1	-1.711684830E-1	3.016606293E-1
5.533333333E0	4.905522383E-2	-3.300803945E-3	-1.741150641E-1	-1.017336535E-1	2.016576103E-1
5.566666667E0	4.518480458E-2	-8.552352402E-3	-1.164231910E-1	-1.161923193E-1	1.644840857E-1
5.600000000E0	4.129367776E-2	-1.104695857E-2			
5.633333333E0		-1.147273051E-2		1.554504723E-1	
5.666666667E0	2.765625000E-2	-6.835937500E-4			
5.700000000E0	2.914451949E-2	-4.498156966E-3	8.877796482E-2	3.222841592E-2	9.444679894E-2
5.733333333E0	3.357478099E-2	1.464967312E-3			
5.766666667E0		-1.600983186E-3		-8.416298781E-2	
5.800000000E0	3.620237726E-2	-4.145898543E-3			
5.833333333E0	2.418380275E-2	-5.584162880E-3	-1.374361019E-1	3.175497833E-2	1.410569415E-1
5.866666667E0	2.703997047E-2	-2.028899987E-3	1.549986941E-1	2.496208598E-2	1.569958627E-1
5.900000000E0	3.451704903E-2	-3.920023815E-3	3.266257142E-1	-8.252465126E-2	3.368897078E-1
5.933333333E0	4.881501808E-2	-7.530543405E-3	3.122053864E-1	-5.495941580E-2	3.170059001E-1
5.966666667E0	5.533074145E-2	-7.583984868E-3	1.905537082E-1	4.805044709E-2	1.965186026E-1
6.000000000E0	6.151859862E-2	-4.327180265E-3	-2.119606933E-2	3.222441560E-1	3.229405045E-1
6.033333333E0	5.391767016E-2	1.389895887E-2	-3.566489777E-2	2.820872023E-1	2.843328589E-1
6.066666667E0	5.914093877E-2	1.447863322E-2	1.570882851E-1	-2.390433352E-2	1.588966535E-1
6.100000000E0	6.439022250E-2	1.230533663E-2	1.956279361E-1	1.610590960E-1	2.533975568E-1
6.133333333E0	7.218280118E-2	2.521590629E-2	8.222351400E-2	1.598460304E-1	1.797538864E-1
6.166666667E0	6.987179010E-2	2.296173866E-2	-1.155279848E-1	1.601159395E-1	1.974432307E-1
6.200000000E0	6.448093552E-2	3.589030226E-2	-1.537692608E-1	2.165751555E-1	2.656120923E-1
6.233333333E0	5.962050605E-2	3.740008236E-2	-3.269222575E-1	-1.257645008E-1	3.502782781E-1
6.266666667E0	4.268611836E-2	2.750600221E-2	-2.234176086E-1	-8.205592286E-2	2.380096686E-1
6.300000000E0	4.472599880E-2	3.192968750E-2	-2.231949861E-2	-2.565725778E-2	3.400668898E-2
6.333333333E0	4.119815178E-2	2.579551835E-2	-5.211596385E-2	-2.140895018E-1	2.203415269E-1
6.366666667E0	4.125160121E-2	1.765705405E-2	1.010284270E-1	-1.717731054E-1	1.992805631E-1
6.400000000E0	4.793338025E-2	1.434397799E-2	1.201066445E-1	-6.205776363E-2	1.351916125E-1
6.433333333E0	4.925871085E-2	1.351986980E-2	9.944214474E-2	-2.768294472E-1	2.941484030E-1
6.466666667E0	5.456285657E-2	-4.111318487E-3	7.103460583E-2	-2.763730685E-1	2.853558974E-1
6.500000000E0	5.399435124E-2	-4.905001427E-3	-9.964630553E-2	1.471036879E-1	1.776763383E-1
6.533333333E0	4.791976953E-2	5.695594038E-3	-5.197089797E-2	1.662620809E-1	1.741954471E-1
6.566666667E0	5.052962471E-2	6.179137301E-3	1.770817666E-1	-8.199851580E-2	1.951453526E-1
6.600000000E0	5.972522064E-2	2.290263177E-4	1.745835708E-1	-2.613581299E-2	1.765290456E-1
6.633333333E0	6.216852943E-2	4.436749768E-3	-6.078113206E-2	2.000826716E-1	2.091110267E-1
6.666666667E0	5.567314517E-2	1.356787109E-2	-1.483324342E-1	1.787318025E-1	2.322661583E-1
6.700000000E0	5.227970048E-2	1.635220327E-2	1.108641678E-1	2.766055120E-1	2.979957599E-1
6.733333333E0	6.306408969E-2	3.200823856E-2	4.410519023E-2	3.365459468E-1	3.394236911E-1
6.766666667E0	5.522004649E-2	3.878859972E-2	-1.028298166E-1	2.297945512E-2	1.053661547E-1
6.800000000E0	5.620876858E-2	3.354020223E-2	3.813350398E-2	-1.174388318E-1	1.234748693E-1
6.833333333E0	5.776228009E-2	3.095934427E-2	5.101188347E-2	-1.388768833E-1	1.479493189E-1
6.866666667E0	5.960956081E-2	2.428174335E-2	7.274795232E-2	-2.246815969E-1	2.361653755E-1
6.900000000E0	6.261214358E-2	1.598057114E-2	-8.391968481E-2	-1.317121043E-1	1.561748761E-1
6.933333333E0	5.401491515E-2	1.550093639E-2	-1.980037243E-3	-1.949486222E-1	1.949586773E-1
6.966666667E0	6.248014110E-2	2.983996325E-3	1.728305379E-1	-2.832202774E-1	3.317892710E-1
7.000000000E0	6.553695101E-2	-3.380415431E-3	1.590709641E-2	-1.506713151E-1	1.515086827E-1
7.033333333E0	6.354061419E-2	-7.060758017E-3	-1.902181199E-1	3.359338278E-2	1.931617160E-1
7.066666667E0	5.285574302E-2	-1.140856579E-3	-6.984407216E-2	2.884113100E-2	7.556457671E-2
7.100000000E0	5.888434271E-2	-5.138015950E-3	-5.355351849E-2	-6.660748918E-2	8.546658386E-2
7.133333333E0	4.928550845E-2	-5.581355857E-3	-2.247118803E-1	-1.851225518E-2	2.254731309E-1
7.166666667E0	4.390355069E-2	-6.372166296E-3	-1.273106309E-1	3.062342902E-2	1.309419381E-1
7.200000000E0	4.079813305E-2	-3.539793923E-3	2.176086792E-2	1.168109677E-1	1.188206108E-1
7.233333333E0	4.535427522E-2	1.415231550E-3	3.671344373E-2	1.725067940E-1	1.763702666E-1
7.266666667E0	4.324569597E-2	7.960659012E-3	7.996630114E-2	1.411134271E-1	1.621962041E-1
7.300000000E0	5.068536196E-2	1.082279335E-2	1.507386197E-1	1.582430804E-1	2.185474867E-1
7.333333333E0	5.329493728E-2	1.851019770E-2	7.635332459E-2	1.569159541E-1	1.745062945E-1
7.366666667E0	5.577558360E-2	2.128385696E-2	2.782311105E-2	2.604474742E-2	3.811107944E-2
7.400000000E0	5.514981135E-2	2.024651420E-2	9.553352098E-2	8.675160529E-3	9.592659715E-2
7.433333333E0	6.214448500E-2	2.186220100E-2	1.446784122E-1	1.132123288E-2	1.451206852E-1
7.466666667E0	6.479503884E-2	2.100126306E-2	-1.084390320E-1	9.121132894E-2	1.416987303E-1
7.500000000E0	5.491521620E-2	2.794295626E-2	-7.207664088E-2	-1.104901372E-1	1.319208573E-1
7.533333333E0	5.998992944E-2	1.363525391E-2	3.337485483E-2	-3.352186737E-1	3.368760011E-1
7.566666667E0	5.714020653E-2	5.595044679E-3	-8.116564814E-2	3.343651153E-2	8.778304359E-2
7.600000000E0	5.457888623E-2	1.586435468E-2	4.069488213E-2	-1.337948776E-2	4.283788188E-2
7.633333333E0	5.985319867E-2	4.703078829E-3	-4.636782057E-2	-3.292530857E-1	3.325019838E-1
7.666666667E0	5.148769820E-2	-6.085851041E-3	-9.166373323E-2	-1.065467133E-1	1.405504967E-1
7.700000000E0	5.374228312E-2	-2.400035394E-3	-6.202417434E-2	3.024317228E-2	6.900469311E-2
7.733333333E0	4.735275324E-2	-4.069639556E-3	-7.364525994E-2	-1.641986730E-2	7.545353772E-2
7.766666667E0	4.883259912E-2	-3.494693214E-3	1.201499703E-2	2.925214728E-2	3.162353987E-2
7.800000000E0	4.815375304E-2	-2.119496404E-3	1.352967536E-2	2.945308938E-1	2.948414820E-1
7.833333333E0	4.973457748E-2	1.614069971E-2	-8.694213288E-3	2.269655484E-1	2.271320090E-1
7.866666667E0	4.757413882E-2	1.301154016E-2	-3.809339295E-2	-3.746067124E-2	5.342666447E-2
7.900000000E0	4.719501795E-2	1.364332162E-2	6.237105152E-2	9.277120578E-2	1.117883925E-1
7.933333333E0	5.173220892E-2	1.919628721E-2	1.762890673E-1	1.465156703E-1	2.292262570E-1
7.966666667E0	5.894762244E-2	2.341103298E-2	2.202254094E-1	1.160484106E-1	2.489306421E-1
8.000000000E0	6.641390288E-2	2.693284792E-2	-1.384419130E-2	1.348700564E-1	1.355787364E-1
8.033333333E0	5.802467635E-2	3.240237007E-2	-9.125290620E-2	1.548238021E-2	9.255699319E-2
8.066666667E0	6.033037580E-2	2.796500660E-2	2.185447416E-1	-2.753625811E-1	3.515485104E-1
8.100000000E0	7.259432579E-2	1.404486467E-2	1.704162996E-1	-2.644499429E-1	3.146036990E-1
8.133333333E0	7.169146244E-2	1.033501041E-2	-8.405317759E-2	8.196244914E-3	8.445185074E-2
8.166666667E0	6.699078062E-2	1.459128099E-2	-2.681227009E-1	-7.139078686E-2	2.774642809E-1
8.200000000E0	5.381661572E-2	5.575624615E-3	-2.260432091E-1	-1.224520226E-1	2.570798129E-1
8.233333333E0	5.192123335E-2	6.427812820E-3	1.338264171E-2	1.571853355E-2	2.064382222E-2
8.266666667E0	5.470879183E-2	6.623526852E-3	-5.201826463E-2	2.219089272E-1	2.279242678E-1
8.300000000E0	4.845334904E-2	2.122174130E-2	-1.277545084E-1	1.938399574E-1	2.321532759E-1
8.333333333E0	4.619182460E-2	1.954619068E-2	5.906850300E-3	-1.023487299E-1	1.025190392E-1
8.366666667E0	4.884713906E-2	1.439849264E-2	-2.438740610E-2	-7.577318865E-2	7.960101566E-2
8.400000000E0	4.456599753E-2	1.449464477E-2	-3.170939716E-2	9.600193295E-3	3.313079504E-2
8.433333333E0	4.673317925E-2	1.503850553E-2			
8.466666667E0		1.652038072E-2		1.110435108E-1	
8.500000000E0	5.578125000E-2	2.244140625E-2			
8.533333333E0	6.261218710E-2	1.840141027E-2	7.793373686E-2	4.272707564E-2	8.887783938E-2
8.566666667E0	6.097683246E-2	2.528987796E-2	6.709314588E-4	-1.048036552E-2	1.050181939E-2
8.600000000E0	6.265691586E-2	1.770271924E-2	2.450620564E-2	-1.320993444E-1	1.343532319E-1
8.633333333E0	6.261057950E-2	1.648325500E-2	-2.365158214E-2	1.940719936E-2	3.059471727E-2
8.666666667E0	6.108014372E-2	1.899653253E-2	-1.261372098E-2	8.852019562E-2	8.941437798E-2
8.700000000E0	6.176966477E-2	2.238460137E-2	-2.677804677E-2	1.828643016E-2	3.242618258E-2
8.733333333E0	5.929494060E-2	2.021562787E-2	-9.864829349E-2	1.064463466E-2	9.922093557E-2
8.766666667E0	5.519311187E-2	2.309424368E-2	-2.195743855E-1	-1.810025608E-2	2.203191549E-1
8.800000000E0	4.465664823E-2	1.900894413E-2	-1.425414588E-1	-1.048023271E-1	1.769225685E-1
8.833333333E0	4.569034795E-2	1.610742188E-2			
8.866666667E0					
8.900000000E0	4.582904282E-2	1.939830760E-2			
8.933333333E0	4.814809768E-2	1.170586692E-2	-1.311097568E-1	-9.849633506E-2	1.639856590E-1
8.966666667E0	3.708839237E-2	1.283188527E-2	-7.729274858E-2	-1.230936671E-2	7.826678409E-2
9.000000000E0	4.299524778E-2	1.088524247E-2	1.923609398E-1	-3.040605957E-2	1.947492224E-1
9.033333333E0	4.991245502E-2	1.080481463E-2	2.147781735E-1	1.500770935E-3	2.147834168E-1
9.066666667E0	5.731379268E-2	1.098529387E-2	1.982863132E-1	1.546974148E-2	1.988888507E-1
9.100000000E0	6.313154257E-2	1.183613073E-2	1.156654206E-1	3.051353815E-2	1.196225963E-1
9.133333333E0	6.502482072E-2	1.301952974E-2	-1.048876473E-2	3.259378932E-2	3.423987862E-2
9.166666667E0	6.243229159E-2	1.400905001E-2	1.036432703E-1	1.714629274E-1	2.003533452E-1
9.200000000E0	7.193437207E-2	2.445039157E-2	-9.775274907E-3	1.819634598E-1	1.822258398E-1
9.233333333E0	6.178060660E-2	2.613994733E-2	-2.476957305E-1	5.048313963E-2	2.527878998E-1
9.266666667E0	5.542132337E-2	2.781593421E-2	-1.535252894E-1	3.975712370E-2	1.585895437E-1
9.300000000E0	5.154558730E-2	2.879042225E-2	-2.443647323E-1	-1.402939591E-1	2.817738763E-1
9.333333333E0	3.913034122E-2	1.846300360E-2	-4.749528652E-2	-4.884311265E-2	6.812820190E-2
9.366666667E0	4.837923487E-2	2.553421474E-2	3.377560813E-2	-4.284441249E-3	3.404626472E-2
9.400000000E0	4.138204843E-2	1.817737418E-2	-6.071699836E-2	-1.012822195E-1	1.180874332E-1
9.433333333E0	4.433143498E-2	1.878206677E-2	1.076763160E-1	-1.093839633E-1	1.534895451E-1
9.466666667E0	4.856046949E-2	1.088510997E-2	1.250443586E-1	-1.304165409E-1	1.806780722E-1
9.500000000E0	5.266772555E-2	1.008763071E-2	1.056633294E-1	8.966077770E-3	1.060430560E-1
9.533333333E0	5.560469145E-2	1.148284848E-2	4.449013224E-2	4.853955743E-2	6.584421389E-2
9.566666667E0	5.563373436E-2	1.332360121E-2	1.375294427E-1	1.645836432E-1	2.144810556E-1
9.600000000E0	6.477332096E-2	2.245509137E-2	1.057220309E-1	1.696110930E-1	1.998626296E-1
9.633333333E0	6.268186976E-2	2.463100741E-2	-5.452150989E-2	-1.258285366E-1	1.371328395E-1
9.666666667E0	6.113855364E-2	1.406652226E-2	-4.189541036E-1	-7.657360008E-1	8.728540336E-1
9.700000000E0	3.475159618E-2	-2.641805931E-2	4.623966047E-2	1.104266906E-1	1.197170005E-1
9.733333333E0	6.422119767E-2	2.142830163E-2	3.998100567E-1	7.378296321E-1	8.391904715E-1
9.766666667E0	6.140559996E-2	2.277058282E-2	-9.668991489E-2	4.562747984E-2	1.069149501E-1
9.800000000E0	5.777520334E-2	2.447013362E-2	-9.011468302E-2	1.319447607E-1	1.597813380E-1
9.833333333E0	5.539795443E-2	3.156690021E-2	-1.268972416E-2	4.505250568E-2	4.680552710E-2
9.866666667E0	5.692922173E-2	2.747363400E-2	-2.404518450E-2	-4.005231191E-2	4.671572098E-2
9.900000000E0	5.379494213E-2	2.889674608E-2	5.039594981E-3	-1.188318280E-2	1.290765475E-2
9.933333333E0	5.726519473E-2	2.668142181E-2	-3.745774140E-2	-2.804738652E-1	2.829640816E-1
9.966666667E0	5.129775937E-2	1.019848840E-2	-5.001833692E-2	-1.976486233E-1	2.038794063E-1
1.000000000E1	5.393063894E-2	1.350484693E-2	1.022745382E-1	1.076234074E-1	1.484684445E-1
1.003333333E1	5.811606192E-2	1.737338222E-2	1.195752067E-1	-1.843431369E-1	2.197285192E-1
1.006666667E1	6.190231938E-2	1.215304470E-3	3.983795763E-2	-2.290562138E-1	2.324947568E-1
1.010000000E1	6.077192576E-2	2.102967974E-3	-1.466210290E-1	7.981554470E-2	1.669378547E-1
1.013333333E1	5.212758411E-2	6.536340783E-3	-9.925719673E-2	8.323250834E-2	1.295362557E-1
1.016666667E1	5.415477931E-2	7.651801863E-3	-1.263005442E-1	9.857078844E-2	1.602124458E-1
1.020000000E1	4.370754783E-2	1.310772668E-2	-1.599866972E-1	9.420060206E-2	1.856596260E-1
1.023333333E1	4.348899950E-2	1.393184200E-2	1.489978012E-1	1.067714659E-1	1.833043663E-1
1.026666667E1	5.364073458E-2	2.022582441E-2	1.825111462E-1	1.011357544E-1	2.086594338E-1
1.030000000E1	5.565640925E-2	2.067422563E-2	-6.570075083E-2	-1.756130663E-2	6.800726542E-2
1.033333333E1	4.926068453E-2	1.905507063E-2	-6.350268744E-2	-3.692224477E-2	7.345640524E-2
1.036666667E1	5.142289675E-2	1.821274264E-2	1.550866457E-1	-4.724028698E-2	1.621219060E-1
1.040000000E1	5.959979424E-2	1.590571817E-2	1.407650121E-1	-5.713899064E-3	1.408809330E-1
1.043333333E1	6.080723089E-2	1.783181604E-2	6.766777995E-2	-1.373743052E-1	1.531359793E-1
1.046666667E1	6.411097957E-2	6.747431155E-3	-6.018931785E-3	-2.000965928E-1	2.001870975E-1
1.050000000E1	6.040596877E-2	4.492043183E-3	-4.644670301E-2	-6.764040043E-2	8.205193472E-2
1.053333333E1	6.101453270E-2	2.238071126E-3	-1.876609510E-1	-1.405340965E-2	1.881864258E-1
1.056666667E1	4.789523871E-2	3.555149206E-3	-2.474617504E-1	2.785328453E-2	2.490243429E-1
1.060000000E1	4.451708268E-2	4.094956761E-3	4.834259598E-2	2.387022745E-2	5.391469507E-2
1.063333333E1	5.111807844E-2	5.146497702E-3	-6.124163677E-2	1.330769345E-1	1.464923499E-1
1.066666667E1	4.043430689E-2	1.296675239E-2	1.123760300E-3	7.770163986E-2	7.770976563E-2
1.070000000E1	5.119299579E-2	1.032660703E-2	1.617417627E-1	-2.524555875E-2	1.637001406E-1
1.073333333E1	5.121709107E-2	1.128371514E-2	-5.760624226E-2	7.523943601E-2	9.475996981E-2
1.076666667E1	4.735257964E-2	1.534256943E-2	3.762717529E-2	2.432976991E-1	2.461901190E-1
1.080000000E1	5.372556942E-2	2.750356175E-2	5.750514398E-2	1.202871942E-1	1.333261065E-1
1.083333333E1	5.118625591E-2	2.336171570E-2	6.976018310E-2	-1.438592136E-1	1.598810698E-1
1.086666667E1	5.837624830E-2	1.791294751E-2	6.625437988E-2	7.941312595E-3	6.672860930E-2
1.090000000E1	5.560321457E-2	2.389113654E-2	-1.258273632E-2	-8.792098447E-2	8.881680452E-2
1.093333333E1	5.753739921E-2	1.205154855E-2	1.939343362E-1	-1.242094675E-1	2.303009305E-1
1.096666667E1	6.853217032E-2	1.561050538E-2	9.510418007E-2	-3.215166122E-4	9.510472354E-2
1.100000000E1	6.387767788E-2	1.203011411E-2	-1.135857697E-1	-1.139554266E-1	1.608961352E-1
1.103333333E1	6.095978567E-2	8.013476940E-3	-1.204364317E-3	5.323060157E-2	5.324422444E-2
1.106666667E1	6.379738693E-2	1.557882088E-2	-1.378436956E-1	-1.003825544E-2	1.382087226E-1
1.110000000E1	5.177020596E-2	7.344259910E-3	-2.130021838E-1	-5.518156457E-2	2.200339414E-1
1.113333333E1	4.959724134E-2	1.190004991E-2	6.541839946E-3	7.717249641E-2	7.744927289E-2
1.116666667E1	5.220632863E-2	1.248909300E-2	-2.232499930E-2	1.622886602E-1	1.638170163E-1
1.120000000E1	4.810890805E-2	2.271929392E-2	2.868091427E-2	2.143644879E-1	2.162746599E-1
1.123333333E1	5.411838958E-2	2.678005886E-2	7.646743722E-2	7.604574140E-2	1.078435151E-1
1.126666667E1	5.320673720E-2	2.778901002E-2	-5.504474024E-2	-1.533312268E-1	1.629122111E-1
1.130000000E1	5.044874023E-2	1.655797708E-2	5.979717975E-2	4.020747578E-2	7.205791986E-2
1.133333333E1	5.719321585E-2	3.046950840E-2	1.220263547E-2	-6.662079133E-3	1.390279148E-2
1.136666667E1	5.126224926E-2	1.611383847E-2	-5.918388464E-2	-2.289684642E-1	2.364937416E-1
1.140000000E1	5.324762354E-2	1.520494412E-2	1.499742511E-2	-8.019299330E-2	8.158332510E-2
1.143333333E1	5.226207760E-2	1.076763891E-2	1.060121304E-1	-1.018541584E-1	1.470130653E-1
1.146666667E1	6.031509890E-2	8.414666897E-3	1.413906356E-1	-5.585977918E-3	1.415009363E-1
1.150000000E1	6.168811997E-2	1.039524039E-2	-9.880639927E-2	7.375414558E-2	1.232979259E-1
1.153333333E1	5.372800562E-2	1.333160994E-2	-1.182496728E-1	4.490373808E-2	1.264884612E-1
1.156666667E1	5.380480846E-2	1.338882293E-2	1.530786950E-1	-2.055596572E-2	1.544526937E-1
1.160000000E1	6.393325195E-2	1.196121222E-2	1.166648294E-1	-2.580232985E-2	1.194840686E-1
1.163333333E1	6.158246375E-2	1.166866760E-2	-4.149927159E-2	3.594373840E-2	5.490120101E-2
1.166666667E1	6.116663385E-2	1.435746145E-2	-9.145644530E-2	5.063703481E-2	1.045389434E-1
1.170000000E1	5.548536740E-2	1.504446992E-2	-9.464617548E-2	1.953260296E-1	2.170487419E-1
1.173333333E1	5.485688881E-2	2.737919675E-2	-4.343719386E-2	1.970772414E-1	2.018074054E-1
1.176666667E1	5.258955447E-2	2.818295268E-2	-1.027185194E-1	-1.669377856E-1	1.960084653E-1
1.180000000E1	4.800898752E-2	1.625001105E-2	-2.582602565E-1	-8.204373386E-1	8.601254482E-1
1.183333333E1	3.537220404E-2	-2.651286989E-2	6.960561222E-2	1.097139687E-1	1.299311209E-1
1.186666667E1	5.264936167E-2	2.356427563E-2	9.875773616E-2	5.899821817E-1	5.981906596E-1
1.190000000E1	4.195605312E-2	1.281927555E-2	-9.607903495E-2	-2.276358274E-1	2.470814660E-1
1.193333333E1	4.624409267E-2	8.388553805E-3	3.278490415E-1	-6.096359635E-2	3.334689702E-1
1.196666667E1	6.381265588E-2	8.755035798E-3	3.087720206E-1	-3.089893557E-2	3.103142035E-1
1.200000000E1	6.682889404E-2	6.328624767E-3	1.224969566E-1	4.582551637E-2	1.307879288E-1
1.203333333E1	7.197911966E-2	1.181007022E-2	7.580174276E-2	1.243597046E-1	1.456407921E-1
1.206666667E1	7.188234356E-2	1.461927174E-2	-1.652030165E-2	5.985284794E-2	6.209093149E-2
1.210000000E1	7.087776621E-2	1.580026009E-2	-2.504631237E-1	6.024732353E-2	2.576072909E-1
1.213333333E1	5.518480198E-2	1.863575997E-2	-3.009372066E-1	6.964693395E-2	3.088914012E-1
1.216666667E1	5.081528577E-2	2.044338902E-2	1.019321998E-1	8.143968804E-2	1.304706716E-1
1.220000000E1	6.198028197E-2	2.406507251E-2	-9.689222933E-2	-1.045942898E-2	9.745513716E-2
1.223333333E1	4.435580382E-2	1.974609375E-2	-1.870691578E-1	5.557878802E-2	1.951508942E-1
1.226666667E1	4.950900478E-2	2.777032504E-2	6.541790869E-2	-7.546023496E-2	9.986866294E-2
1.230000000E1	4.871699773E-2	1.471541142E-2	7.879329184E-2	-2.190275882E-1	2.327691286E-1
1.233333333E1	5.476189090E-2	1.316848583E-2	9.736078878E-2	-9.397637369E-2	1.353169686E-1
1.236666667E1	5.520771698E-2	8.450319840E-3	6.246586631E-2	-8.882067917E-2	1.085868201E-1
1.240000000E1	5.892628199E-2	7.247107218E-3	1.013600629E-1	-4.366342943E-2	1.103646566E-1
1.243333333E1	6.196505451E-2	5.539424545E-3	-9.048790835E-2	7.731763043E-2	1.190213323E-1
1.246666667E1	5.289375477E-2	1.240161591E-2	2.078449704E-2	5.509745380E-2	5.888739027E-2
1.250000000E1	6.335068765E-2	9.212588131E-3	2.237464970E-1	-3.672504914E-2	2.267404335E-1
1.253333333E1	6.781018790E-2	9.953279304E-3	8.829819737E-2	7.244221207E-2	1.142122837E-1
1.256666667E1	6.923723414E-2	1.404206894E-2	-3.232975130E-2	7.436482910E-2	8.108847406E-2
1.260000000E1	6.565487115E-2	1.491093458E-2	-2.572873584E-2	8.135238998E-2	8.532396618E-2
1.263333333E1	6.752198508E-2	1.946556160E-2	-6.892763885E-3	8.469377796E-2	8.497379725E-2
1.266666667E1	6.519535356E-2	2.055718644E-2	-1.469751279E-1	-1.109413858E-2	1.473932432E-1
1.270000000E1	5.772364322E-2	1.872595236E-2	-2.349734550E-2	8.525005371E-2	8.842905011E-2
1.273333333E1	6.362886386E-2	2.624052336E-2	-1.002043837E-1	-4.182593810E-2	1.085832750E-1
1.276666667E1	5.104335097E-2	1.593755649E-2	-2.277216713E-1	-9.689829089E-2	2.474801777E-1
1.280000000E1	4.844741911E-2	1.978063730E-2	2.269558022E-2	-3.196321251E-2	3.920122850E-2
1.283333333E1	5.255638966E-2	1.380667566E-2	4.302838319E-2	-1.259247412E-1	1.330732212E-1
1.286666667E1	5.131597799E-2	1.138565455E-2	-2.300083237E-2	-1.111725438E-1	1.135269695E-1
1.290000000E1	5.102300083E-2	6.395172732E-3	2.139217206E-2		
1.293333333E1	5.274212279E-2				
1.300000000E1	4.953125000E-2	1.244140625E-2			
1.303333333E1		1.445725129E-2		4.687500000E-2	
1.306666667E1	5.546875000E-2	1.556640625E-2			
1.310000000E1	5.890625000E-2	1.619140625E-2	1.539314848E-1	3.196040643E-2	1.572144064E-1
1.313333333E1	6.573084899E-2	1.769710001E-2	2.596424163E-2	9.206991696E-2	9.566091915E-2
1.316666667E1	6.063719944E-2	2.232940071E-2	-9.843404124E-2	7.721936909E-2	1.251083188E-1
1.320000000E1	5.916857957E-2	2.284505795E-2	2.680035675E-2	1.383447837E-3	2.683604013E-2
1.323333333E1	6.242388989E-2	2.242163057E-2	6.290443767E-2	-8.739851270E-2	1.076822562E-1
1.326666667E1	6.336220875E-2	1.701849044E-2	2.056096108E-2	9.505005316E-2	9.724847416E-2
1.330000000E1	6.379462063E-2	2.875830078E-2	-6.320502614E-2	1.937182734E-1	2.037686060E-1
1.333333333E1	5.914854034E-2	2.993304200E-2	-5.866386809E-2	2.887417391E-2	6.538476380E-2
1.336666667E1	5.988369609E-2	3.068324571E-2	9.615441773E-3	7.850647057E-3	1.241327433E-2
1.340000000E1	5.978956979E-2	3.045641847E-2	1.728017755E-2	-1.217395954E-1	1.229598863E-1
1.343333333E1	6.103570793E-2	2.256727268E-2	-7.579282181E-5	2.091512323E-4	2.224607601E-4
1.346666667E1	5.978451694E-2	3.047036188E-2	-3.074429330E-2	1.078708118E-1	1.121664995E-1
1.350000000E1	5.898608838E-2	2.975866013E-2	-2.293131750E-2	-2.856456266E-2	3.663030934E-2
1.353333333E1	5.825576244E-2	2.856605771E-2	-5.175366588E-3	-7.502168528E-3	9.114107304E-3
1.356666667E1	5.864106394E-2	2.925851557E-2	5.583155533E-3	1.092854722E-2	1.227211351E-2
1.360000000E1	5.862797280E-2	2.929462752E-2	-3.121483027E-4	6.612166917E-4	7.311935970E-4
1.363333333E1	5.862025405E-2	2.930259668E-2	2.803011399E-2	3.033870399E-2	4.130525693E-2
1.366666667E1	6.049664707E-2	3.131720779E-2	-9.772560735E-3	-6.541785642E-2	6.614377432E-2
1.370000000E1	5.796875000E-2	2.494140625E-2	-3.286474512E-2	-7.794903477E-2	8.459399207E-2
1.373333333E1	5.830566406E-2	2.612060547E-2	-2.526855469E-3	2.526855469E-3	3.573513274E-3
1.376666667E1	5.780029297E-2	2.510986328E-2	-2.003967281E-2	-6.317138672E-2	6.627376997E-2
1.380000000E1	5.696968588E-2	2.190917969E-2			
1.383333333E1		2.058064559E-2		-1.286565358E-1	
1.386666667E1	4.904240508E-2	1.333207730E-2			
1.390000000E1	5.048241343E-2	9.510742188E-3	1.881046056E-2	-9.965256284E-2	1.014123597E-1
1.393333333E1	5.029643578E-2	6.688573113E-3	-2.267547366E-2	-5.943238651E-2	6.361120713E-2
1.396666667E1	4.897071518E-2	5.548583087E-3	-4.898747677E-2	-1.231464259E-2	5.051161552E-2
1.400000000E1	4.703060400E-2	5.867596940E-3	-7.073154495E-2	2.662201258E-2	7.557567733E-2
1.403333333E1	4.425527885E-2	7.323383926E-3	-5.705012604E-2	4.766575914E-2	7.434205724E-2
1.406666667E1	4.322726226E-2	9.045314216E-3	-1.243353994E-2	6.036591547E-2	6.163308094E-2
1.410000000E1	4.342637619E-2	1.134777829E-2	1.650609645E-2	1.101479975E-1	1.113778819E-1
1.413333333E1	4.432766869E-2	1.638851405E-2	6.153574783E-2	1.410137257E-1	1.538555137E-1
1.416666667E1	4.752875938E-2	2.074869334E-2	1.118929836E-1	1.069127368E-1	1.547590807E-1
1.420000000E1	5.178720093E-2	2.351602983E-2	1.010947633E-1	5.465780642E-2	1.149244403E-1
1.423333333E1	5.426841027E-2	2.439254710E-2	5.861708167E-2	2.103771702E-3	5.865482179E-2
1.426666667E1	5.569500638E-2	2.365628128E-2	1.771401086E-2	-4.240806472E-2	4.595900493E-2
1.430000000E1	5.544934432E-2	2.156534279E-2	-3.666619631E-2	-7.405476248E-2	8.263484615E-2
1.433333333E1	5.325059329E-2	1.871929711E-2	-8.808415978E-2	-9.352382350E-2	1.284738291E-1
1.436666667E1	4.957706701E-2	1.533042122E-2	-1.099757115E-1	-1.043110760E-1	1.515765737E-1
1.440000000E1	4.591887919E-2	1.176522538E-2	-8.304292069E-2	-1.293899519E-1	1.537461750E-1
1.443333333E1	4.404087229E-2	6.704424428E-3	-4.103859756E-2	-9.866939247E-2	1.068635368E-1
1.446666667E1	4.318297269E-2	5.187265883E-3	-1.102435079E-2	9.458521732E-3	1.452583710E-2
1.450000000E1	4.330591557E-2	7.334992544E-3	2.452164933E-2	4.172047869E-2	4.839328081E-2
1.453333333E1	4.481774931E-2	7.968631129E-3	6.555713980E-2	2.939387613E-2	7.184524015E-2
1.456666667E1	4.767639156E-2	9.294584285E-3	7.536021486E-2	5.516605140E-2	9.339408552E-2
1.460000000E1	4.984176364E-2	1.164636789E-2	4.953805147E-2	8.625234767E-2	9.946600436E-2
1.463333333E1	5.097892833E-2	1.504474080E-2	2.467377866E-2	1.135601061E-1	1.162096943E-1
1.466666667E1	5.148668221E-2	1.921704163E-2	7.289999247E-3	1.182419813E-1	1.184664941E-1
1.470000000E1	5.146492828E-2	2.292753955E-2	-1.447050118E-2	8.129537545E-2	8.257320070E-2
1.473333333E1	5.052198214E-2	2.463673333E-2	-2.053036324E-2	2.170714653E-2	2.987801910E-2
1.476666667E1	5.009623739E-2	2.437468265E-2	-1.445588254E-3	-3.514166016E-2	3.517138047E-2
1.480000000E1	5.042560959E-2	2.229395598E-2	1.223645427E-2	-7.848632083E-2	7.943445959E-2
1.483333333E1	5.091200101E-2	1.914226126E-2	1.285126411E-2	-9.350575486E-2	9.438475079E-2
1.486666667E1	5.128236053E-2	1.606023899E-2	8.986393293E-3	-9.775957729E-2	9.817173838E-2
1.490000000E1	5.151109390E-2	1.262495611E-2	1.723200591E-2	-7.663898367E-2	7.855237645E-2
1.493333333E1	5.243116092E-2	1.095097341E-2	2.548701052E-2	-4.306103787E-2	5.003839214E-2
1.496666667E1	5.321022793E-2	9.754220254E-3	5.270740364E-3	-2.785315690E-2	2.834746996E-2
1.500000000E1	5.278254361E-2	9.094096288E-3	-3.430479192E-2	7.827081236E-4	3.431372001E-2
1.503333333E1	5.092324180E-2	9.806400795E-3	-6.880259037E-2	4.358809466E-2	8.144764231E-2
1.506666667E1	4.819570425E-2	1.199996926E-2	-8.123479165E-2	7.815336921E-2	1.127255095E-1
1.510000000E1	4.550758903E-2	1.501662541E-2	-7.099150198E-2	8.850019576E-2	1.134551806E-1
1.513333333E1	4.346293745E-2	1.789998232E-2	-3.113526476E-2	8.001079302E-2	8.585529519E-2
1.516666667E1	4.343190471E-2	2.035067828E-2	2.627273466E-2	6.210063192E-2	6.742955637E-2
1.520000000E1	4.521445310E-2	2.204002444E-2	8.026430751E-2	3.318694411E-2	8.685466204E-2
1.523333333E1	4.878285854E-2	2.256314122E-2	1.177335046E-1	-5.221203712E-3	1.178492217E-1
1.526666667E1	5.306335340E-2	2.169194420E-2	1.149172611E-1	-4.253720738E-2	1.225373042E-1
1.530000000E1	5.644400928E-2	1.972732739E-2	7.589040512E-2	-6.641329751E-2	1.008468129E-1
1.533333333E1	5.812271374E-2	1.726439103E-2	1.396894348E-2	-7.321778350E-2	7.453841428E-2
1.536666667E1	5.737527218E-2	1.484614183E-2	-5.314211858E-2	-6.911089721E-2	8.718027805E-2
1.540000000E1	5.457990584E-2	1.265699788E-2	-1.006276718E-1	-5.984889446E-2	1.170803933E-1
1.543333333E1	5.066676073E-2	1.085621553E-2	-9.754852445E-2	-3.381222659E-2	1.032423425E-1
1.546666667E1	4.807667087E-2	1.040284944E-2	-7.371527307E-2	7.762888113E-3	7.412289738E-2
1.550000000E1	4.575240919E-2	1.137374140E-2	-5.011003006E-2	4.121716201E-2	6.488350759E-2
1.553333333E1	4.473600220E-2	1.315066024E-2	3.574496888E-4	5.958241166E-2	5.958348387E-2
1.556666667E1	4.577623917E-2	1.534590218E-2	4.100767399E-2	5.401420110E-2	6.781713092E-2
1.560000000E1	4.746984714E-2	1.675160698E-2	4.909027237E-2	4.061033304E-2	6.371070546E-2
1.563333333E1	4.904892400E-2	1.805325772E-2	4.654040283E-2	4.101596730E-2	6.203481820E-2
1.566666667E1	5.057254066E-2	1.948600480E-2	4.529189694E-2	4.674173703E-2	6.508568129E-2
1.570000000E1	5.206838379E-2	2.116937352E-2	3.566954385E-2	4.083450235E-2	5.421967301E-2
1.573333333E1	5.295051025E-2	2.220830496E-2	1.592622176E-2	1.456076577E-2	2.157916679E-2
1.576666667E1	5.313013191E-2	2.214009124E-2	-1.234288228E-2	-3.056732585E-2	3.296525675E-2
1.580000000E1	5.212765143E-2	2.017048324E-2	-3.160632734E-2	-7.994456571E-2	8.596565311E-2
1.583333333E1	5.102304342E-2	1.681045352E-2	-1.058826027E-2	-9.223310338E-2	9.283887448E-2
1.586666667E1	5.142176741E-2	1.402160968E-2	8.925239266E-3	-6.856942592E-2	6.914785656E-2
1.590000000E1	5.161805937E-2	1.223915846E-2	2.890286947E-3	-3.277229835E-2	3.289950300E-2
1.593333333E1	5.161445321E-2	1.183678979E-2	6.916921526E-3	-4.030080420E-3	8.005332697E-3
1.596666667E1	5.207918747E-2	1.197048643E-2	2.957163708E-2	2.263383536E-2	3.723939074E-2
1.600000000E1	5.358589568E-2	1.334571214E-2	2.218379635E-2	3.627545203E-2	4.252092709E-2
1.603333333E1	5.355810723E-2	1.438884990E-2	-2.518566777E-2	4.135511099E-2	4.842068841E-2
1.606666667E1	5.190685116E-2	1.610271954E-2	-5.637770779E-2	6.009519739E-2	8.240072018E-2
1.610000000E1	4.979959338E-2	1.839519639E-2	-6.431435625E-2	6.972822582E-2	9.485969584E-2
1.613333333E1	4.761922741E-2	2.075126793E-2	-5.431796357E-2	5.945862473E-2	8.053427358E-2
1.616666667E1	4.617839581E-2	2.235910471E-2	-2.706411349E-2	3.198746330E-2	4.190064495E-2
1.620000000E1	4.581495318E-2	2.288376548E-2	5.604578971E-3	-1.517506001E-2	1.617695125E-2
1.623333333E1	4.655203441E-2	2.134743404E-2	4.542676215E-2	-6.001904068E-2	7.527201315E-2
1.626666667E1	4.884340399E-2	1.888249611E-2	8.034390526E-2	-7.719499500E-2	1.114190754E-1
1.630000000E1	5.190829476E-2	1.620110104E-2	8.970898404E-2	-7.675241214E-2	1.180619947E-1
1.633333333E1	5.482400293E-2	1.376566863E-2	7.367924677E-2	-6.325766420E-2	9.710902885E-2
1.636666667E1	5.682024454E-2	1.198392343E-2	3.532703727E-2	-3.906091573E-2	5.266644757E-2
1.640000000E1	5.717913874E-2	1.116160758E-2	-1.498815895E-2	-1.562722095E-2	2.165305853E-2
1.643333333E1	5.582103394E-2	1.094210870E-2	-5.865008994E-2	9.621483487E-3	5.943404743E-2
1.646666667E1	5.326913275E-2	1.180303981E-2	-8.119717832E-2	4.270794194E-2	9.174393752E-2
1.650000000E1	5.040788872E-2	1.378930483E-2	-7.622818992E-2	7.036185290E-2	1.037377814E-1
1.653333333E1	4.818725342E-2	1.649383001E-2	-4.878362256E-2	8.453005950E-2	9.759699170E-2
1.656666667E1	4.715564722E-2	1.942464213E-2	-1.926041434E-2	7.390407950E-2	7.637261635E-2
1.660000000E1	4.690322580E-2	2.142076864E-2	-3.156836303E-2	6.984982066E-2	7.665219495E-2
1.663333333E1	4.505108968E-2	2.408129684E-2	2.876600615E-2	1.984815019E-3	2.883439961E-2
1.666666667E1	4.882095954E-2	2.155308964E-2	7.970199675E-2	-5.731342110E-2	9.816942764E-2
1.670000000E1	5.036455613E-2	2.026040210E-2	-1.757146757E-3	5.315928728E-2	5.318832004E-2
1.673333333E1	4.870381642E-2	2.509704213E-2	-3.164756144E-4	1.452945231E-2	1.453289859E-2
1.676666667E1	5.034345776E-2	2.122903225E-2	3.183533178E-2	-1.074517257E-1	1.120685580E-1
1.680000000E1	5.082617188E-2	1.793359375E-2	2.945378402E-2	-1.044431892E-1	1.085168428E-1
1.683333333E1	5.230704336E-2	1.426615297E-2	8.692181346E-3	-8.130059363E-2	8.176393178E-2
1.686666667E1	5.140565063E-2	1.251355417E-2	-8.279841893E-3	-3.760055100E-2	3.850139241E-2
1.690000000E1	5.175505390E-2	1.175944957E-2	5.937694037E-3	5.653988690E-3	8.199012049E-3
1.693333333E1	5.180149690E-2	1.289048675E-2	5.426400104E-3	3.888959623E-2	3.926635345E-2
1.696666667E1	5.211681391E-2	1.435208932E-2	2.494971289E-2	6.564702440E-2	7.022834176E-2
1.700000000E1	5.346481109E-2	1.726695505E-2	3.496833365E-2	7.320152141E-2	8.112488579E-2
1.703333333E1	5.444803615E-2	1.923219075E-2	-4.134956838E-2	9.827382133E-2	1.066186230E-1
1.706666667E1	5.070817320E-2	2.381854314E-2	-9.061718382E-2	1.226753574E-1	1.525146462E-1
1.710000000E1	4.840689056E-2	2.741054790E-2	-5.713028045E-2	4.063019501E-2	7.010479078E-2
1.713333333E1	4.689948784E-2	2.652722280E-2	6.282001992E-3	-1.012348809E-1	1.014296044E-1
1.716666667E1	4.882569070E-2	2.066155585E-2	-1.032415227E-2	-1.852232601E-1	1.855107657E-1
1.720000000E1	4.621121102E-2	1.417900547E-2	-2.789830081E-2	-1.082564862E-1	1.117934792E-1
1.723333333E1	4.696580397E-2	1.344445676E-2	9.874136701E-2	-9.267983555E-2	1.354230759E-1
1.726666667E1	5.279396882E-2	8.000349762E-3	1.734500862E-1	-4.344864206E-2	1.788091633E-1
1.730000000E1	5.852914305E-2	1.054788063E-2	1.183916171E-1	2.673093120E-2	1.213718159E-1
1.733333333E1	6.068674330E-2	9.782411842E-3	5.809290018E-2	-2.266416633E-2	6.235743330E-2
1.736666667E1	6.240200307E-2	9.036936205E-3	6.732319262E-2	-1.844920514E-2	6.980533958E-2
1.740000000E1	6.517495614E-2	8.552464833E-3	4.256004230E-3	-5.517499882E-2	5.533890193E-2
1.743333333E1	6.268573668E-2	5.358602950E-3	-4.999790696E-2	-1.943564984E-2	5.364266199E-2
1.746666667E1	6.184176234E-2	7.256754843E-3	-2.151738547E-2	5.869016190E-2	6.251026301E-2
1.750000000E1	6.125124432E-2	9.271280411E-3	-3.126526198E-2	1.067380617E-1	1.112228863E-1
1.753333333E1	5.975741154E-2	1.437262563E-2	-1.465293285E-1	1.193575564E-1	1.889896039E-1
1.756666667E1	5.148262241E-2	1.722845084E-2	-1.481547315E-1	4.920343915E-2	1.561115078E-1
1.760000000E1	4.988042944E-2	1.765285490E-2	-3.900986643E-2	-1.059828725E-2	4.042392078E-2
1.763333333E1	4.888196465E-2	1.652189835E-2	-4.274395775E-2	4.785544996E-4	4.274663658E-2
1.766666667E1	4.703083226E-2	1.768475854E-2	-3.366799540E-2	7.604865159E-2	8.316809078E-2
1.770000000E1	4.663743163E-2	2.159180846E-2	2.419780750E-2	7.510048693E-2	7.890257933E-2
1.773333333E1	4.864401943E-2	2.269145766E-2	4.199794255E-2	-8.025686738E-2	9.058141057E-2
1.776666667E1	4.943729446E-2	1.624135063E-2	1.134025094E-1	-2.347884211E-1	2.607407367E-1
1.780000000E1	5.620418672E-2	7.038896259E-3	1.582206327E-1	-1.314333055E-1	2.056902584E-1
1.783333333E1	5.998533664E-2	7.479130269E-3	1.045896037E-1	4.858740738E-2	1.153244179E-1
1.786666667E1	6.317682696E-2	1.027805675E-2	5.124182856E-2	9.394606455E-2	1.070120930E-1
1.790000000E1	6.340145855E-2	1.374220124E-2	-1.255755260E-2	8.648296638E-2	8.738990560E-2
1.793333333E1	6.233965679E-2	1.604358784E-2	-5.693693714E-2	-1.229296014E-2	5.824887707E-2
1.796666667E1	5.960566274E-2	1.292267056E-2	-4.068700501E-2	1.997442312E-2	4.532559934E-2
1.800000000E1	5.962718979E-2	1.737521605E-2	-5.921213413E-2	6.050336070E-2	8.465656197E-2
1.803333333E1	5.565818713E-2	1.695622794E-2	-7.528578761E-2	1.434023370E-2	7.663936403E-2
1.806666667E1	5.460813728E-2	1.833123163E-2	-7.056263671E-2	1.415086316E-1	1.581258313E-1
1.810000000E1	5.095401135E-2	2.639013672E-2	-8.697206440E-2	1.083592107E-1	1.389455236E-1
1.813333333E1	4.880999966E-2	2.555517901E-2	-5.120769842E-2	-1.064594273E-1	1.181348299E-1
1.816666667E1	4.754016479E-2	1.929284157E-2	3.179435685E-2	-2.364161312E-1	2.385444785E-1
1.820000000E1	5.092962345E-2	9.794103601E-3	9.183195022E-2	-1.615141299E-1	1.857953747E-1
1.823333333E1	5.366229480E-2	8.525232903E-3	6.184043644E-2	-2.401193827E-2	6.633862192E-2
1.826666667E1	5.505231921E-2	8.193307716E-3	-5.819687813E-2	-1.083118888E-2	5.919620999E-2
1.830000000E1	4.978250293E-2	7.803153644E-3	2.939731892E-2	-2.599889635E-2	3.924468079E-2
1.833333333E1	5.701214047E-2	6.460047960E-3	2.951172954E-3	2.686179996E-2	2.702342908E-2
1.836666667E1	4.997924779E-2	9.593940309E-3	-4.525533232E-2	9.759276248E-2	1.075750547E-1
1.840000000E1	5.399511831E-2	1.296623213E-2	2.660626213E-1	9.156379026E-2	2.813774087E-1
1.843333333E1	6.771675588E-2	1.569819299E-2	2.288623488E-1	5.738561803E-2	2.359472056E-1
1.846666667E1	6.925260823E-2	1.679193999E-2	2.257112189E-2	5.325528822E-2	5.784099988E-2
1.850000000E1	6.922149734E-2	1.924854554E-2	-1.353162008E-1		
1.853333333E1	6.023152818E-2		-3.051406748E-1		
1.856666667E1	4.887878568E-2	2.205466102E-2	-2.004336088E-1		
1.860000000E1	4.686928760E-2	2.104276126E-2	-5.423888993E-2	-4.227678631E-2	6.876906166E-2
1.863333333E1	4.526285969E-2	1.923620860E-2	-2.700747012E-2	-6.017885582E-2	6.596133815E-2
1.866666667E1	4.506878959E-2	1.703083754E-2	7.795816130E-3	-7.060762107E-2	7.103668702E-2
1.870000000E1	4.578258076E-2	1.452903386E-2	3.493789576E-2	-7.609813694E-2	8.373519574E-2
1.873333333E1	4.739798264E-2	1.195762841E-2	4.542776307E-2	-6.361007563E-2	7.816599887E-2
1.876666667E1	4.881109830E-2	1.028836215E-2	3.269377349E-2	-3.541474946E-2	4.819841599E-2
1.880000000E1	4.957756754E-2	9.596645109E-3	1.360674777E-2	-2.539480907E-3	1.384169600E-2
1.883333333E1	4.971821482E-2	1.011906342E-2	-1.011517327E-2	3.018265550E-2	3.183252147E-2
1.886666667E1	4.890322265E-2	1.160882214E-2	-2.299070411E-2	5.048682829E-2	5.547515035E-2
1.890000000E1	4.818550121E-2	1.348485198E-2	-2.687182732E-3	7.055685802E-2	7.060801063E-2
1.893333333E1	4.872407714E-2	1.631261268E-2	1.532885072E-2	8.333888300E-2	8.473690509E-2
1.896666667E1	4.920742459E-2	1.904077751E-2	1.435179999E-2	7.573254203E-2	7.708042608E-2
1.900000000E1	4.968086380E-2	2.136144881E-2	2.076693469E-2	5.312849239E-2	5.704298625E-2
1.903333333E1	5.059188690E-2	2.258267700E-2	3.327409062E-2	1.828134733E-2	3.796541540E-2
1.906666667E1	5.189913651E-2	2.258020530E-2	3.047396222E-2	-2.290494220E-2	3.812215564E-2
1.910000000E1	5.262348439E-2	2.105568085E-2	1.154730458E-3	-6.339048080E-2	6.340099730E-2
1.913333333E1	5.197611854E-2	1.835417325E-2	-2.652501371E-2	-8.316903730E-2	8.729642099E-2
1.916666667E1	5.085515014E-2	1.551107837E-2	-4.149690036E-2	-8.058539497E-2	9.064214594E-2
1.920000000E1	4.920965852E-2	1.298181358E-2	-5.789642074E-2	-6.557547186E-2	8.747649995E-2
1.923333333E1	4.699538876E-2	1.113938024E-2	-5.716150204E-2	-4.014249068E-2	6.984881440E-2
1.926666667E1	4.539889172E-2	1.030564754E-2	-3.838856804E-2	-1.554524788E-2	4.141662575E-2
1.930000000E1	4.443615089E-2	1.010303038E-2	-1.259484838E-2	7.044844993E-3	1.443121778E-2
1.933333333E1	4.455923516E-2	1.077530387E-2	1.974651823E-2	3.303327396E-2	3.848535008E-2
1.936666667E1	4.575258543E-2	1.230524865E-2	4.409208473E-2	5.119802175E-2	6.756736910E-2
1.940000000E1	4.749870747E-2	1.418850532E-2	6.056846933E-2	6.540790474E-2	8.914445289E-2
1.943333333E1	4.979048339E-2	1.666577563E-2	6.948866187E-2	7.721233471E-2	1.038769405E-1
1.946666667E1	5.213128493E-2	1.933599430E-2	5.267323891E-2	7.171086665E-2	8.897706723E-2
1.950000000E1	5.330203265E-2	2.144650007E-2	2.057110586E-2	4.876974599E-2	5.293069544E-2
1.953333333E1	5.350269199E-2	2.258731070E-2	-1.491059310E-2	1.187473834E-2	1.906135350E-2
1.956666667E1	5.230799311E-2	2.223814930E-2	-4.425668013E-2	-3.056816734E-2	5.378723445E-2
1.960000000E1	5.055224665E-2	2.054943288E-2	-5.541598253E-2	-6.672501786E-2	8.673614661E-2
1.963333333E1	4.861359428E-2	1.778981477E-2	-4.021034422E-2	-7.983494661E-2	8.938954348E-2
1.966666667E1	4.787155703E-2	1.522710310E-2	-1.739691482E-2	-7.197265028E-2	7.404535795E-2
1.970000000E1	4.745379995E-2	1.299163809E-2	-1.488439382E-3	-5.611632621E-2	5.613606256E-2
1.973333333E1	4.777232774E-2	1.148601469E-2	1.843088500E-2	-3.802190962E-2	4.225355764E-2
1.976666667E1	4.868252562E-2	1.045684411E-2	2.870286154E-2	-1.542613174E-2	3.258557658E-2
1.980000000E1	4.968585184E-2	1.045760591E-2	1.349627822E-2	1.219290312E-2	1.818835925E-2
1.983333333E1	4.958227750E-2	1.126970432E-2	-1.001047573E-2	4.078588418E-2	4.199640429E-2
1.986666667E1	4.901848679E-2	1.317666485E-2	-1.791729784E-2	6.853454811E-2	7.083794073E-2
1.990000000E1	4.838779098E-2	1.583867419E-2	-2.136095079E-2	8.031987106E-2	8.311180364E-2
1.993333333E1	4.759442341E-2	1.853132292E-2	-1.470576509E-2	7.048173772E-2	7.199954777E-2
1.996666667E1	4.740740664E-2	2.053745671E-2	9.454569908E-3	4.826955238E-2	4.918677240E-2
2.000000000E1	4.822472807E-2	2.174929308E-2	3.155724073E-2	2.061003120E-2	3.769128319E-2
2.003333333E1	4.951122269E-2	2.191145879E-2	4.175274320E-2	-1.461308828E-2	4.423611550E-2
2.006666667E1	5.100824428E-2	2.077508720E-2	4.110934016E-2	-4.554345704E-2	6.135294881E-2
2.010000000E1	5.225184537E-2	1.887522832E-2	2.547343091E-2	-6.611651260E-2	7.085399721E-2
2.013333333E1	5.270647301E-2	1.636731969E-2	1.228305352E-3	-7.281890188E-2	7.282926064E-2
2.016666667E1	5.233373239E-2	1.402063486E-2	-2.168051345E-2	-6.405766510E-2	6.762713303E-2
2.020000000E1	5.126110545E-2	1.209680868E-2	-4.787677814E-2	-4.563722552E-2	6.614334614E-2
2.023333333E1	4.914194718E-2	1.097815316E-2	-5.858233658E-2	-1.752201755E-2	6.114663734E-2
2.026666667E1	4.735561634E-2	1.092867418E-2	-5.039653225E-2	9.881632031E-3	5.135617893E-2
2.030000000E1	4.578217836E-2	1.163692863E-2	-3.735572743E-2	3.090204088E-2	4.848078487E-2
2.033333333E1	4.486523451E-2	1.298881024E-2	-1.381735780E-2	4.810872155E-2	5.005365586E-2
2.036666667E1	4.486102118E-2	1.484417673E-2	1.793496187E-2	6.011237795E-2	6.273086035E-2
2.040000000E1	4.606089864E-2	1.699630210E-2	4.053201649E-2	6.047018033E-2	7.279757599E-2
2.043333333E1	4.756315561E-2	1.887552209E-2	4.590608344E-2	4.835283889E-2	6.667357442E-2
2.046666667E1	4.912130420E-2	2.021982470E-2	5.005172633E-2	3.297485752E-2	5.993760537E-2
2.050000000E1	5.089993736E-2	2.107384592E-2	4.634224640E-2	1.279858161E-2	4.807709946E-2
2.053333333E1	5.221078729E-2	2.107306347E-2	2.586988572E-2	-1.550622789E-2	3.016113544E-2
2.056666667E1	5.262459641E-2	2.004009740E-2	-9.352111563E-3	-4.785386690E-2	4.875914855E-2
2.060000000E1	5.158731319E-2	1.788280568E-2	-2.805685189E-2	-6.537341078E-2	7.113979038E-2
2.063333333E1	5.075413962E-2	1.568187001E-2	-1.749410421E-2	-6.538137774E-2	6.768137290E-2
2.066666667E1	5.042103957E-2	1.352404716E-2	-1.721956412E-2	-5.218767163E-2	5.495513132E-2
2.070000000E1	4.960616868E-2	1.220269190E-2	-2.473247244E-2	-2.338686973E-2	3.403881415E-2
2.073333333E1	4.877220808E-2	1.196492251E-2	-8.202781055E-3	3.804363707E-3	9.042057302E-3
2.076666667E1	4.905931661E-2	1.245631615E-2	9.645745246E-3	1.959652881E-2	2.184180264E-2
2.080000000E1	4.941525776E-2	1.327135777E-2	7.487066205E-3	3.262309287E-2	3.347121672E-2
2.083333333E1	4.955845436E-2	1.463118901E-2	-6.371362792E-3	4.431600375E-2	4.477167020E-2
2.086666667E1	4.899050024E-2	1.622575802E-2	-1.852280604E-2	5.613387187E-2	5.911096273E-2
2.090000000E1	4.832360062E-2	1.837344713E-2	-1.465549089E-2	6.244222135E-2	6.413902416E-2
2.093333333E1	4.801346752E-2	2.038857277E-2	-4.623245946E-3	4.587311062E-2	4.610549513E-2
2.096666667E1	4.801538422E-2	2.143165451E-2	2.147381883E-3	1.484016209E-2	1.499472107E-2
2.100000000E1	4.815662631E-2	2.137791691E-2	1.487743053E-2	-2.065860999E-2	2.545812456E-2
2.103333333E1	4.900721293E-2	2.005441384E-2	3.350928867E-2	-5.050436464E-2	6.060992720E-2
2.106666667E1	5.039057889E-2	1.801095927E-2	3.846748644E-2	-6.529313617E-2	7.578219543E-2
2.110000000E1	5.157171202E-2	1.570153810E-2	3.326696328E-2	-6.276039902E-2	7.103209508E-2
2.113333333E1	5.260837644E-2	1.382693267E-2	2.294540028E-2	-4.842698705E-2	5.358791345E-2
2.116666667E1	5.310140537E-2	1.247307229E-2	2.331507263E-3	-2.843822657E-2	2.853364078E-2
2.120000000E1	5.276381026E-2	1.193105090E-2	-2.407547033E-2	-4.620784197E-3	2.451489176E-2
2.123333333E1	5.149637402E-2	1.216502001E-2	-4.587968530E-2	1.844827531E-2	4.944981684E-2
2.126666667E1	4.970516457E-2	1.316093592E-2	-4.977799718E-2	3.999857619E-2	6.385714604E-2
2.130000000E1	4.817784087E-2	1.483159176E-2	-4.355976247E-2	5.504467345E-2	7.019522051E-2
2.133333333E1	4.680118040E-2	1.683058081E-2	-2.850408711E-2	5.854066557E-2	6.511138539E-2
2.136666667E1	4.627756840E-2	1.873430280E-2	-4.132038992E-3	4.828531353E-2	4.846179164E-2
2.140000000E1	4.652571114E-2	2.004960172E-2	1.551134993E-2	2.783475661E-2	3.186495963E-2
2.143333333E1	4.731165839E-2	2.058995324E-2	2.953037867E-2	3.318741734E-3	2.971628024E-2
2.146666667E1	4.849440305E-2	2.027085117E-2	4.603926634E-2	-1.608123902E-2	4.876700005E-2
2.150000000E1	5.038094282E-2	1.951787064E-2	4.594517075E-2	-3.037166277E-2	5.507627997E-2
2.153333333E1	5.155741443E-2	1.824607365E-2	2.589826559E-2	-4.285021599E-2	5.006856470E-2
2.156666667E1	5.210749386E-2	1.666118957E-2	5.151674476E-3	-4.857272352E-2	4.884515554E-2
2.160000000E1	5.190085940E-2	1.500789208E-2	-1.403674779E-2	-4.797632527E-2	4.998757921E-2
2.163333333E1	5.117171067E-2	1.346276789E-2	-1.153324414E-2	-4.031334981E-2	4.193067962E-2
2.166666667E1	5.113197646E-2	1.232033542E-2	-6.643325706E-3	-1.362089210E-2	1.515461903E-2
2.170000000E1	5.072882229E-2	1.255470841E-2	-1.539775032E-2	2.045824216E-2	2.560528045E-2
2.173333333E1	5.010545977E-2	1.368421824E-2	-5.788757602E-3	4.202446063E-2	4.242128010E-2
2.176666667E1	5.034290512E-2	1.535633912E-2	6.094988474E-3	5.002695115E-2	5.039687219E-2
2.180000000E1	5.051179233E-2	1.701934831E-2	-7.079058599E-4	4.502643334E-2	4.503199784E-2
2.183333333E1	5.029571139E-2	1.835810134E-2	-1.074075912E-2	3.493108850E-2	3.654510706E-2
2.186666667E1	4.979574172E-2	1.934808755E-2	-1.882482252E-2	2.557631374E-2	3.175723173E-2
2.190000000E1	4.904072322E-2	2.006318893E-2	-2.132097456E-2	1.511066791E-2	2.613266616E-2
2.193333333E1	4.837434342E-2	2.035546541E-2	-1.546316835E-2	-1.946994508E-3	1.558526109E-2
2.196666667E1	4.800984533E-2	1.993338929E-2	-5.337178697E-3	-2.388398053E-2	2.447304644E-2
2.200000000E1	4.801853151E-2	1.876320004E-2	3.689009662E-3	-4.436198543E-2	4.451510467E-2
2.203333333E1	4.825577931E-2	1.697592360E-2	1.631133085E-2	-5.875469367E-2	6.097682792E-2
2.206666667E1	4.910595356E-2	1.484622046E-2	3.238557396E-2	-5.710974919E-2	6.565324709E-2
2.210000000E1	5.041481758E-2	1.316860698E-2	4.108558805E-2	-3.817590443E-2	5.608409065E-2
2.213333333E1	5.184499277E-2	1.230116016E-2	3.951637164E-2	-1.095649970E-2	4.100717636E-2
2.216666667E1	5.304924235E-2	1.243817367E-2	2.530338294E-2	1.269407728E-2	2.830902305E-2
2.220000000E1	5.353188496E-2	1.314743198E-2	2.402926029E-4	3.122393461E-2	3.122485921E-2
2.223333333E1	5.306526186E-2	1.451976931E-2	-2.612033587E-2	4.742950604E-2	5.414637559E-2
2.226666667E1	5.179052924E-2	1.630939905E-2	-4.570863677E-2	5.594321654E-2	7.224211343E-2
2.230000000E1	5.001801941E-2	1.824931708E-2	-4.855487373E-2	5.365604197E-2	7.236398692E-2
2.233333333E1	4.855353766E-2	1.988646852E-2	-4.172112969E-2	3.754674173E-2	5.612851750E-2
2.236666667E1	4.723661076E-2	2.075243320E-2	-2.452754000E-2	1.267459364E-2	2.760879466E-2
2.240000000E1	4.691836832E-2	2.073144143E-2	-1.460165354E-4	-1.534952317E-2	1.535021767E-2
2.243333333E1	4.722687633E-2	1.972913165E-2	1.906773272E-2	-3.841042907E-2	4.288285779E-2
2.246666667E1	4.818955050E-2	1.817074615E-2	3.144351072E-2	-5.062568834E-2	5.959576064E-2
2.250000000E1	4.932311037E-2	1.635408576E-2	3.058154898E-2	-5.217930864E-2	6.048066954E-2
2.253333333E1	5.022832044E-2	1.469212558E-2	2.610011937E-2	-4.068175542E-2	4.833447481E-2
2.256666667E1	5.106311833E-2	1.364196873E-2	1.248203229E-2	-2.800815150E-2	3.066362145E-2
2.260000000E1	5.106045592E-2	1.282491548E-2	-3.721422863E-6	-1.455751450E-2	1.455751497E-2
2.263333333E1	5.106287024E-2	1.267146777E-2	-2.337238144E-3	3.104255166E-3	3.885753759E-3
2.266666667E1	5.090464005E-2	1.303186582E-2	-2.126600434E-3	2.534347075E-2	2.543253702E-2
2.270000000E1	5.092109687E-2	1.436103249E-2	-3.697387370E-4	5.068068256E-2	5.068203125E-2
2.273333333E1	5.087999080E-2	1.641057799E-2	4.866028120E-3	6.052366076E-2	6.071895702E-2
2.276666667E1	5.124549875E-2	1.839594320E-2	4.891563705E-3	5.470997450E-2	5.492821411E-2
2.280000000E1	5.120609504E-2	2.005790963E-2	-4.933695435E-3	3.463436212E-2	3.498400192E-2
2.283333333E1	5.091658572E-2	2.070490068E-2	-1.390739786E-2	6.943959649E-3	1.554459040E-2
2.286666667E1	5.027893519E-2	2.052084027E-2	-2.313313549E-2	-1.731727829E-2	2.889688711E-2
2.290000000E1	4.937437669E-2	1.955041546E-2	-2.670618068E-2	-3.526025991E-2	4.423240910E-2
2.293333333E1	4.849852314E-2	1.817015628E-2	-2.345292483E-2	-4.308924003E-2	4.905835596E-2
2.296666667E1	4.781084837E-2	1.667779946E-2	-1.723419391E-2	-4.545674773E-2	4.861412710E-2
2.300000000E1	4.734957688E-2	1.513970643E-2	-7.908442064E-3	-4.487909378E-2	4.557056632E-2
2.303333333E1	4.728361889E-2	1.368585987E-2	6.976466264E-3	-3.715586242E-2	3.780514771E-2
2.306666667E1	4.781467463E-2	1.266264893E-2	2.758768403E-2	-2.106406360E-2	3.470987015E-2
2.310000000E1	4.912279783E-2	1.228158896E-2	4.463248711E-2	1.744912458E-3	4.466658287E-2
2.313333333E1	5.079017377E-2	1.277897643E-2	4.918891280E-2	2.556682084E-2	5.543655356E-2
2.316666667E1	5.240205868E-2	1.398604369E-2	3.936085716E-2	4.335090415E-2	5.855406021E-2
2.320000000E1	5.341423092E-2	1.566903671E-2	1.969223925E-2	5.559430015E-2	5.897889873E-2
2.323333333E1	5.371487463E-2	1.769233036E-2	-5.263903410E-3	5.853342357E-2	5.876963803E-2
2.326666667E1	5.306330402E-2	1.957126495E-2	-3.275253309E-2	4.582122980E-2	5.632329468E-2
2.330000000E1	5.153137243E-2	2.074707902E-2	-4.947670872E-2	2.239240924E-2	5.430805371E-2
2.333333333E1	4.976485677E-2	2.106409223E-2	-4.544481007E-2	-7.924662981E-4	4.545171906E-2
2.336666667E1	4.850171842E-2	2.069424793E-2	-3.096186398E-2	-2.750299186E-2	4.141318127E-2
2.340000000E1	4.770073251E-2	1.923055944E-2	-1.320281280E-2	-5.234499096E-2	5.398437130E-2
2.343333333E1	4.762153090E-2	1.720458187E-2	4.085815702E-3	-6.217468587E-2	6.230879114E-2
2.346666667E1	4.797312022E-2	1.508558038E-2	1.859428313E-2	-5.817785546E-2	6.107708433E-2
2.350000000E1	4.886114978E-2	1.332605817E-2	2.553465982E-2	-4.205951483E-2	4.920387830E-2
2.353333333E1	4.967543088E-2	1.228161272E-2	1.781233865E-2	-2.006602354E-2	2.683141273E-2
2.356666667E1	5.004863902E-2	1.198832326E-2	7.777854643E-3	2.780911277E-3	8.260053897E-3
2.360000000E1	5.019395452E-2	1.246700681E-2	5.120351722E-3	2.217793111E-2	2.276134070E-2
2.363333333E1	5.038999580E-2	1.346685201E-2	6.751741257E-3	4.294323958E-2	4.347076989E-2
2.366666667E1	5.064407060E-2	1.532988945E-2	8.890706329E-3	5.857731687E-2	5.924817896E-2
2.370000000E1	5.098270956E-2	1.737200646E-2	1.329640665E-2	6.081780021E-2	6.225431111E-2
2.373333333E1	5.153049771E-2	1.938440946E-2	1.696333514E-2	5.527762850E-2	5.782188990E-2
2.376666667E1	5.211359857E-2	2.105718170E-2	1.073847336E-2	3.339299145E-2	3.507715336E-2
2.380000000E1	5.224639594E-2	2.161060889E-2	7.539458220E-4	2.619173314E-3	2.725528050E-3
2.383333333E1	5.216386162E-2	2.123179325E-2	-1.007850869E-2	-2.790267340E-2	2.966707805E-2
2.386666667E1	5.157449536E-2	1.975043066E-2	-2.411272409E-2	-5.280341528E-2	5.804846362E-2
2.390000000E1	5.055634668E-2	1.771156557E-2	-3.005854496E-2	-6.148714320E-2	6.844110537E-2
2.393333333E1	4.957059236E-2	1.565128778E-2	-3.021209337E-2	-5.823866622E-2	6.560878622E-2
2.396666667E1	4.854220712E-2	1.382898782E-2	-3.052576967E-2	-4.521874091E-2	5.455783302E-2
2.400000000E1	4.753554105E-2	1.263670506E-2	-2.060748235E-2	-2.779099444E-2	3.459779907E-2
2.403333333E1	4.716837497E-2	1.197625486E-2	-3.092725820E-3	-9.277297579E-3	9.779223045E-3
2.406666667E1	4.732935933E-2	1.201821855E-2	1.588781200E-2	1.236009166E-2	2.012944202E-2
2.410000000E1	4.822756243E-2	1.280026097E-2	3.622804275E-2	3.482722485E-2	5.025342448E-2
2.413333333E1	4.974456218E-2	1.434003354E-2	4.334097756E-2	5.062444739E-2	6.664289167E-2
2.416666667E1	5.111696094E-2	1.617522413E-2	4.266404048E-2	6.030945601E-2	7.387456148E-2
2.420000000E1	5.258883154E-2	1.836066394E-2	3.498208466E-2	6.022539885E-2	6.964800724E-2
2.423333333E1	5.344909992E-2	2.019025072E-2	1.308174702E-2	4.439432077E-2	4.628161430E-2
2.426666667E1	5.346094801E-2	2.132028533E-2	-1.099507636E-2	2.050446937E-2	2.326639139E-2
2.430000000E1	5.271609482E-2	2.155721534E-2	-3.113645745E-2	-9.259317110E-3	3.248405664E-2
2.433333333E1	5.138518418E-2	2.070299752E-2	-4.333874726E-2	-3.983227660E-2	5.886303826E-2
2.436666667E1	4.982684501E-2	1.890173023E-2	-3.835679405E-2	-5.655561201E-2	6.833579516E-2
2.440000000E1	4.882806458E-2	1.693262339E-2	-1.989654527E-2	-5.977586159E-2	6.300020748E-2
2.443333333E1	4.850040866E-2	1.491667279E-2	-1.191551441E-3	-5.517644184E-2	5.518930629E-2
2.446666667E1	4.874862782E-2	1.325419393E-2	9.843661203E-3	-4.094263979E-2	4.210935073E-2
2.450000000E1	4.915665274E-2	1.218716347E-2	1.047700607E-2	-2.228659215E-2	2.462640546E-2
2.453333333E1	4.944709489E-2	1.176842112E-2	8.318417942E-3	1.992368120E-3	8.553689717E-3
2.456666667E1	4.971121393E-2	1.231998802E-2	1.777803272E-3	2.823186108E-2	2.828778119E-2
2.460000000E1	4.956561511E-2	1.365054519E-2	-2.597993941E-3	4.772126870E-2	4.779193508E-2
2.463333333E1	4.953801434E-2	1.550140593E-2	-3.079636059E-4	6.034167636E-2	6.034246223E-2
2.466666667E1	4.954508420E-2	1.767332362E-2	7.747450683E-3	6.046783701E-2	6.096213829E-2
2.470000000E1	5.005451105E-2	1.953259506E-2	1.828267961E-2	4.856294092E-2	5.189041920E-2
2.473333333E1	5.076392951E-2	2.091085301E-2	2.579253346E-2	3.010724060E-2	3.964468084E-2
2.476666667E1	5.177401328E-2	2.153974444E-2	2.637300440E-2	3.351982011E-3	2.658516775E-2
2.480000000E1	5.252212980E-2	2.113431848E-2	1.485432288E-2	-2.732082037E-2	3.109787989E-2
2.483333333E1	5.276430147E-2	1.971835641E-2	-2.006090068E-4	-5.070806453E-2	5.070846134E-2
2.486666667E1	5.250875587E-2	1.775378084E-2	-1.478406882E-2	-6.069012989E-2	6.246487458E-2
2.490000000E1	5.177869688E-2	1.567234775E-2	-2.553757272E-2	-5.711726029E-2	6.256635713E-2
2.493333333E1	5.080625102E-2	1.394596349E-2	-3.605581217E-2	-4.438104499E-2	5.718127968E-2
2.496666667E1	4.937497607E-2	1.271361142E-2	-3.699949149E-2	-2.641507316E-2	4.546117531E-2
2.500000000E1	4.833961825E-2	1.218495861E-2	-2.547745992E-2	-3.129408471E-3	2.566893378E-2
2.503333333E1	4.767647874E-2	1.250498419E-2	-1.224669700E-2	1.924422808E-2	2.281056558E-2
2.506666667E1	4.752317178E-2	1.346790715E-2	4.741497917E-3	3.717722613E-2	3.747836637E-2
2.510000000E1	4.799257860E-2	1.498346593E-2	1.966675085E-2	4.856206522E-2	5.239327502E-2
2.513333333E1	4.883428851E-2	1.670537817E-2	3.117337019E-2	5.282877385E-2	6.134051153E-2
2.516666667E1	5.007080328E-2	1.850538419E-2	3.878568919E-2	4.985152632E-2	6.316252340E-2
2.520000000E1	5.142000112E-2	2.002881325E-2	3.722334479E-2	3.645193847E-2	5.209914794E-2
2.523333333E1	5.255235960E-2	2.093551342E-2	2.308726734E-2	1.524501352E-2	2.766644810E-2
2.526666667E1	5.295915228E-2	2.104514749E-2	5.047597270E-3	-1.049572766E-2	1.164639589E-2
2.530000000E1	5.288886609E-2	2.023579824E-2	-1.116315726E-2	-3.749886148E-2	3.912519256E-2
2.533333333E1	5.221494179E-2	1.854522339E-2	-2.339574123E-2	-5.355370375E-2	5.844108052E-2
2.536666667E1	5.132915001E-2	1.666555133E-2	-2.550054151E-2	-5.319058264E-2	5.898741983E-2
2.540000000E1	5.051490569E-2	1.499918455E-2	-2.202725505E-2	-4.611989876E-2	5.111012646E-2
2.543333333E1	4.986066634E-2	1.359089141E-2	-1.204210491E-2	-2.952392025E-2	3.188532825E-2
2.546666667E1	4.971209870E-2	1.303092320E-2	-1.750849810E-3	-8.839864920E-3	9.011586256E-3
2.550000000E1	4.974394302E-2	1.300156708E-2	1.425931013E-3	6.389682665E-3	6.546856025E-3
2.553333333E1	4.980716077E-2	1.345690204E-2	5.787795236E-4	2.373409581E-2	2.374115182E-2
2.556666667E1	4.978252832E-2	1.458384013E-2	-3.474575546E-3	4.230540171E-2	4.244784670E-2
2.560000000E1	4.957552240E-2	1.627726216E-2	-5.768970639E-3	5.382459250E-2	5.413287153E-2
2.563333333E1	4.939793027E-2	1.817214630E-2	-2.527713435E-3	5.297921710E-2	5.303948321E-2
2.566666667E1	4.940700817E-2	1.980920996E-2	4.342328635E-3	3.989357112E-2	4.012920177E-2
2.570000000E1	4.968741885E-2	2.083171771E-2	1.049772999E-2	1.639818517E-2	1.947056270E-2
2.573333333E1	5.010685683E-2	2.090242231E-2	2.255658308E-2	-8.816905233E-3	2.421853130E-2
2.576666667E1	5.119119106E-2	2.024392403E-2	3.017689031E-2	-3.002039834E-2	4.256605485E-2
2.580000000E1	5.211864952E-2	1.890106242E-2	2.326511298E-2	-4.794229284E-2	5.328910700E-2
2.583333333E1	5.274219859E-2	1.704777117E-2	1.419434395E-2	-5.140541640E-2	5.332913120E-2
2.586666667E1	5.306493912E-2	1.547403466E-2	-5.163767541E-4	-4.354283278E-2	4.354589455E-2
2.590000000E1	5.270777347E-2	1.414491565E-2	-1.764108182E-2	-2.991395148E-2	3.472826314E-2
2.593333333E1	5.188886700E-2	1.347977123E-2	-2.694712342E-2	-9.997269279E-3	2.874183108E-2
2.596666667E1	5.091129858E-2	1.347843103E-2	-3.268823350E-2	8.212184146E-3	3.370401427E-2
2.600000000E1	4.970965143E-2	1.402725017E-2	-3.262142023E-2	2.329925180E-2	4.008755658E-2
2.603333333E1	4.873653723E-2	1.503171449E-2	-2.052861637E-2	3.718248911E-2	4.247306896E-2
2.606666667E1	4.834107700E-2	1.650608278E-2	-5.556817789E-3	4.495362825E-2	4.529577151E-2
2.610000000E1	4.836608271E-2	1.802862304E-2	5.480895318E-3	4.129236330E-2	4.165452533E-2
2.613333333E1	4.870647003E-2	1.925890700E-2	1.796042940E-2	3.052987246E-2	3.542104088E-2
2.616666667E1	4.956344467E-2	2.006394787E-2	2.553241077E-2	1.492900405E-2	2.957666583E-2
2.620000000E1	5.040863074E-2	2.025417393E-2	3.142250371E-2	-4.768446906E-4	3.142612162E-2
2.623333333E1	5.165827825E-2	2.003215822E-2	2.736274082E-2	-1.825053090E-2	3.289075042E-2
2.626666667E1	5.223281346E-2	1.903747187E-2	9.300419186E-3	-3.721915826E-2	3.836357046E-2
2.630000000E1	5.227830619E-2	1.755088100E-2	-9.147810165E-4	-4.468972425E-2	4.469908587E-2
2.633333333E1	5.217182806E-2	1.605815692E-2	-1.175592044E-2	-4.471275821E-2	4.623237407E-2
2.636666667E1	5.149457816E-2	1.457003046E-2	-1.474336566E-2	-3.260813745E-2	3.578627473E-2
2.640000000E1	5.118893702E-2	1.388428109E-2	-1.050207065E-2	-1.383891162E-2	1.737264985E-2
2.643333333E1	5.079444012E-2	1.364743635E-2	-4.653109761E-3	6.335967992E-3	7.861038153E-3
2.646666667E1	5.087872970E-2	1.430667896E-2	-1.126198550E-3	2.538158675E-2	2.540655957E-2
2.650000000E1	5.071936022E-2	1.533954213E-2	-3.678021387E-3	3.316097107E-2	3.336431991E-2
2.653333333E1	5.063352828E-2	1.651741036E-2	-6.463001164E-3	3.674950303E-2	3.731348760E-2
2.656666667E1	5.028849347E-2	1.778950900E-2	-1.299400564E-2	3.677482205E-2	3.900297065E-2
2.660000000E1	4.976726123E-2	1.896906517E-2	-1.616288816E-2	3.008811222E-2	3.415455241E-2
2.663333333E1	4.921096760E-2	1.979538315E-2	-8.680166028E-3	1.957253153E-2	2.141096151E-2
2.666666667E1	4.918858350E-2	2.027390060E-2	2.670269421E-3	3.258876382E-3	4.213147761E-3
2.670000000E1	4.938898556E-2	2.001264157E-2	9.188440645E-3	-1.765702973E-2	1.990472658E-2
2.673333333E1	4.980114621E-2	1.909676529E-2	1.774964367E-2	-3.519281688E-2	3.941553260E-2
2.676666667E1	5.057229514E-2	1.766645378E-2	2.626831795E-2	-4.445057165E-2	5.163213968E-2
2.680000000E1	5.155236741E-2	1.613339385E-2	2.713725796E-2	-4.215827537E-2	5.013732095E-2
2.683333333E1	5.238144567E-2	1.485590209E-2	1.956812549E-2	-3.189534128E-2	3.741957149E-2
2.686666667E1	5.285690910E-2	1.400703776E-2	1.014616785E-2	-1.546059146E-2	1.849255554E-2
2.690000000E1	5.305785686E-2	1.382519599E-2	-1.031189094E-4	4.733304045E-3	4.734427177E-3
2.693333333E1	5.285003451E-2	1.432259136E-2	-1.460010218E-2	2.261334862E-2	2.691703028E-2
2.696666667E1	5.208451671E-2	1.533275257E-2	-2.532432870E-2	3.558129596E-2	4.367322116E-2
2.700000000E1	5.116174593E-2	1.669467776E-2	-2.780775364E-2	4.277106303E-2	5.101602684E-2
2.703333333E1	5.023066647E-2	1.818415677E-2	-2.528583818E-2	4.043012775E-2	4.768614938E-2
2.706666667E1	4.947602339E-2	1.939001961E-2	-5.657492509E-2	5.314559082E-2	7.762200701E-2
2.710000000E1	4.645900480E-2	2.172719616E-2	-6.347518511E-3	1.110148560E-2	1.278804026E-2
2.713333333E1	4.905285548E-2	2.013011865E-2	4.568165847E-2	-3.215528112E-2	5.586390628E-2
2.716666667E1	4.950444869E-2	1.958351075E-2	1.744704273E-2	-2.336662428E-2	2.916159170E-2
2.720000000E1	5.021599167E-2	1.857234370E-2	2.085013491E-2	-3.328873964E-2	3.927936243E-2
2.723333333E1	5.089445769E-2	1.736426144E-2	1.933731080E-2	-3.623229942E-2	4.106958863E-2
2.726666667E1	5.150514572E-2	1.615685707E-2	1.474771434E-2	-3.305709749E-2	3.619760728E-2
2.730000000E1	5.187763864E-2	1.516045494E-2	2.196115914E-3	-3.029855681E-2	3.037804257E-2
2.733333333E1	5.165155345E-2	1.413695328E-2	-4.474834935E-3	-1.958415922E-2	2.008888847E-2
2.736666667E1	5.157931632E-2	1.385484433E-2	3.790186925E-4	3.015080537E-3	3.038809934E-3
2.740000000E1	5.167682136E-2	1.433795865E-2	7.647639604E-3	2.379819476E-2	2.499680911E-2
2.743333333E1	5.208915896E-2	1.544139064E-2	3.370494835E-3	3.598433466E-2	3.614183970E-2
2.746666667E1	5.190152102E-2	1.673691430E-2	-3.125841293E-3	4.197103319E-2	4.208727255E-2
2.750000000E1	5.188076954E-2	1.823945952E-2	-2.091782724E-3	3.935966112E-2	3.941520618E-2
2.753333333E1	5.176206883E-2	1.936089170E-2	-1.163132959E-2	2.687395496E-2	2.928305454E-2
2.756666667E1	5.110534756E-2	2.003105652E-2	-2.259403685E-2	1.002387644E-2	2.471777903E-2
2.760000000E1	5.025579971E-2	2.002915013E-2	-1.844065958E-2	-5.005951578E-3	1.910804744E-2
2.763333333E1	4.987597026E-2	1.969732642E-2	-1.427058162E-2	-2.059666256E-2	2.505737433E-2
2.766666667E1	4.930442760E-2	1.865603930E-2	-1.061900639E-2	-3.249955062E-2	3.419040929E-2
2.770000000E1	4.916803650E-2	1.753068971E-2	7.625076534E-4	-3.679325188E-2	3.680115218E-2
2.773333333E1	4.935526145E-2	1.620315584E-2	1.034569643E-2	-3.683274530E-2	3.825813065E-2
2.776666667E1	4.985774959E-2	1.507517335E-2	2.042168388E-2	-3.023972998E-2	3.648953880E-2
2.780000000E1	5.071670704E-2	1.418717384E-2	2.593045359E-2	-1.795868568E-2	3.154208006E-2
2.783333333E1	5.158644650E-2	1.387792764E-2	2.800336217E-2	2.055478511E-4	2.800411653E-2
2.786666667E1	5.258359785E-2	1.420087703E-2	2.585586848E-2	1.881355798E-2	3.197617705E-2
2.790000000E1	5.331017106E-2	1.513216484E-2	1.289206801E-2	3.454735209E-2	3.687444853E-2
2.793333333E1	5.344306905E-2	1.650403384E-2	-3.547541259E-3	4.325897919E-2	4.340419714E-2
2.796666667E1	5.307366831E-2	1.801609679E-2	-1.837685406E-2	4.248179472E-2	4.628619284E-2
2.800000000E1	5.221794545E-2	1.933615348E-2	-2.779520401E-2	3.456914130E-2	4.435762500E-2
2.803333333E1	5.122065471E-2	2.032070621E-2	-2.713654919E-2	1.814924124E-2	3.264639735E-2
2.806666667E1	5.040884217E-2	2.054610290E-2	-2.276050893E-2	-3.618024857E-3	2.304627672E-2
2.810000000E1	4.970328745E-2	2.007950455E-2	-1.323189731E-2	-2.420848708E-2	2.758865624E-2
2.813333333E1	4.952671568E-2	1.893220376E-2	-2.040691554E-3	-3.864624607E-2	3.870008730E-2
2.816666667E1	4.956724135E-2	1.750308814E-2	5.299266960E-3	-4.426272122E-2	4.457881470E-2
2.820000000E1	4.988000014E-2	1.598135568E-2	9.859121290E-3	-4.060366057E-2	4.178348387E-2
2.823333333E1	5.022451610E-2	1.479617744E-2	1.066169083E-2	-2.959253387E-2	3.145456584E-2
2.826666667E1	5.059077953E-2	1.400852009E-2	9.802815838E-3	-1.474060419E-2	1.770255943E-2
2.830000000E1	5.087803716E-2	1.381347049E-2	6.957808387E-3	2.250890331E-3	7.312838357E-3
2.833333333E1	5.105463342E-2	1.415857944E-2	5.966666355E-3	1.720295775E-2	1.820831850E-2
2.836666667E1	5.127581491E-2	1.496033434E-2	1.084395142E-2	3.010733013E-2	3.200066577E-2
2.840000000E1	5.177756352E-2	1.616573479E-2	1.324273742E-2	4.358207067E-2	4.554961007E-2
2.843333333E1	5.215866407E-2	1.786580572E-2	1.259630455E-2	4.902353540E-2	5.061594523E-2
2.846666667E1	5.261731716E-2	1.943397048E-2	6.737536668E-3	3.809063972E-2	3.868192387E-2
2.850000000E1	5.260783319E-2	2.040518170E-2	-1.602846802E-3	2.011280371E-2	2.017657034E-2
2.853333333E1	5.251046070E-2	2.077482406E-2	-1.013951380E-2	-1.253395052E-3	1.021668925E-2
2.856666667E1	5.193186560E-2	2.032162203E-2	-2.350929815E-2	-2.377954988E-2	3.343881116E-2
2.860000000E1	5.094317416E-2	1.918952073E-2	-2.552982472E-2	-3.699905183E-2	4.495221670E-2
2.863333333E1	5.022987728E-2	1.785501858E-2	-2.098914596E-2	-4.270765503E-2	4.758663726E-2
2.866666667E1	4.954389776E-2	1.634234373E-2	-1.781172601E-2	-4.259270574E-2	4.616704632E-2
2.870000000E1	4.904242888E-2	1.501550486E-2	-8.168511553E-3	-3.388799499E-2	3.485858267E-2
2.873333333E1	4.899933032E-2	1.408314407E-2	2.517797751E-3	-2.002562472E-2	2.018328395E-2
2.876666667E1	4.921028207E-2	1.368046321E-2	1.255541858E-2	-4.469071857E-3	1.332708291E-2
2.880000000E1	4.983635823E-2	1.378520594E-2	2.492083417E-2	1.229987954E-2	2.779091600E-2
2.883333333E1	5.087167101E-2	1.450045518E-2	3.183742714E-2	3.182374185E-2	4.501524533E-2
2.886666667E1	5.195885337E-2	1.590678873E-2	2.640376782E-2	4.325127011E-2	5.067377350E-2
2.890000000E1	5.263192220E-2	1.738387319E-2	1.694592686E-2	4.453614938E-2	4.765115989E-2
2.893333333E1	5.308858183E-2	1.887586536E-2	8.114243123E-3	4.095273622E-2	4.174886280E-2
2.896666667E1	5.317287174E-2	2.011405560E-2	-4.108446407E-3	2.828817903E-2	2.858496816E-2
2.900000000E1	5.281468540E-2	2.076174396E-2	-1.840987237E-2	8.359168407E-3	2.021878080E-2
2.903333333E1	5.194554692E-2	2.067133350E-2	-2.630839167E-2	-1.372290052E-2	2.967236881E-2
2.906666667E1	5.106079262E-2	1.984688393E-2	-2.284184178E-2	-3.258810342E-2	3.979615837E-2
2.910000000E1	5.042275746E-2	1.849879327E-2	-1.543951861E-2	-4.458643534E-2	4.718399042E-2
2.913333333E1	5.003149138E-2	1.687445490E-2	-6.149323377E-3	-4.694177579E-2	4.734283992E-2
2.916666667E1	5.001280257E-2	1.536934155E-2	-3.940383923E-4	-4.257179986E-2	4.257362340E-2
2.920000000E1	5.000522216E-2	1.403633491E-2	4.501627600E-4	-2.794909464E-2	2.795271968E-2
2.923333333E1	5.004281342E-2	1.350606858E-2	1.224577747E-3	-9.785257598E-3	9.861584909E-3
2.926666667E1	5.008686067E-2	1.338398441E-2	2.459319860E-3	1.009155936E-2	1.038690639E-2
2.930000000E1	5.020676808E-2	1.417883920E-2	3.810438478E-3	2.972235981E-2	2.996561553E-2
2.933333333E1	5.034088991E-2	1.536547506E-2	5.047181099E-3	3.958292526E-2	3.990340849E-2
2.936666667E1	5.054324682E-2	1.681770088E-2	1.476809368E-2	4.650758274E-2	4.879602282E-2
2.940000000E1	5.132542948E-2	1.846598058E-2	2.050671150E-2	4.382833721E-2	4.838851475E-2
2.943333333E1	5.191036092E-2	1.973959003E-2	1.885514639E-2	3.193199323E-2	3.708326762E-2
2.946666667E1	5.258243924E-2	2.059478012E-2	1.390183025E-2	1.317634569E-2	1.915403273E-2
2.950000000E1	5.283714960E-2	2.061801308E-2	5.979380163E-3	-7.611772648E-3	9.679466410E-3
2.953333333E1	5.298106459E-2	2.008732861E-2	-7.237022626E-3	-2.792554802E-2	2.884806283E-2
2.956666667E1	5.235468143E-2	1.875630987E-2	-1.830408212E-2	-4.346777290E-2	4.716446441E-2
2.960000000E1	5.176079245E-2	1.718947709E-2	-2.199107888E-2	-4.616478565E-2	5.113506610E-2
2.963333333E1	5.088860950E-2	1.567865750E-2	-2.566178054E-2	-4.034892009E-2	4.781801264E-2
2.966666667E1	5.005000708E-2	1.449954908E-2	-2.363649766E-2	-2.817325568E-2	3.677521390E-2
2.970000000E1	4.931284299E-2	1.380044045E-2	-1.354300705E-2	-1.280796332E-2	1.864019754E-2
2.973333333E1	4.914713994E-2	1.364568486E-2	-5.816284186E-3	2.969197984E-3	6.530336775E-3
2.976666667E1	4.892509071E-2	1.399838698E-2	1.325337691E-3	1.838128583E-2	1.842900400E-2
2.980000000E1	4.923549579E-2	1.487110392E-2	1.723253174E-2	3.314228405E-2	3.735466694E-2
2.983333333E1	5.007392616E-2	1.620787259E-2	2.499851710E-2	4.182550529E-2	4.872677652E-2
2.986666667E1	5.090206359E-2	1.765947093E-2	2.457663185E-2	4.347192620E-2	4.993815376E-2
2.990000000E1	5.171236829E-2	1.910600100E-2	2.328840570E-2	3.689436380E-2	4.362962205E-2
2.993333333E1	5.245462397E-2	2.011909519E-2	1.827857265E-2	2.185589253E-2	2.849186298E-2
2.996666667E1	5.293093980E-2	2.056306050E-2	4.853223695E-3	2.503200209E-3	5.460750088E-3
3.000000000E1	5.277817222E-2	2.028597520E-2	-7.144914903E-3	-1.986053259E-2	2.110664739E-2
3.003333333E1	5.245461214E-2	1.923902500E-2	-1.004875934E-2	-3.369176119E-2	3.515838927E-2
3.006666667E1	5.210825493E-2	1.803985779E-2	-1.595042457E-2	-4.078002655E-2	4.378843009E-2
3.010000000E1	5.139125050E-2	1.652035656E-2	-1.593533409E-2	-4.334602128E-2	4.618238229E-2
3.013333333E1	5.104589932E-2	1.515012304E-2	-1.024364944E-2	-3.530192231E-2	3.675810214E-2
3.016666667E1	5.070834054E-2	1.416689507E-2	-9.624763832E-3	-2.076590143E-2	2.288796062E-2
3.020000000E1	5.040424840E-2	1.376572961E-2	-4.329353811E-3	-2.382660862E-3	4.941697805E-3
3.023333333E1	5.041971695E-2	1.400805102E-2	-3.912723161E-3	1.368125075E-2	1.422975842E-2
3.026666667E1	5.014340019E-2	1.467781299E-2	-8.053702132E-3	2.766295978E-2	2.881148142E-2
3.030000000E1	4.988280347E-2	1.585224833E-2	-3.499049972E-3	4.018931831E-2	4.034135170E-2
3.033333333E1	4.991013019E-2	1.735710088E-2	3.185153597E-3	4.351507639E-2	4.363149180E-2
3.036666667E1	5.009514705E-2	1.875325343E-2	1.225363830E-2	3.778292783E-2	3.972028810E-2
3.040000000E1	5.072703941E-2	1.987596273E-2	1.496756559E-2	2.215735900E-2	2.673904594E-2
3.043333333E1	5.109298475E-2	2.023041069E-2	1.831450735E-2	3.045620709E-3	1.856601694E-2
3.046666667E1	5.194800657E-2	2.007900411E-2	2.289718793E-2	-1.498178957E-2	2.736302676E-2
3.050000000E1	5.261946395E-2	1.923162472E-2	1.487833730E-2	-3.087353419E-2	3.427156306E-2
3.053333333E1	5.293989572E-2	1.802076850E-2	3.436533325E-3	-3.850793847E-2	3.866097627E-2
3.056666667E1	5.284856617E-2	1.666442882E-2	-5.771269099E-3	-3.758474199E-2	3.802525973E-2
3.060000000E1	5.255514445E-2	1.551511904E-2	-1.641211533E-2	-2.997020119E-2	3.416973059E-2
3.063333333E1	5.175442515E-2	1.466641541E-2	-2.237556868E-2	-1.809608440E-2	2.877732344E-2
3.066666667E1	5.106343987E-2	1.430871341E-2	-2.312276266E-2	-2.843310321E-3	2.329692182E-2
3.070000000E1	5.021290764E-2	1.447686139E-2	-2.303249429E-2	1.095653229E-2	2.550571295E-2
3.073333333E1	4.952794025E-2	1.503914889E-2	-1.297579726E-2	2.331717514E-2	2.668448934E-2
3.076666667E1	4.934785449E-2	1.603133973E-2	-1.792835277E-5	3.234653147E-2	3.234653644E-2
3.080000000E1	4.952674503E-2	1.719558433E-2	7.937872729E-3	3.497782360E-2	3.586722692E-2
3.083333333E1	4.987704600E-2	1.836319464E-2	1.371466958E-2	3.103314404E-2	3.392857484E-2
3.086666667E1	5.044105633E-2	1.926446059E-2	1.752857638E-2	2.083006813E-2	2.722393667E-2
3.090000000E1	5.104561776E-2	1.975186585E-2	1.948046630E-2	8.464599628E-3	2.124000975E-2
3.093333333E1	5.173975409E-2	1.982876724E-2	1.956009723E-2	-5.921921993E-3	2.043689222E-2
3.096666667E1	5.234962424E-2	1.935707105E-2	9.357337471E-3	-2.334381490E-2	2.514942263E-2
3.100000000E1	5.236357659E-2	1.827251291E-2	1.208823199E-3	-3.494090397E-2	3.496180807E-2
3.103333333E1	5.243021245E-2	1.702767745E-2	-4.419478489E-3	-3.805239782E-2	3.830818150E-2
3.106666667E1	5.206894469E-2	1.573568639E-2	-1.029914096E-2	-3.205496571E-2	3.366887481E-2
3.110000000E1	5.174360306E-2	1.489067974E-2	-4.257580865E-3	-1.628185137E-2	1.682931011E-2
3.113333333E1	5.178510596E-2	1.465022963E-2	-5.225192948E-3	-3.168258394E-3	6.110687571E-3
3.116666667E1	5.139525686E-2	1.467946251E-2	-1.051263018E-2	8.186828665E-3	1.332439706E-2
3.120000000E1	5.108426395E-2	1.519601821E-2	-9.210058543E-3	2.006706563E-2	2.207968074E-2
3.123333333E1	5.078125296E-2	1.601726689E-2	-8.207143528E-3	2.907620863E-2	3.021230069E-2
3.126666667E1	5.053712105E-2	1.713443212E-2	-1.080026581E-2	3.223751136E-2	3.399857174E-2
3.130000000E1	5.006123524E-2	1.816643431E-2	-9.985288588E-3	2.943248523E-2	3.108017334E-2
3.133333333E1	4.987143514E-2	1.909659780E-2	-2.674917773E-3	2.134085443E-2	2.150784166E-2
3.136666667E1	4.988290739E-2	1.958915794E-2	5.083150452E-3	7.802308547E-3	9.312058697E-3
3.140000000E1	5.021031184E-2	1.961675170E-2	1.326049281E-2	-8.492763874E-3	1.574699043E-2
3.143333333E1	5.076694024E-2	1.902297368E-2	2.042680215E-2	-2.239175860E-2	3.030915867E-2
3.146666667E1	5.157209865E-2	1.812396780E-2	2.368769654E-2	-3.006960811E-2	3.827908436E-2
3.150000000E1	5.234612001E-2	1.701833314E-2	2.026507216E-2	-3.409325350E-2	3.966135504E-2
3.153333333E1	5.292310346E-2	1.585108423E-2	8.324787424E-3	-3.041389805E-2	3.153263833E-2
3.156666667E1	5.290110584E-2	1.499073994E-2	-3.002681837E-4	-1.768265041E-2	1.768519965E-2
3.160000000E1	5.290308558E-2	1.467224087E-2	-7.454626664E-3	-3.228617061E-3	8.123756940E-3
3.163333333E1	5.240413073E-2	1.477549880E-2	-1.649068219E-2	1.025040520E-2	1.941683306E-2
3.166666667E1	5.180370677E-2	1.535560121E-2	-1.731011790E-2	2.353058869E-2	2.921179189E-2
3.170000000E1	5.125012287E-2	1.634420471E-2	-1.847504029E-2	3.003139971E-2	3.525921273E-2
3.173333333E1	5.057203741E-2	1.735769453E-2	-1.654471991E-2	3.152979396E-2	3.560696089E-2
3.176666667E1	5.014714154E-2	1.844619098E-2	-7.445359207E-3	2.534292147E-2	2.641395545E-2
3.180000000E1	5.007568013E-2	1.904722263E-2	1.052675096E-4	1.513457109E-2	1.513493717E-2
3.183333333E1	5.015415937E-2	1.945516238E-2	4.564386318E-3	3.430349476E-3	5.709721533E-3
3.186666667E1	5.037997256E-2	1.927591259E-2	8.937542444E-3	-1.057162272E-2	1.384336924E-2
3.190000000E1	5.074999554E-2	1.875038753E-2	1.264325390E-2	-2.092510082E-2	2.444814335E-2
3.193333333E1	5.122285615E-2	1.788090587E-2	1.247006040E-2	-2.757292788E-2	3.026167144E-2
3.196666667E1	5.158133290E-2	1.691219234E-2	1.031128837E-2	-2.831942167E-2	3.013822011E-2
3.200000000E1	5.191027537E-2	1.599294443E-2	7.803754519E-3	-2.390948177E-2	2.515078335E-2
3.203333333E1	5.210158320E-2	1.531822689E-2	2.351185341E-3	-1.792345344E-2	1.807700904E-2
3.206666667E1	5.206702106E-2	1.479804753E-2	5.017840973E-3	-5.477024537E-3	7.428090321E-3
3.210000000E1	5.243610593E-2	1.495309192E-2	5.474195157E-3	1.243813760E-2	1.358948415E-2
3.213333333E1	5.243196741E-2	1.562725670E-2	-2.090983830E-4	2.176373384E-2	2.176473829E-2
3.216666667E1	5.242216604E-2	1.640400751E-2	-4.828227935E-3	2.846166845E-2	2.886829327E-2
3.220000000E1	5.211008554E-2	1.752470127E-2	-1.133380471E-2	2.906671648E-2	3.119822329E-2
3.223333333E1	5.166657906E-2	1.834178861E-2	-1.526612993E-2	2.349001096E-2	2.801491278E-2
3.226666667E1	5.109234355E-2	1.909070200E-2	-1.601037491E-2	1.573129885E-2	2.244562025E-2
3.230000000E1	5.059922073E-2	1.939054187E-2	-1.367194022E-2	3.826541896E-3	1.419733681E-2
3.233333333E1	5.018088087E-2	1.934580479E-2	-9.921442933E-3	-9.629658195E-3	1.382625571E-2
3.236666667E1	4.993779120E-2	1.874856465E-2	-1.959411593E-3	-2.176693475E-2	2.185494778E-2
3.240000000E1	5.005025343E-2	1.789467581E-2	6.452979341E-3	-2.878295247E-2	2.949744557E-2
3.243333333E1	5.036798982E-2	1.682970116E-2	1.208031413E-2	-3.128550643E-2	3.353679922E-2
3.246666667E1	5.085560770E-2	1.580897538E-2	2.029529133E-2	-2.434984889E-2	3.169880110E-2
3.250000000E1	5.172100924E-2	1.520637790E-2	2.142306369E-2	-1.469838026E-2	2.598057043E-2
3.253333333E1	5.228381195E-2	1.482908336E-2	1.709861870E-2	-5.152067157E-3	1.785795502E-2
3.256666667E1	5.286091716E-2	1.486290675E-2	1.154741449E-2	8.119074097E-3	1.411602443E-2
3.260000000E1	5.305363958E-2	1.537035497E-2	1.690745966E-3	2.174298806E-2	2.180862563E-2
3.263333333E1	5.297363356E-2	1.631243929E-2	-8.313207033E-3	3.155790320E-2	3.263450115E-2
3.266666667E1	5.249942578E-2	1.747421518E-2	-1.330192614E-2	3.379019181E-2	3.631416117E-2
3.270000000E1	5.208683848E-2	1.856511874E-2	-1.719418656E-2	2.694926085E-2	3.196721307E-2
3.273333333E1	5.135314668E-2	1.927083257E-2	-1.646660702E-2	1.531407415E-2	2.248710772E-2
3.276666667E1	5.098906468E-2	1.958605702E-2	-9.623594008E-3	1.710728271E-3	9.774464325E-3
3.280000000E1	5.071157374E-2	1.938488112E-2	-1.010772084E-2	-1.367693022E-2	1.700659992E-2
3.283333333E1	5.031521662E-2	1.867426167E-2	-4.696353096E-3	-2.580495279E-2	2.622882614E-2
3.286666667E1	5.039848354E-2	1.766455094E-2	4.097725489E-3	-3.103681111E-2	3.130614953E-2
3.290000000E1	5.058839832E-2	1.660514093E-2	4.813151939E-3	-2.968984529E-2	3.007745576E-2
3.293333333E1	5.071936033E-2	1.568522792E-2	6.684050920E-3	-2.477102529E-2	2.565697235E-2
3.296666667E1	5.103400172E-2	1.495373925E-2	9.922638502E-3	-1.344106137E-2	1.670691131E-2
3.300000000E1	5.138086957E-2	1.478915716E-2	7.431696903E-3	-2.196422780E-3	7.749476878E-3
3.303333333E1	5.152944818E-2	1.480731106E-2	6.542960866E-3	7.793508949E-3	1.017590874E-2
3.306666667E1	5.181706696E-2	1.530872442E-2	1.419565112E-2	2.129100724E-2	2.558951934E-2
3.310000000E1	5.247582492E-2	1.622671154E-2	1.466108170E-2	3.128201053E-2	3.454723577E-2
3.313333333E1	5.279447240E-2	1.739419179E-2	6.878553733E-3	3.440020469E-2	3.508117136E-2
3.316666667E1	5.293439517E-2	1.852005852E-2	4.385866642E-4	3.025915546E-2	3.026233380E-2
3.320000000E1	5.282371151E-2	1.941146882E-2	-8.959608171E-3	1.790245741E-2	2.001930468E-2
3.323333333E1	5.233708796E-2	1.971355568E-2	-1.602144012E-2	1.833362362E-3	1.612599643E-2
3.326666667E1	5.175561551E-2	1.953369298E-2	-1.823995816E-2	-1.199148345E-2	2.182869096E-2
3.330000000E1	5.112109074E-2	1.891412345E-2	-2.019198937E-2	-2.485774280E-2	3.202536201E-2
3.333333333E1	5.040948288E-2	1.787651013E-2	-1.583057757E-2	-3.079625908E-2	3.462682138E-2
3.336666667E1	5.006571891E-2	1.686103951E-2	-7.709304790E-3	-3.302163921E-2	3.390961569E-2
3.340000000E1	4.989552923E-2	1.567506751E-2	-2.062930697E-4	-3.007844555E-2	3.007915297E-2
3.343333333E1	5.005196604E-2	1.485580981E-2	7.151251031E-3	-1.971480870E-2	2.097174464E-2
3.346666667E1	5.037227930E-2	1.436074693E-2	1.438309814E-2	-5.381304966E-3	1.535682113E-2
3.350000000E1	5.101083924E-2	1.449705615E-2	1.990726248E-2	9.312179224E-3	2.197762001E-2
3.353333333E1	5.169943013E-2	1.498155888E-2	1.900233086E-2	2.057815749E-2	2.800980443E-2
3.356666667E1	5.227766130E-2	1.586893331E-2	1.543873221E-2	3.107551709E-2	3.469931144E-2
3.360000000E1	5.272867894E-2	1.705326002E-2	9.252016243E-3	3.459586227E-2	3.581163904E-2
3.363333333E1	5.289446238E-2	1.817532413E-2	3.192929363E-3	3.232408542E-2	3.248139923E-2
3.366666667E1	5.294154090E-2	1.920819905E-2	-5.219663567E-3	2.339186452E-2	2.396714863E-2
3.370000000E1	5.254648481E-2	1.973478177E-2	-1.282718500E-2	9.476300422E-3	1.594794484E-2
3.373333333E1	5.208639523E-2	1.983995241E-2	-1.481074764E-2	-6.279203972E-3	1.608684706E-2
3.376666667E1	5.155910164E-2	1.931616817E-2	-1.434894181E-2	-2.404236424E-2	2.799870371E-2
3.380000000E1	5.112979911E-2	1.823712813E-2	-1.178397619E-2	-3.637470293E-2	3.823586155E-2
3.383333333E1	5.077350322E-2	1.689118797E-2	-9.265941884E-3	-3.824048995E-2	3.934708059E-2
3.386666667E1	5.051206965E-2	1.568776213E-2	-3.463067314E-3	-3.083157050E-2	3.102545043E-2
3.390000000E1	5.054263207E-2	1.483574994E-2	-1.899163883E-3	-2.232490098E-2	2.240553564E-2
3.393333333E1	5.038545873E-2	1.419943540E-2	-1.657783200E-4	-9.611386796E-3	9.612816372E-3
3.396666667E1	5.053158018E-2	1.419499082E-2	4.883517428E-3	6.585547504E-3	8.198669307E-3
3.400000000E1	5.071102656E-2	1.463847190E-2	6.678285085E-3	1.947531330E-2	2.058852398E-2
3.403333333E1	5.097679919E-2	1.549334504E-2	1.206611986E-2	3.054175859E-2	3.283885300E-2
3.406666667E1	5.151543455E-2	1.667458914E-2	1.626221810E-2	3.579896734E-2	3.931953459E-2
3.410000000E1	5.206094706E-2	1.787994286E-2	1.588469027E-2	3.331785102E-2	3.691073803E-2
3.413333333E1	5.257441390E-2	1.889577920E-2	1.279018513E-2	2.524103269E-2	2.829661759E-2
3.416666667E1	5.291362607E-2	1.956267837E-2	7.246929677E-3	1.281517130E-2	1.472231657E-2
3.420000000E1	5.305754254E-2	1.975012396E-2	-1.741980456E-3	-2.769393823E-3	3.271702623E-3
3.423333333E1	5.279749404E-2	1.937805212E-2	-1.105355439E-2	-1.861668763E-2	2.165091506E-2
3.426666667E1	5.232063892E-2	1.850901145E-2	-1.496257696E-2	-3.055223676E-2	3.401937507E-2
3.430000000E1	5.179998891E-2	1.734123634E-2	-1.968701064E-2	-3.742328424E-2	4.228570197E-2
3.433333333E1	5.100817154E-2	1.601412583E-2	-1.909727023E-2	-3.456244969E-2	3.948757600E-2
3.436666667E1	5.052683756E-2	1.503707302E-2	-1.216700747E-2	-2.387146055E-2	2.679333312E-2
3.440000000E1	5.019703771E-2	1.442269513E-2	-7.285919709E-3	-1.127133566E-2	1.342116364E-2
3.443333333E1	5.004110958E-2	1.428565065E-2	1.339576873E-4	7.142004894E-4	7.266546642E-4
3.446666667E1	5.020596822E-2	1.447030850E-2	7.935725224E-3	1.328033922E-2	1.547071894E-2
3.450000000E1	5.057015793E-2	1.517100659E-2	1.269669738E-2	2.760843158E-2	3.038801769E-2
3.453333333E1	5.105241472E-2	1.631087060E-2	1.867321240E-2	3.481492483E-2	3.950655455E-2
3.456666667E1	5.181503875E-2	1.749200158E-2	1.335845694E-2	3.344830932E-2	3.601718713E-2
3.460000000E1	5.194297851E-2	1.854075789E-2	1.069704540E-2	2.867181321E-2	3.060228183E-2
3.463333333E1	5.252817511E-2	1.940345580E-2	1.209727171E-2	1.708264004E-2	2.093228544E-2
3.466666667E1	5.274946329E-2	1.967960056E-2	1.581365588E-3	1.830914238E-3	2.419289993E-3
3.470000000E1	5.263359949E-2	1.952551675E-2	-4.206255721E-3	-1.286803298E-2	1.353805229E-2
3.473333333E1	5.246904624E-2	1.882173169E-2	-8.656462299E-3	-2.670992947E-2	2.807765432E-2
3.476666667E1	5.205650200E-2	1.774485478E-2	-9.762820842E-3	-3.381036951E-2	3.519167170E-2
3.480000000E1	5.181819152E-2	1.656770706E-2	-9.743951368E-3	-3.358818790E-2	3.497300322E-2
3.483333333E1	5.140690524E-2	1.550564225E-2	-9.385114613E-3	-2.624057490E-2	2.786840769E-2
3.486666667E1	5.119251721E-2	1.481833540E-2	-7.957194333E-3	-1.510755574E-2	1.707498703E-2
3.490000000E1	5.087642562E-2	1.449847187E-2	-8.913355608E-3	-4.651501490E-3	1.005407252E-2
3.493333333E1	5.059829351E-2	1.450823530E-2	-7.145730662E-3	1.008700689E-2	1.236160082E-2
3.496666667E1	5.040004358E-2	1.517093900E-2	-3.269314324E-3	2.285952349E-2	2.309212485E-2
3.500000000E1	5.038033922E-2	1.603220353E-2	1.486075650E-3	2.980810192E-2	2.984512290E-2
3.503333333E1	5.049911529E-2	1.715814579E-2	8.376103036E-3	3.475434836E-2	3.574945918E-2
3.506666667E1	5.093874609E-2	1.834916009E-2	1.257404154E-2	2.906904939E-2	3.167200898E-2
3.510000000E1	5.133738472E-2	1.909608242E-2	1.489192263E-2	1.594480075E-2	2.181756243E-2
3.513333333E1	5.193154093E-2	1.941214681E-2	1.640802443E-2	3.460430032E-3	1.676895470E-2
3.516666667E1	5.243125302E-2	1.932677775E-2	1.533960107E-2	-8.742397736E-3	1.765595875E-2
3.520000000E1	5.295418100E-2	1.882932029E-2	7.847104967E-3	-2.194020128E-2	2.330127654E-2
3.523333333E1	5.295439335E-2	1.786409767E-2	-3.329702662E-3	-3.111010928E-2	3.128779026E-2
3.526666667E1	5.273220082E-2	1.675531301E-2	-9.446030926E-3	-3.043117802E-2	3.186352297E-2
3.530000000E1	5.232465795E-2	1.583535247E-2	-1.710215632E-2	-2.374476788E-2	2.926256572E-2
3.533333333E1	5.159205707E-2	1.517232848E-2	-1.860935978E-2	-1.496943629E-2	2.388288705E-2
3.536666667E1	5.108403397E-2	1.483739005E-2	-1.409890023E-2	-5.346831978E-3	1.507871347E-2
3.540000000E1	5.065213039E-2	1.481587301E-2	-1.105096822E-2	7.699571051E-3	1.346875247E-2
3.543333333E1	5.034730275E-2	1.535069479E-2	-4.141872880E-3	1.873004087E-2	1.918253221E-2
3.546666667E1	5.037600553E-2	1.606454241E-2	8.155495856E-4	2.324549406E-2	2.325979611E-2
3.550000000E1	5.040167273E-2	1.690039439E-2	5.647096336E-3	2.773644309E-2	2.830547601E-2
3.553333333E1	5.075247862E-2	1.791363861E-2	1.169357129E-2	2.565918280E-2	2.819810758E-2
3.556666667E1	5.118124414E-2	1.861100658E-2	1.438919651E-2	1.765152940E-2	2.277334992E-2
3.560000000E1	5.171175838E-2	1.909040724E-2	1.288398373E-2	6.934991356E-3	1.463185367E-2
3.563333333E1	5.204017639E-2	1.907333933E-2	1.023854049E-2	-5.421333240E-3	1.158527365E-2
3.566666667E1	5.239432775E-2	1.872898502E-2	8.012812888E-3	-1.815952200E-2	1.984876343E-2
3.570000000E1	5.257436392E-2	1.786270453E-2	4.369932273E-3	-2.767283747E-2	2.801574989E-2
3.573333333E1	5.268565657E-2	1.688412919E-2	2.324183826E-3	-2.888253790E-2	2.897590078E-2
3.576666667E1	5.272930951E-2	1.593720201E-2	-2.938793833E-3	-2.320496259E-2	2.339031420E-2
3.580000000E1	5.248973698E-2	1.533713168E-2	-9.090694775E-3	-1.388936647E-2	1.659985639E-2
3.583333333E1	5.212326319E-2	1.501124424E-2	-1.080429321E-2	-5.155852814E-3	1.197144812E-2
3.586666667E1	5.176945077E-2	1.499340816E-2	-1.161663610E-2	4.695687081E-3	1.252979295E-2
3.590000000E1	5.134882078E-2	1.532429005E-2	-1.089820891E-2	1.514483509E-2	1.865842938E-2
3.593333333E1	5.104290351E-2	1.600306384E-2	-9.655610188E-3	2.355878886E-2	2.546070189E-2
3.596666667E1	5.070511344E-2	1.689487597E-2	-7.786184157E-3	2.609911794E-2	2.723579668E-2
3.600000000E1	5.052382456E-2	1.774300503E-2	-4.886025132E-3	2.287853015E-2	2.339445198E-2
3.603333333E1	5.037937843E-2	1.842011131E-2	2.947031086E-3	1.758197437E-2	1.782724922E-2
3.606666667E1	5.072029330E-2	1.891513666E-2	9.294133206E-3	6.617184831E-3	1.140912123E-2
3.610000000E1	5.099898731E-2	1.886125697E-2	1.285007766E-2	-7.528244681E-3	1.489291657E-2
3.613333333E1	5.157696514E-2	1.841325368E-2	2.115796728E-2	-1.703953901E-2	2.716625607E-2
3.616666667E1	5.240951846E-2	1.772528770E-2	1.492860554E-2	-2.468018394E-2	2.884397238E-2
3.620000000E1	5.257220551E-2	1.676790808E-2	5.710152456E-3	-2.665862685E-2	2.726331283E-2
3.623333333E1	5.279019529E-2	1.594804591E-2	5.420384275E-3	-2.061061744E-2	2.131145506E-2
3.626666667E1	5.293356447E-2	1.539386692E-2	-9.927048252E-5	-1.293473533E-2	1.293511626E-2
3.630000000E1	5.278357726E-2	1.508573022E-2	-7.821659652E-3	-5.395218989E-3	9.501933890E-3
3.633333333E1	5.241212049E-2	1.503418565E-2	-1.340377164E-2	6.548118273E-3	1.491773935E-2
3.636666667E1	5.188999248E-2	1.552227144E-2	-1.511616859E-2	1.902096308E-2	2.429599946E-2
3.640000000E1	5.140437592E-2	1.630224986E-2	-1.219884620E-2	2.346027436E-2	2.644232066E-2
3.643333333E1	5.107673607E-2	1.708628973E-2			
