	质量 B					
t	x	y	vx	vy	v	
0.017	-1.391E-2	-4.706E-2			
0.033	-1.660E-2	-4.513E-2	3.462E-2	5.769E-2	6.728E-2
0.050	-1.276E-2	-4.513E-2	0.113	1.964E-3	0.113
0.067	-1.284E-2	-4.507E-2	-4.226E-3	3.325E-3	5.377E-3
0.083	-1.290E-2	-4.502E-2	-1.261E-2	1.836E-2	2.228E-2
0.100	-1.326E-2	-4.445E-2	-1.556E-2	2.359E-2	2.826E-2
0.117	-1.342E-2	-4.424E-2	-4.059E-3	4.446E-3	6.021E-3
0.133	-1.339E-2	-4.431E-2	-1.711E-4	-3.554E-3	3.558E-3
0.150	-1.342E-2	-4.435E-2	-4.014E-5	-7.667E-4	7.677E-4
0.167	-1.340E-2	-4.433E-2	-4.059E-3	7.892E-3	8.875E-3
0.183	-1.356E-2	-4.409E-2	-5.016E-3	1.131E-2	1.237E-2
0.200	-1.356E-2	-4.396E-2	8.780E-2	-9.776E-2	0.131
0.217	-1.063E-2	-4.735E-2	0.247	-1.208E-2	0.247
0.233	-5.344E-3	-4.436E-2	0.216	3.937E-2	0.219
0.250	-3.432E-3	-4.604E-2	-0.114	6.667E-2	0.132
0.267	-9.143E-3	-4.214E-2	-4.279E-2	0.123	0.131
0.283	-4.858E-3	-4.192E-2	0.276	6.323E-2	0.283
0.300	4.942E-5	-4.003E-2	-0.156	5.048E-2	0.164
0.317	-1.005E-2	-4.024E-2	0.116	0.327	0.347
0.333	3.918E-3	-2.914E-2	0.676	3.134E-2	0.677
0.350	1.249E-2	-3.920E-2	0.453	-0.287	0.536
0.367	1.901E-2	-3.870E-2	0.289	6.192E-2	0.296
0.383	2.213E-2	-3.713E-2	0.325	0.259	0.416
0.400	2.986E-2	-3.006E-2	0.446	0.175	0.479
0.417	3.698E-2	-3.130E-2	0.269	-6.148E-2	0.275
0.433	3.881E-2	-3.211E-2	0.412	-0.139	0.435
0.450	5.071E-2	-3.593E-2	0.621	-0.115	0.631
0.467	5.949E-2	-3.594E-2	0.957	0.160	0.970
0.483	8.261E-2	-3.061E-2	0.953	0.232	0.981
0.500	9.127E-2	-2.822E-2	0.365	-6.421E-2	0.371
0.517	9.479E-2	-3.275E-2	0.418	-0.151	0.444
0.533	0.105	-3.327E-2	0.553	-0.423	0.696
0.550	0.113	-4.686E-2	0.390	-0.441	0.588
0.567	0.118	-4.797E-2	0.351	0.143	0.379
0.583	0.125	-4.207E-2	0.292	0.120	0.316
0.600	0.128	-4.397E-2	0.127	-0.222	0.255
0.617	0.129	-4.946E-2	-6.552E-2	-0.272	0.280
0.633	0.126	-5.304E-2	0.240	3.755E-2	0.243
0.650	0.137	-4.821E-2	0.264	6.271E-2	0.271
0.667	0.135	-5.095E-2	5.140E-3	-0.115	0.115
0.683	0.137	-5.205E-2	-0.109	-0.226	0.251
0.700	0.131	-5.847E-2	-0.255	6.233E-2	0.263
0.717	0.129	-4.997E-2	-0.185	0.277	0.333
0.733	0.125	-4.924E-2	-0.195	-1.431E-4	0.195
0.750	0.122	-4.998E-2	-0.170	-0.161	0.234
0.767	0.119	-5.462E-2	-0.285	-1.506E-2	0.285
0.783	0.113	-5.048E-2	-0.603	5.623E-3	0.603
0.800	9.895E-2	-5.443E-2	-0.493	0.141	0.513
0.817	9.636E-2	-4.578E-2	-0.138	-3.073E-3	0.138
0.833	9.435E-2	-5.453E-2	-0.288	-3.150E-2	0.289
0.850	8.677E-2	-4.683E-2	-0.666	0.104	0.674
0.867	7.216E-2	-5.107E-2	-0.679	8.988E-2	0.685
0.883	6.414E-2	-4.383E-2	-0.837	0.601	1.030
0.900	4.426E-2	-3.104E-2	-0.862	0.487	0.990
0.917	3.541E-2	-2.759E-2	-0.539	-0.137	0.556
0.933	2.629E-2	-3.562E-2	-0.467	-8.939E-2	0.476
0.950	1.983E-2	-3.057E-2	-0.326	0.299	0.443
0.967	1.542E-2	-2.565E-2	-0.202	0.149	0.251
0.983	1.311E-2	-2.561E-2	-0.165	0.109	0.198
1.000	9.905E-3	-2.200E-2	9.707E-2	0.351	0.364
1.017	1.635E-2	-1.393E-2	4.444E-2	0.442	0.445
1.033	1.139E-2	-7.257E-3	-0.187	0.184	0.262
1.050	1.012E-2	-7.779E-3	-0.207	0.214	0.298
1.067	4.481E-3	-1.302E-4	-0.329	0.120	0.350
1.083	-8.369E-4	-3.779E-3	-0.119	-8.605E-2	0.147
1.100	5.212E-4	-2.999E-3	0.320	0.136	0.348
1.117	9.829E-3	7.668E-4	0.353	0.124	0.374
1.133	1.230E-2	1.137E-3	-5.091E-2	-8.579E-2	9.976E-2
1.150	8.132E-3	-2.093E-3	8.153E-3	-7.040E-2	7.087E-2
1.167	1.257E-2	-1.210E-3	0.299	-0.237	0.381
1.183	1.809E-2	-9.996E-3	0.275	-0.118	0.299
1.200	2.175E-2	-5.132E-3	0.438	0.102	0.450
1.217	3.270E-2	-6.581E-3	0.421	-0.280	0.505
1.233	3.578E-2	-1.445E-2	0.241	-0.302	0.386
1.250	4.073E-2	-1.664E-2	0.564	-0.231	0.609
1.267	5.456E-2	-2.214E-2	0.638	-0.469	0.791
1.283	6.199E-2	-3.227E-2	0.545	-0.547	0.772
1.300	7.274E-2	-4.037E-2	0.565	-0.243	0.615
1.317	8.083E-2	-4.036E-2	0.481	-0.275	0.554
1.333	8.878E-2	-4.953E-2	0.323	-0.511	0.605
1.350	9.159E-2	-5.740E-2	0.300	-0.459	0.548
1.367	9.877E-2	-6.482E-2	0.261	-0.354	0.440
1.383	0.100	-6.920E-2	0.330	-4.261E-2	0.332
1.400	0.110	-6.624E-2	0.183	5.277E-2	0.190
1.417	0.106	-6.744E-2	-4.247E-2	-0.140	0.146
1.433	0.108	-7.089E-2	1.525E-4	-0.398	0.398
1.450	0.106	-8.069E-2	-9.698E-3	-0.500	0.500
1.467	0.108	-8.754E-2	-5.463E-2	-6.155E-2	8.230E-2
1.483	0.105	-8.274E-2	6.054E-2	-1.727E-2	6.295E-2
1.500	0.110	-8.812E-2	-9.143E-2	-8.487E-2	0.125
1.517	0.102	-8.557E-2	-0.349	0.102	0.364
1.533	9.841E-2	-8.471E-2	-0.196	6.364E-2	0.206
1.550	9.498E-2	-8.345E-2	-0.355	4.234E-2	0.358
1.567	8.657E-2	-8.330E-2	-2.227E-2	0.281	0.282
1.583	9.424E-2	-7.408E-2	-3.450E-2	2.468E-2	4.242E-2
1.600	8.542E-2	-8.247E-2	-0.275	4.536E-2	0.279
1.617	8.507E-2	-7.257E-2	-0.515	0.161	0.540
1.633	6.825E-2	-7.711E-2	-0.607	4.104E-2	0.609
1.650	6.482E-2	-7.120E-2	-0.258	0.901	0.937
1.667	5.965E-2	-4.708E-2	-0.392	1.204	1.267
1.683	5.175E-2	-3.106E-2	-0.396	0.727	0.828
1.700	4.644E-2	-2.285E-2	-9.880E-2	0.198	0.222
1.717	4.846E-2	-2.444E-2	-2.014E-2	0.134	0.135
1.733	4.577E-2	-1.839E-2	-8.077E-2	0.444	0.451
1.750	4.576E-2	-9.652E-3	-0.369	0.444	0.577
1.767	3.346E-2	-3.603E-3	-0.290	0.769	0.822
1.783	3.608E-2	1.597E-2	5.675E-2	0.743	0.745
1.800	3.535E-2	2.116E-2	8.289E-2	-4.079E-2	9.239E-2
1.817	3.884E-2	1.461E-2	0.152	-5.060E-2	0.160
1.833	4.042E-2	1.947E-2	-1.364E-2	0.247	0.247
1.850	3.839E-2	2.283E-2	5.691E-2	0.230	0.237
1.867	4.232E-2	2.713E-2	0.525	-7.531E-2	0.530
1.883	5.587E-2	2.032E-2	0.490	-0.124	0.505
1.900	5.865E-2	2.301E-2	-1.963E-2	0.277	0.278
1.917	5.522E-2	2.956E-2	-0.391	-8.819E-2	0.401
1.933	4.563E-2	2.007E-2	-5.442E-2	-0.182	0.190
1.950	5.341E-2	2.350E-2	0.228	-0.207	0.308
1.967	5.322E-2	1.317E-2	-1.273E-2	-0.372	0.373
1.983	5.298E-2	1.109E-2	0.153	-0.239	0.284
2.000	5.832E-2	5.209E-3	0.602	-0.305	0.674
2.017	7.304E-2	9.309E-4	0.462	-0.364	0.588
2.033	7.373E-2	-6.923E-3	-9.181E-2	-0.450	0.459
2.050	6.998E-2	-1.406E-2	-4.315E-4	-0.639	0.639
2.067	7.371E-2	-2.824E-2	6.651E-2	-0.793	0.796
2.083	7.219E-2	-4.050E-2	4.407E-2	-0.499	0.501
2.100	7.518E-2	-4.488E-2	-0.130	-0.654	0.667
2.117	6.787E-2	-6.230E-2	-0.196	-0.764	0.789
2.133	6.866E-2	-7.035E-2	-0.288	-0.347	0.451
2.150	5.826E-2	-7.386E-2	0.111	-0.114	0.159
2.167	7.237E-2	-7.413E-2	0.277	-0.447	0.526
2.183	6.751E-2	-8.875E-2	-0.549	-0.497	0.740
2.200	5.408E-2	-9.069E-2	-0.308	-1.487E-2	0.309
2.217	5.723E-2	-8.925E-2	0.125	0.211	0.245
2.233	5.826E-2	-8.366E-2	-0.328	-0.263	0.420
2.250	4.631E-2	-9.802E-2	-0.555	-0.292	0.627
2.267	3.977E-2	-9.340E-2	0.155	0.460	0.485
2.283	5.148E-2	-8.270E-2	-0.110	1.098E-2	0.111
2.300	3.610E-2	-9.303E-2	-0.135	3.691E-2	0.140
2.317	4.698E-2	-8.147E-2	-9.777E-3	0.532	0.532
2.333	3.577E-2	-7.531E-2	-0.265	0.152	0.306
2.350	3.815E-2	-7.639E-2	0.162	-1.078E-2	0.163
2.367	4.118E-2	-7.567E-2	0.194	0.198	0.277
2.383	4.462E-2	-6.980E-2	-0.163	0.444	0.473
2.400	3.574E-2	-6.088E-2	6.983E-2	0.483	0.489
2.417	4.695E-2	-5.368E-2	0.236	0.675	0.715
2.433	4.360E-2	-3.839E-2	0.233	0.601	0.644
2.450	5.472E-2	-3.366E-2	0.283	0.291	0.406
2.467	5.303E-2	-2.870E-2	0.110	0.434	0.448
2.483	5.837E-2	-1.919E-2	0.440	0.549	0.704
2.500	6.768E-2	-1.039E-2	0.511	0.260	0.573
2.517	7.541E-2	-1.052E-2	0.394	0.292	0.491
2.533	8.083E-2	-6.574E-4	0.302	0.417	0.515
2.550	8.549E-2	3.376E-3	0.501	3.004E-2	0.502
2.567	9.754E-2	3.439E-4	0.496	-4.488E-3	0.496
2.583	0.102	3.226E-3	-0.254	9.116E-2	0.270
2.600	8.906E-2	3.383E-3	-0.157	-0.117	0.196
2.617	9.680E-2	-6.686E-4	0.341	0.101	0.356
2.633	0.100	6.753E-3	7.285E-2	-1.916E-2	7.533E-2
2.650	9.923E-2	-1.307E-3	-3.066E-2	-0.246	0.248
2.667	9.942E-2	-1.449E-3	0.106	7.079E-2	0.127
2.683	0.103	1.052E-3	0.101	-0.311	0.327
2.700	0.103	-1.182E-2	0.108	-0.274	0.294
2.717	0.106	-8.066E-3	-1.314E-2	-6.743E-2	6.870E-2
2.733	0.102	-1.407E-2	-0.389	-0.109	0.404
2.750	9.340E-2	-1.170E-2	-0.450	-0.220	0.501
2.767	8.735E-2	-2.141E-2	-0.419	-0.628	0.755
2.783	7.944E-2	-3.265E-2	-5.293E-2	-0.221	0.227
2.800	8.559E-2	-2.877E-2	-0.413	-0.500	0.649
2.817	6.566E-2	-4.932E-2	-0.708	-0.813	1.078
2.833	6.198E-2	-5.587E-2	-0.614	-0.228	0.655
2.850	4.519E-2	-5.691E-2	-0.686	-0.185	0.710
2.867	3.912E-2	-6.203E-2	-0.110	4.930E-3	0.110
2.883	4.153E-2	-5.674E-2	-0.137	-6.304E-2	0.150
2.900	3.456E-2	-6.413E-2	-0.205	-0.298	0.362
2.917	3.470E-2	-6.667E-2	-0.204	-0.217	0.298
2.933	2.776E-2	-7.138E-2	-0.468	-0.158	0.494
2.950	1.909E-2	-7.194E-2	-0.429	0.483	0.646
2.967	1.345E-2	-5.527E-2	-0.222	0.275	0.353
2.983	1.170E-2	-6.276E-2	3.951E-2	-4.568E-2	6.040E-2
3.000	1.477E-2	-5.680E-2	-3.410E-2	0.120	0.125
3.017	1.056E-2	-5.877E-2	-0.246	1.717E-2	0.247
3.033	6.564E-3	-5.623E-2	-5.790E-2	0.183	0.192
3.050	8.632E-3	-5.268E-2	0.596	0.293	0.664
3.067	2.644E-2	-4.647E-2			
3.083					
3.100					
3.117					
3.133					
3.150					
3.167					
3.183					
3.200					
3.217					
3.233					
3.250					
3.267					
3.283					
3.300					
3.317					
3.333					
3.350					
3.367					
3.383					
3.400					
3.417					
3.433					
3.450					
3.467					
3.483					
3.500					
3.517					
3.533					
3.550					
3.567					
3.583					
3.600					
3.617	1.229E-2	-3.098E-2			
3.633	1.364E-2	-2.929E-2	0.276	0.344	0.441
3.650	2.148E-2	-1.950E-2	-3.477E-2	0.309	0.311
3.667	1.248E-2	-1.898E-2	-0.278	0.161	0.322
3.683	1.221E-2	-1.412E-2	0.172	9.388E-2	0.196
3.700	1.822E-2	-1.585E-2	0.366	-0.391	0.535
3.717	2.440E-2	-2.714E-2	0.337	-0.194	0.389
3.733	2.947E-2	-2.231E-2	0.329	0.282	0.433
3.750	3.538E-2	-1.775E-2	0.473	-2.025E-2	0.473
3.767	4.523E-2	-2.299E-2	0.547	-0.209	0.586
3.783	5.361E-2	-2.473E-2	0.190	-8.079E-2	0.206
3.800	5.156E-2	-2.568E-2	0.220	-0.224	0.314
3.817	6.095E-2	-3.219E-2	0.724	-0.424	0.839
3.833	7.570E-2	-3.980E-2	0.644	-0.285	0.704
3.850	8.241E-2	-4.170E-2	0.268	-0.430	0.507
3.867	8.462E-2	-5.415E-2	0.276	-0.449	0.527
3.883	9.161E-2	-5.668E-2	0.374	-0.141	0.399
3.900	9.707E-2	-5.885E-2	0.220	-0.126	0.253
3.917	9.894E-2	-6.087E-2	3.588E-2	-0.246	0.249
3.933	9.827E-2	-6.705E-2	-9.208E-2	-0.278	0.293
3.950	9.587E-2	-7.015E-2	-9.192E-3	-0.124	0.124
3.967	9.796E-2	-7.117E-2	0.248	4.822E-2	0.253
3.983	0.104	-6.854E-2	-0.110	-0.265	0.287
4.000	9.430E-2	-7.999E-2	-0.350	-0.172	0.390
4.017	9.248E-2	-7.426E-2	-0.168	0.144	0.221
4.033	8.869E-2	-7.520E-2	-4.421E-2	5.161E-2	6.796E-2
4.050	9.101E-2	-7.254E-2	-0.142	0.321	0.351
4.067	8.396E-2	-6.448E-2	-0.685	0.409	0.797
4.083	6.819E-2	-5.891E-2	-0.635	0.322	0.712
4.100	6.280E-2	-5.374E-2	-0.237	0.462	0.519
4.117	6.029E-2	-4.352E-2	-0.137	0.340	0.366
4.133	5.823E-2	-4.242E-2	-0.370	0.441	0.575
4.150	4.798E-2	-2.884E-2	-0.477	0.616	0.779
4.167	4.233E-2	-2.188E-2	-0.463	0.236	0.520
4.183	3.254E-2	-2.097E-2	-0.258	0.282	0.382
4.200	3.375E-2	-1.247E-2	-0.146	0.554	0.573
4.217	2.767E-2	-2.512E-3	-0.236	0.388	0.454
4.233	2.589E-2	4.721E-4	-3.759E-3	5.134E-2	5.147E-2
4.250	2.754E-2	-8.007E-4	4.483E-2	-1.307E-2	4.670E-2
4.267	2.739E-2	3.632E-5	0.333	5.110E-2	0.337
4.283	3.865E-2	9.027E-4	5.834E-2	3.037E-2	6.577E-2
4.300	2.933E-2	1.049E-3	0.101	-2.526E-2	0.104
4.317	4.201E-2	6.071E-5	0.157	-7.254E-2	0.173
4.333	3.455E-2	-1.369E-3	-0.108	-0.109	0.154
4.350	3.841E-2	-3.571E-3	0.258	-0.171	0.309
4.367	4.314E-2	-7.065E-3	0.303	-0.228	0.379
4.383	4.850E-2	-1.119E-2	0.346	-0.310	0.464
4.400	5.467E-2	-1.740E-2	0.378	-0.423	0.567
4.417	6.110E-2	-2.527E-2	0.191	-0.682	0.708
4.433	6.105E-2	-4.012E-2	0.331	-0.545	0.638
4.450	7.213E-2	-4.344E-2	0.452	-0.348	0.571
4.467	7.612E-2	-5.173E-2	0.169	-0.453	0.484
4.483	7.776E-2	-5.856E-2	-5.282E-2	-0.491	0.494
4.500	7.436E-2	-6.811E-2	5.169E-2	-0.525	0.527
4.517	7.949E-2	-7.605E-2	9.113E-2	-0.395	0.406
4.533	7.740E-2	-8.128E-2	-2.468E-2	-2.994E-2	3.880E-2
4.550	7.866E-2	-7.704E-2	-0.119	0.161	0.200
4.567	7.343E-2	-7.592E-2	-2.826E-2	-5.098E-2	5.829E-2
4.583	7.772E-2	-7.874E-2	0.175	-0.254	0.308
4.600	7.926E-2	-8.439E-2	-1.226E-2	-0.108	0.109
4.617	7.731E-2	-8.235E-2	-0.146	0.148	0.208
4.633	7.438E-2	-7.946E-2	-0.318	0.372	0.489
4.650	6.672E-2	-6.996E-2	-0.339	0.498	0.603
4.667	6.306E-2	-6.285E-2	-7.037E-2	0.328	0.336
4.683	6.437E-2	-5.901E-2	1.365E-2	0.474	0.474
4.700	6.352E-2	-4.707E-2	-0.236	0.617	0.661
4.717	5.651E-2	-3.843E-2	-0.550	0.719	0.905
4.733	4.520E-2	-2.312E-2	-2.241E-2	0.622	0.623
4.750	5.576E-2	-1.769E-2	0.114	0.223	0.250
4.767	4.901E-2	-1.569E-2	-0.333	0.356	0.488
4.783	4.466E-2	-5.817E-3	2.805E-2	0.488	0.489
4.800	4.994E-2	5.687E-4	0.136	0.221	0.260
4.817	4.920E-2	1.548E-3	-4.316E-2	5.689E-2	7.141E-2
4.833	4.851E-2	2.465E-3	5.096E-2	-8.459E-2	9.875E-2
4.850	5.089E-2	-1.272E-3	0.139	-0.304	0.335
4.867	5.314E-2	-7.680E-3	6.383E-2	-0.267	0.274
4.883	5.302E-2	-1.016E-2	4.194E-2	-0.182	0.186
4.900	5.454E-2	-1.374E-2	5.474E-2	-7.013E-2	8.896E-2
4.917	5.485E-2	-1.250E-2	0.166	-0.209	0.267
4.933	6.008E-2	-2.072E-2	0.149	-0.366	0.396
4.950	5.981E-2	-2.472E-2	0.114	-0.181	0.214
4.967	6.387E-2	-2.675E-2	7.608E-2	-0.798	0.802
4.983	6.235E-2	-5.132E-2	0.191	-0.632	0.660
5.000	7.024E-2	-4.780E-2	0.155	6.274E-2	0.168
5.017	6.753E-2	-4.923E-2	-0.207	-0.519	0.558
5.033	6.334E-2	-6.509E-2	8.457E-3	-0.725	0.725
5.050	6.781E-2	-7.338E-2	0.289	-0.183	0.342
5.067	7.297E-2	-7.119E-2	-6.018E-2	-9.915E-3	6.100E-2
5.083	6.580E-2	-7.371E-2	-0.158	-0.250	0.295
5.100	6.771E-2	-7.951E-2	-0.127	0.337	0.360
5.117	6.159E-2	-6.248E-2	-8.050E-2	0.148	0.168
5.133	6.503E-2	-7.458E-2	2.985E-2	-6.170E-2	6.854E-2
5.150	6.258E-2	-6.454E-2	-0.107	0.509	0.520
5.167	6.148E-2	-5.761E-2	-0.111	0.220	0.246
5.183	5.889E-2	-5.720E-2	-0.379	0.442	0.582
5.200	4.883E-2	-4.289E-2	-4.114E-2	0.582	0.583
5.217	5.752E-2	-3.782E-2	0.469	0.181	0.503
5.233	6.447E-2	-3.687E-2	0.131	0.439	0.458
5.250	6.189E-2	-2.318E-2	-0.110	0.606	0.616
5.267	6.081E-2	-1.666E-2	-0.107	0.193	0.221
5.283	5.832E-2	-1.674E-2	-0.326	0.533	0.625
5.300	4.993E-2	1.098E-3	-0.116	0.463	0.477
5.317	5.446E-2	-1.312E-3	0.190	-0.389	0.433
5.333	5.628E-2	-1.186E-2	0.235	-0.284	0.369
5.350	6.229E-2	-1.079E-2	-2.722E-2	7.808E-2	8.269E-2
5.367	5.537E-2	-9.262E-3	-0.196	0.139	0.240
5.383	5.577E-2	-6.172E-3	0.199	-0.404	0.450
5.400	6.200E-2	-2.273E-2	7.322E-2	-0.715	0.719
5.417	5.821E-2	-3.001E-2	2.070E-2	-0.305	0.306
5.433	6.269E-2	-3.291E-2	0.288	-0.623	0.686
5.450	6.780E-2	-5.076E-2	0.295	-0.532	0.609
5.467	7.253E-2	-5.066E-2	-3.834E-2	-4.237E-2	5.714E-2
5.483	6.653E-2	-5.217E-2	-0.360	-0.453	0.578
5.500	6.052E-2	-6.574E-2	0.164	-0.564	0.587
5.517	7.198E-2	-7.097E-2	4.638E-2	-0.385	0.388
5.533	6.207E-2	-7.857E-2	-5.032E-2	-7.249E-2	8.824E-2
5.550	7.031E-2	-7.339E-2	-2.489E-2	0.376	0.377
5.567	6.124E-2	-6.603E-2	-0.208	0.196	0.286
5.583	6.337E-2	-6.685E-2	-7.905E-2	0.214	0.228
5.600	5.860E-2	-5.891E-2	1.362E-2	-8.190E-2	8.303E-2
5.617	6.382E-2	-6.958E-2	-0.161	-0.124	0.203
5.633	5.324E-2	-6.304E-2	-0.144	0.365	0.392
5.650	5.904E-2	-5.741E-2	0.138	0.843	0.854
5.667	5.785E-2	-3.493E-2	-0.181	0.704	0.727
5.683	5.299E-2	-3.393E-2	-0.179	0.375	0.416
5.700	5.188E-2	-2.243E-2	0.256	0.313	0.404
5.717	6.152E-2	-2.351E-2	0.470	0.225	0.521
5.733	6.754E-2	-1.492E-2	3.920E-3	0.287	0.287
5.750	6.165E-2	-1.395E-2	-0.113	0.398	0.414
5.767	6.378E-2	-1.646E-3	0.119	0.428	0.445
5.783	6.562E-2	3.285E-4	9.259E-2	6.936E-2	0.116
5.800	6.687E-2	6.655E-4	6.742E-2	-2.448E-2	7.173E-2
5.817	6.786E-2	-4.874E-4	3.703E-2	-0.114	0.120
5.833	6.810E-2	-3.132E-3	6.409E-3	-0.205	0.205
5.850	6.808E-2	-7.324E-3	-0.234	-0.450	0.507
5.867	6.031E-2	-1.813E-2	-6.643E-2	-0.332	0.339
5.883	6.586E-2	-1.840E-2	-7.400E-2	-0.148	0.165
5.900	5.785E-2	-2.306E-2	-1.526E-2	-0.637	0.637
5.917	6.535E-2	-3.963E-2	0.219	-0.762	0.793
5.933	6.515E-2	-4.846E-2	-0.174	-0.590	0.615
5.950	5.955E-2	-5.929E-2	-0.430	-0.341	0.549
5.967	5.082E-2	-5.981E-2	3.115E-3	-0.264	0.264
5.983	5.966E-2	-6.808E-2	0.193	-0.320	0.374
6.000	5.725E-2	-7.048E-2	-7.975E-2	5.879E-2	9.907E-2
6.017	5.700E-2	-6.612E-2	-0.226	-0.151	0.272
6.033	4.973E-2	-7.552E-2	-0.217	-0.356	0.417
6.050	4.976E-2	-7.800E-2	-1.134E-2	1.432E-2	1.826E-2
6.067	4.936E-2	-7.504E-2	7.425E-2	0.401	0.408
6.083	5.223E-2	-6.462E-2	-0.120	0.466	0.481
6.100	4.535E-2	-5.952E-2	2.253E-2	0.436	0.436
6.117	5.298E-2	-5.009E-2	0.292	0.580	0.649
6.133	5.507E-2	-4.018E-2	2.484E-2	0.761	0.762
6.150	5.381E-2	-2.472E-2	0.358	0.446	0.572
6.167	6.702E-2	-2.530E-2	0.163	5.648E-2	0.172
6.183	5.924E-2	-2.284E-2	-0.127	0.258	0.288
6.200	6.278E-2	-1.670E-2	0.173	0.246	0.301
6.217	6.499E-2	-1.463E-2	0.296	0.214	0.365
6.233	7.263E-2	-9.552E-3	0.156	0.124	0.199
6.250	7.017E-2	-1.049E-2	0.213	-9.031E-2	0.232
6.267	7.974E-2	-1.256E-2	8.973E-2	3.615E-2	9.674E-2
6.283	7.316E-2	-9.284E-3	-0.164	1.540E-2	0.165
6.300	7.428E-2	-1.205E-2	3.597E-2	-0.212	0.215
6.317	7.436E-2	-1.635E-2	-4.234E-2	-0.317	0.319
6.333	7.287E-2	-2.260E-2	-0.405	-0.477	0.625
6.350	6.087E-2	-3.223E-2	-0.345	-0.557	0.655
6.367	6.137E-2	-4.117E-2	-1.852E-3	-0.431	0.431
6.383	6.081E-2	-4.659E-2	-0.202	-0.213	0.293
6.400	5.465E-2	-4.826E-2	-0.296	-0.182	0.347
6.417	5.096E-2	-5.264E-2	-0.133	-0.191	0.233
6.433	5.023E-2	-5.463E-2	-8.577E-2	-0.128	0.154
6.450	4.810E-2	-5.690E-2	-0.198	-3.642E-2	0.201
6.467	4.364E-2	-5.585E-2	2.385E-2	-0.188	0.189
6.483	4.890E-2	-6.315E-2	-0.313	-0.102	0.329
6.500	3.320E-2	-5.924E-2	-0.117	0.314	0.335
6.517	4.500E-2	-5.268E-2	0.394	0.309	0.501
6.533	4.635E-2	-4.894E-2	0.278	0.369	0.462
6.550	5.427E-2	-4.038E-2	0.357	0.449	0.574
6.567	5.824E-2	-3.396E-2	0.157	0.268	0.310
6.583	5.950E-2	-3.146E-2	0.129	1.410E-2	0.130
6.600	6.254E-2	-3.349E-2	0.247	7.951E-2	0.259
6.617	6.772E-2	-2.881E-2	0.507	0.401	0.647
6.633	7.945E-2	-2.012E-2	0.493	0.313	0.584
6.650	8.416E-2	-1.838E-2	5.664E-2	-1.084E-2	5.766E-2
6.667	8.134E-2	-2.048E-2	0.244	0.103	0.264
6.683	9.228E-2	-1.495E-2	0.379	0.218	0.437
6.700	9.396E-2	-1.321E-2	-0.230	-7.259E-2	0.242
6.717	8.460E-2	-1.737E-2	-0.249	5.520E-4	0.249
6.733	8.568E-2	-1.319E-2	4.043E-2	-0.105	0.113
6.750	8.594E-2	-2.087E-2	-0.153	-0.340	0.373
6.767	8.058E-2	-2.453E-2	6.883E-3	-0.408	0.408
6.783	8.617E-2	-3.445E-2	-0.360	-0.560	0.666
6.800	6.858E-2	-4.320E-2	-0.527	-0.486	0.717
6.817	6.862E-2	-5.067E-2	-5.981E-2	-6.573E-2	8.886E-2
6.833	6.659E-2	-4.539E-2	-0.277	2.532E-2	0.278
6.850	5.940E-2	-4.983E-2	-0.787	-0.237	0.822
6.867	4.035E-2	-5.329E-2	-0.735	-0.140	0.748
6.883	3.491E-2	-5.450E-2	7.323E-2	-5.783E-2	9.331E-2
6.900	4.280E-2	-5.522E-2	7.238E-2	-4.735E-2	8.650E-2
6.917	3.732E-2	-5.607E-2	-0.234	0.106	0.257
6.933	3.498E-2	-5.170E-2	-9.589E-2	-5.598E-3	9.605E-2
6.950	3.413E-2	-5.626E-2	0.102	6.746E-2	0.123
6.967	3.839E-2	-4.945E-2	3.146E-2	0.390	0.391
6.983	3.517E-2	-4.328E-2	7.267E-2	0.521	0.526
7.000	4.082E-2	-3.207E-2	0.743	0.370	0.830
7.017	5.993E-2	-3.093E-2	0.806	4.572E-2	0.808
7.033	6.770E-2	-3.055E-2	0.106	0.133	0.170
7.050	6.346E-2	-2.650E-2	0.134	-0.135	0.190
7.067	7.215E-2	-3.504E-2	0.201	7.782E-2	0.216
7.083	7.016E-2	-2.391E-2	-4.756E-3	0.351	0.351
7.100	7.199E-2	-2.334E-2	0.369	-0.174	0.408
7.117	8.245E-2	-2.970E-2	0.554	-0.319	0.639
7.133	9.045E-2	-3.398E-2	0.116	0.108	0.158
7.150	8.632E-2	-2.610E-2	-0.184	2.323E-2	0.186
7.167	8.431E-2	-3.321E-2	6.891E-2	-1.431E-3	6.893E-2
7.183	8.861E-2	-2.614E-2	-0.129	-0.110	0.170
7.200	7.999E-2	-3.686E-2	-0.377	-0.570	0.683
7.217	7.606E-2	-4.514E-2	-0.220	-0.294	0.367
7.233	7.267E-2	-4.666E-2	-0.396	0.338	0.520
7.250	6.288E-2	-3.387E-2	-0.646	0.408	0.763
7.267	5.115E-2	-3.308E-2	-0.329	-0.200	0.385
7.283	5.192E-2	-4.055E-2	-4.175E-2	-0.225	0.229
7.300	4.976E-2	-4.057E-2	-0.483	-6.112E-2	0.487
7.317	3.581E-2	-4.259E-2	-0.552	-0.136	0.568
7.333	3.138E-2	-4.510E-2	-5.939E-3	9.973E-2	9.991E-2
7.350	3.561E-2	-3.926E-2	-0.122	0.161	0.202
7.367	2.732E-2	-3.972E-2	0.249	0.272	0.369
7.383	4.391E-2	-3.019E-2	0.266	0.190	0.327
7.400	3.618E-2	-3.338E-2	5.759E-2	-0.226	0.233
7.417	4.583E-2	-3.772E-2	0.777	7.450E-3	0.777
7.433	6.209E-2	-3.313E-2	0.692	-9.916E-2	0.699
7.450	6.888E-2	-4.103E-2	0.214	-9.634E-2	0.234
7.467	6.922E-2	-3.634E-2	0.323	0.161	0.360
7.483	7.964E-2	-3.567E-2	0.442	0.118	0.458
7.500	8.396E-2	-3.241E-2	0.240	9.411E-2	0.257
7.517	8.762E-2	-3.253E-2	0.160	-1.892E-2	0.161
7.533	8.928E-2	-3.305E-2	4.178E-2	-3.910E-2	5.722E-2
7.550	8.902E-2	-3.383E-2	7.509E-2	-0.194	0.208
7.567	9.178E-2	-3.950E-2	-0.121	-0.244	0.272
7.583	8.499E-2	-4.197E-2	-0.238	0.105	0.261
7.600	8.384E-2	-3.599E-2	-0.346	3.372E-2	0.348
7.617	7.346E-2	-4.084E-2	-0.588	5.484E-2	0.590
7.633	6.425E-2	-3.416E-2	-0.477	-0.114	0.491
7.650	5.755E-2	-4.466E-2	-8.269E-2	-0.238	0.252
7.667	6.149E-2	-4.210E-2	-0.380	0.199	0.429
7.683	4.488E-2	-3.803E-2	-0.660	-0.256	0.708
7.700	3.950E-2	-5.062E-2	-0.303	-0.107	0.322
7.717	3.477E-2	-4.161E-2	-0.184	0.247	0.307
7.733	3.338E-2	-4.240E-2	-5.076E-2	-3.781E-2	6.330E-2
7.750	3.307E-2	-4.287E-2	1.458E-2	4.608E-3	1.529E-2
7.767	3.387E-2	-4.225E-2	-0.102	8.702E-3	0.103
7.783	2.967E-2	-4.258E-2	0.239	7.590E-2	0.250
7.800	4.182E-2	-3.972E-2	0.908	0.272	0.948
7.817	5.994E-2	-3.350E-2	0.467	0.125	0.483
7.833	5.738E-2	-3.557E-2	4.469E-2	-9.282E-2	0.103
7.850	6.143E-2	-3.659E-2	0.461	-0.158	0.487
7.867	7.273E-2	-4.083E-2	0.509	0.328	0.606
7.883	7.840E-2	-2.565E-2	0.338	0.474	0.582
7.900	8.400E-2	-2.503E-2	0.171	-0.367	0.405
7.917	8.410E-2	-3.787E-2	-5.351E-3	-0.379	0.379
7.933	8.382E-2	-3.765E-2	3.728E-2	5.715E-2	6.824E-2
7.950	8.534E-2	-3.596E-2	-6.480E-2	0.105	0.123
7.967	8.166E-2	-3.417E-2	-0.193	1.504E-2	0.193
7.983	7.891E-2	-3.546E-2	-0.241	-0.120	0.270
8.000	7.362E-2	-3.818E-2	-0.360	-0.125	0.381
8.017	6.691E-2	-3.964E-2	-0.406	-6.554E-2	0.411
8.033	6.010E-2	-4.037E-2	-0.429	-2.364E-2	0.430
8.050	5.261E-2	-4.043E-2	-0.283	0.162	0.326
8.067	5.068E-2	-3.496E-2	-0.363	-0.247	0.439
8.083	4.049E-2	-4.866E-2	-0.447	-9.596E-2	0.457
8.100	3.579E-2	-3.816E-2	-0.200	0.348	0.402
8.117	3.384E-2	-3.705E-2	-5.525E-2	5.440E-2	7.754E-2
8.133	3.395E-2	-3.635E-2	1.527E-2	3.385E-2	3.713E-2
8.150	3.435E-2	-3.592E-2	0.128	-0.267	0.296
8.167	3.821E-2	-4.526E-2	0.417	0.240	0.481
8.183	4.826E-2	-2.792E-2	0.302	0.295	0.423
8.200	4.828E-2	-3.541E-2	3.284E-2	-0.165	0.168
8.217	4.935E-2	-3.342E-2	0.203	-9.532E-2	0.224
8.233	5.505E-2	-3.859E-2	0.462	-4.161E-2	0.464
8.250	6.474E-2	-3.480E-2	0.617	0.188	0.645
8.267	7.563E-2	-3.231E-2	0.386	-0.213	0.441
8.283	7.762E-2	-4.190E-2	4.737E-2	-0.242	0.247
8.300	7.721E-2	-4.039E-2	0.141	0.116	0.183
8.317	8.232E-2	-3.804E-2	-6.553E-2	0.181	0.192
8.333	7.503E-2	-3.437E-2	0.282	-6.125E-2	0.289
8.350	9.172E-2	-4.008E-2	3.528E-2	-4.458E-2	5.685E-2
8.367	7.620E-2	-3.586E-2	-0.721	-2.590E-2	0.721
8.383	6.769E-2	-4.094E-2	-0.332	-0.280	0.434
8.400	6.515E-2	-4.518E-2	-0.308	-9.101E-2	0.321
8.417	5.742E-2	-4.398E-2	-0.323	0.148	0.356
8.433	5.437E-2	-4.025E-2	-0.530	-1.608E-2	0.530
8.450	3.976E-2	-4.451E-2	-0.351	0.249	0.430
8.467	4.267E-2	-3.195E-2	-5.024E-2	0.208	0.214
8.483	3.808E-2	-3.759E-2	-0.245	5.234E-2	0.250
8.500	3.451E-2	-3.021E-2	-0.108	-9.521E-2	0.144
8.517	3.447E-2	-4.076E-2	3.979E-2	-0.378	0.380
8.533	3.584E-2	-4.281E-2	0.284	1.005E-2	0.285
8.550	4.395E-2	-4.043E-2	0.201	8.030E-3	0.202
8.567	4.256E-2	-4.254E-2	1.382E-2	0.351	0.351
8.583	4.441E-2	-2.874E-2	0.354	4.543E-2	0.357
8.600	5.435E-2	-4.103E-2	0.435	-7.144E-2	0.441
8.617	5.892E-2	-3.112E-2	0.433	-7.307E-4	0.433
8.633	6.879E-2	-4.105E-2	0.588	-0.206	0.623
8.650	7.852E-2	-3.799E-2	0.398	0.157	0.428
8.667	8.206E-2	-3.581E-2	-9.531E-2	-0.118	0.152
8.683	7.534E-2	-4.194E-2	-0.108	-0.247	0.270
8.700	7.846E-2	-4.404E-2	0.296	9.369E-2	0.311
8.717	8.521E-2	-3.882E-2	0.111	0.162	0.196
8.733	8.216E-2	-3.865E-2	-0.285	-0.318	0.427
8.750	7.572E-2	-4.941E-2	-0.233	-0.292	0.373
8.767	7.441E-2	-4.838E-2	-0.165	-4.758E-2	0.172
8.783	7.023E-2	-5.100E-2	-0.274	0.116	0.298
8.800	6.528E-2	-4.451E-2	-0.360	0.293	0.465
8.817	5.822E-2	-4.122E-2	-0.648	0.126	0.660
8.833	4.368E-2	-4.031E-2	-0.558	3.735E-2	0.559
8.850	3.962E-2	-3.997E-2	-0.230	0.221	0.319
8.867	3.601E-2	-3.295E-2	-4.266E-2	0.264	0.267
8.883	3.820E-2	-3.118E-2	3.965E-2	0.115	0.121
8.900	3.734E-2	-2.913E-2	-1.208E-2	-0.171	0.171
8.917	3.779E-2	-3.688E-2	9.470E-2	7.389E-2	0.120
8.933	4.049E-2	-2.666E-2	0.180	0.304	0.353
8.950	4.379E-2	-2.675E-2	0.217	-3.072E-2	0.219
8.967	4.772E-2	-2.769E-2	0.438	1.172E-2	0.438
8.983	5.839E-2	-2.636E-2	0.274	-0.444	0.521
9.000	5.685E-2	-4.248E-2	0.193	-6.057E-2	0.203
9.017	6.483E-2	-2.838E-2	0.485	1.918E-2	0.486
9.033	7.303E-2	-4.184E-2	8.028E-2	-0.312	0.323
9.050	6.751E-2	-3.880E-2	9.777E-2	-3.193E-2	0.103
9.067	7.628E-2	-4.290E-2	0.360	-0.138	0.386
9.083	7.952E-2	-4.341E-2	0.143	-0.184	0.233
9.100	8.105E-2	-4.904E-2	-0.230	-8.996E-2	0.247
9.117	7.187E-2	-4.641E-2	-0.188	0.182	0.262
9.133	7.479E-2	-4.297E-2	-1.468E-2	3.609E-5	1.468E-2
9.150	7.138E-2	-4.641E-2	-0.456	-4.428E-2	0.458
9.167	5.959E-2	-4.445E-2	-0.484	5.987E-2	0.488
9.183	5.525E-2	-4.441E-2	-0.168	0.390	0.425
9.200	5.398E-2	-3.143E-2	-0.368	0.251	0.446
9.217	4.298E-2	-3.603E-2	-0.360	-1.251E-2	0.360
9.233	4.198E-2	-3.185E-2	-2.254E-2	8.342E-3	2.404E-2
9.250	4.223E-2	-3.576E-2	8.367E-2	-5.079E-2	9.787E-2
9.267	4.477E-2	-3.354E-2	-5.352E-3	9.279E-2	9.294E-2
9.283	4.205E-2	-3.266E-2	-8.120E-2	0.232	0.246
9.300	4.206E-2	-2.580E-2	0.124	0.209	0.243
9.317	4.618E-2	-2.571E-2	0.277	-1.202E-2	0.277
9.333	5.129E-2	-2.620E-2	0.153	-0.149	0.213
9.350	5.128E-2	-3.066E-2	0.208	-0.312	0.375
9.367	5.822E-2	-3.660E-2	0.389	-0.190	0.433
9.383	6.424E-2	-3.698E-2	0.417	-0.284	0.505
9.400	7.213E-2	-4.605E-2	0.209	-0.288	0.356
9.417	7.119E-2	-4.658E-2	0.117	-0.170	0.207
9.433	7.605E-2	-5.172E-2	0.282	-0.176	0.332
9.450	8.060E-2	-5.243E-2	-0.125	4.474E-2	0.133
9.467	7.188E-2	-5.023E-2	-0.192	-6.309E-2	0.202
9.483	7.420E-2	-5.454E-2	-1.128E-2	-2.756E-2	2.978E-2
9.500	7.151E-2	-5.115E-2	-0.385	0.349	0.519
9.517	6.138E-2	-4.290E-2	-3.966E-2	2.454E-2	4.664E-2
9.533	7.018E-2	-5.033E-2	-0.249	9.089E-2	0.265
9.550	5.307E-2	-3.987E-2	-0.701	0.362	0.789
9.567	4.681E-2	-3.827E-2	-0.288	0.185	0.342
9.583	4.347E-2	-3.372E-2	-0.172	0.422	0.455
9.600	4.109E-2	-2.422E-2	0.276	0.474	0.549
9.617	5.266E-2	-1.791E-2	0.157	-5.976E-2	0.168
9.633	4.633E-2	-2.621E-2	-0.286	-0.143	0.320
9.650	4.312E-2	-2.266E-2	6.479E-2	4.202E-2	7.722E-2
9.667	4.849E-2	-2.481E-2	9.448E-2	-4.158E-2	0.103
9.683	4.627E-2	-2.405E-2	0.174	0.257	0.310
9.700	5.430E-2	-1.624E-2	0.369	0.124	0.389
9.717	5.856E-2	-1.993E-2	0.383	-0.331	0.506
9.733	6.705E-2	-2.727E-2	-1.541E-2	-0.567	0.567
9.750	5.804E-2	-3.882E-2	0.254	-0.612	0.663
9.767	7.553E-2	-4.768E-2	0.401	-0.230	0.462
9.783	7.142E-2	-4.647E-2	-4.467E-2	-0.307	0.310
9.800	7.404E-2	-5.792E-2	-9.798E-2	-0.132	0.164
9.817	6.815E-2	-5.086E-2	-7.310E-2	-6.511E-2	9.789E-2
9.833	7.160E-2	-6.009E-2	-0.113	-0.110	0.158
9.850	6.438E-2	-5.454E-2	0.169	0.363	0.401
9.867	7.725E-2	-4.797E-2	-8.674E-2	0.175	0.195
9.883	6.149E-2	-4.871E-2	-0.453	0.269	0.526
9.900	6.216E-2	-3.901E-2	-9.784E-2	0.290	0.306
9.917	5.823E-2	-3.905E-2	-0.233	0.129	0.266
9.933	5.439E-2	-3.472E-2	-0.246	-7.521E-2	0.257
9.950	5.003E-2	-4.155E-2	-0.200	0.251	0.321
9.967	4.774E-2	-2.636E-2	-0.130	0.558	0.573
9.983	4.568E-2	-2.295E-2	-7.728E-2	0.154	0.172
10.000	4.516E-2	-2.123E-2	1.846E-2	6.583E-2	6.837E-2
10.017	4.630E-2	-2.075E-2	9.280E-2	8.206E-3	9.316E-2
10.033	4.825E-2	-2.096E-2	0.146	-4.901E-2	0.154
10.050	5.116E-2	-2.239E-2	0.202	-0.122	0.236
10.067	5.499E-2	-2.504E-2	0.233	-0.181	0.295
10.083	5.893E-2	-2.841E-2	0.244	-0.220	0.329
10.100	6.312E-2	-3.238E-2	0.330	-0.184	0.378
10.117	6.993E-2	-3.455E-2	9.523E-3	-0.299	0.299
10.133	6.344E-2	-4.235E-2	-0.136	-0.422	0.443
10.150	6.541E-2	-4.861E-2	-1.396E-2	-0.253	0.253
10.167	6.297E-2	-5.077E-2	9.193E-2	7.004E-2	0.116
10.183	6.847E-2	-4.627E-2	6.097E-2	-0.144	0.156
10.200	6.500E-2	-5.556E-2	-6.104E-2	-0.352	0.357
10.217	6.644E-2	-5.801E-2	7.003E-2	7.430E-2	0.102
10.233	6.734E-2	-5.308E-2	-1.447E-2	0.307	0.307
10.250	6.595E-2	-4.778E-2	-0.152	0.343	0.375
10.267	6.228E-2	-4.164E-2	-0.354	0.287	0.456
10.283	5.415E-2	-3.822E-2	-0.141	7.334E-2	0.159
10.300	5.756E-2	-3.919E-2	-0.206	0.157	0.259
10.317	4.729E-2	-3.299E-2	-0.306	0.290	0.422
10.333	4.735E-2	-2.953E-2	-1.345E-2	0.303	0.304
10.350	4.684E-2	-2.287E-2	0.224	0.342	0.409
10.367	5.481E-2	-1.813E-2	0.265	0.155	0.307
10.383	5.568E-2	-1.771E-2	8.464E-2	-3.701E-2	9.238E-2
10.400	5.763E-2	-1.936E-2	0.103	-0.150	0.182
10.417	5.911E-2	-2.270E-2	8.533E-2	-0.237	0.252
10.433	6.047E-2	-2.727E-2	8.469E-2	-0.516	0.523
10.450	6.194E-2	-3.992E-2	0.413	-0.359	0.547
10.467	7.424E-2	-3.922E-2	4.898E-2	-0.110	0.120
10.483	6.357E-2	-4.357E-2	-0.289	-6.425E-2	0.296
10.500	6.461E-2	-4.136E-2	0.229	-0.123	0.260
10.517	7.121E-2	-4.767E-2	5.122E-2	-0.495	0.497
10.533	6.632E-2	-5.784E-2	-0.293	-0.243	0.381
10.550	6.145E-2	-5.577E-2	-4.125E-2	0.227	0.231
10.567	6.494E-2	-5.028E-2	-9.216E-2	0.444	0.454
10.583	5.838E-2	-4.096E-2	-2.623E-2	0.223	0.224
10.600	6.407E-2	-4.285E-2	0.169	6.590E-2	0.181
10.617	6.400E-2	-3.876E-2	-6.995E-2	0.211	0.222
10.633	6.174E-2	-3.581E-2	-0.324	0.277	0.426
10.650	5.322E-2	-2.954E-2	-0.219	0.258	0.339
10.667	5.443E-2	-2.721E-2	-0.215	0.164	0.270
10.683	4.605E-2	-2.408E-2	-0.246	0.174	0.301
10.700	4.622E-2	-2.142E-2	0.231	0.139	0.269
10.717	5.373E-2	-1.944E-2	3.197E-2	3.966E-3	3.221E-2
10.733	4.729E-2	-2.129E-2	-0.114	-0.185	0.217
10.750	4.992E-2	-2.561E-2	0.296	-4.283E-2	0.299
10.767	5.716E-2	-2.271E-2	0.433	-7.136E-2	0.439
10.783	6.436E-2	-2.798E-2	-4.016E-2	-0.315	0.317
10.800	5.582E-2	-3.320E-2	4.598E-2	-0.546	0.548
10.817	6.589E-2	-4.618E-2	0.171	-0.298	0.344
10.833	6.153E-2	-4.315E-2	-2.756E-2	0.124	0.127
10.850	6.497E-2	-4.206E-2	2.846E-2	-6.319E-2	6.930E-2
10.867	6.248E-2	-4.526E-2	1.234E-3	-0.470	0.470
10.883	6.501E-2	-5.774E-2	-2.154E-2	-0.433	0.434
10.900	6.176E-2	-5.969E-2	-1.308E-2	4.897E-2	5.068E-2
10.917	6.457E-2	-5.611E-2	-4.264E-2	0.426	0.429
10.933	6.034E-2	-4.547E-2	-6.534E-2	0.302	0.309
10.950	6.240E-2	-4.604E-2	-0.250	0.276	0.372
10.967	5.201E-2	-3.629E-2	2.783E-2	4.589E-2	5.367E-2
10.983	6.332E-2	-4.451E-2	0.411	-2.316E-2	0.412
11.000	6.571E-2	-3.706E-2	0.127	0.436	0.455
11.017	6.755E-2	-2.996E-2	-0.374	0.301	0.480
11.033	5.325E-2	-2.703E-2	-0.449	0.257	0.517
11.050	5.259E-2	-2.141E-2	1.095E-2	0.161	0.161
11.067	5.362E-2	-2.167E-2	2.818E-2	1.771E-2	3.329E-2
11.083	5.353E-2	-2.081E-2	4.386E-2	-0.116	0.124
11.100	5.508E-2	-2.554E-2	3.463E-2	-0.223	0.225
11.117	5.469E-2	-2.824E-2	0.426	-0.217	0.478
11.133	6.927E-2	-3.278E-2	0.171	-0.128	0.214
11.150	6.039E-2	-3.251E-2	-0.161	-0.424	0.454
11.167	6.391E-2	-4.692E-2	0.190	-0.304	0.359
11.183	6.673E-2	-4.266E-2	-6.909E-3	-0.140	0.141
11.200	6.368E-2	-5.161E-2	-4.686E-2	-0.334	0.337
11.217	6.517E-2	-5.380E-2	-5.223E-3	-0.224	0.224
11.233	6.351E-2	-5.909E-2	-0.138	9.084E-2	0.165
11.250	6.057E-2	-5.077E-2	-0.151	7.362E-2	0.168
11.267	5.848E-2	-5.663E-2	-0.158	0.271	0.314
11.283	5.532E-2	-4.173E-2	5.504E-3	0.108	0.108
11.300	5.866E-2	-5.304E-2	0.192	1.742E-2	0.192
11.317	6.170E-2	-4.115E-2	7.187E-2	0.513	0.518
11.333	6.106E-2	-3.593E-2	-6.350E-2	0.310	0.317
11.350	5.959E-2	-3.080E-2	-7.537E-2	0.289	0.298
11.367	5.854E-2	-2.631E-2	-5.669E-2	0.236	0.243
11.383	5.770E-2	-2.293E-2	5.669E-2	-8.778E-2	0.104
11.400	6.043E-2	-2.923E-2	3.411E-2	-0.159	0.163
11.417	5.883E-2	-2.824E-2	0.130	0.392	0.413
11.433	6.478E-2	-1.618E-2	-8.237E-2	0.172	0.190
11.450	5.609E-2	-2.251E-2	2.302E-2	-0.178	0.179
11.467	6.554E-2	-2.210E-2	-6.764E-2	1.094E-2	6.852E-2
11.483	5.383E-2	-2.215E-2	-0.198	-0.379	0.428
11.500	5.893E-2	-3.474E-2	0.199	-0.525	0.561
11.517	6.047E-2	-3.963E-2	8.253E-2	-0.286	0.297
11.533	6.168E-2	-4.426E-2	0.146	-0.138	0.201
11.550	6.533E-2	-4.424E-2	4.911E-2	-0.152	0.160
11.567	6.332E-2	-4.935E-2	-0.185	-0.377	0.420
11.583	5.918E-2	-5.681E-2	-9.796E-2	-0.177	0.203
11.600	6.005E-2	-5.525E-2	0.352	0.339	0.488
11.617	7.090E-2	-4.551E-2	0.148	5.826E-2	0.159
11.633	6.499E-2	-5.331E-2	-0.177	1.858E-2	0.178
11.650	6.499E-2	-4.490E-2	2.769E-2	0.434	0.435
11.667	6.591E-2	-3.883E-2	-1.080E-2	3.315E-2	3.487E-2
11.683	6.463E-2	-4.379E-2	0.173	0.160	0.236
11.700	7.168E-2	-3.351E-2	-0.154	0.276	0.316
11.717	5.950E-2	-3.459E-2	-0.357	0.320	0.479
11.733	5.978E-2	-2.284E-2	2.012E-2	0.400	0.400
11.750	6.017E-2	-2.126E-2	1.326E-2	5.459E-2	5.617E-2
11.767	6.022E-2	-2.102E-2	-2.867E-3	-3.748E-2	3.759E-2
11.783	6.007E-2	-2.251E-2	-1.950E-2	-0.128	0.130
11.800	5.957E-2	-2.530E-2	-4.224E-2	-0.201	0.205
11.817	5.866E-2	-2.921E-2	-0.204	-0.224	0.303
11.833	5.277E-2	-3.276E-2	-6.727E-2	-1.580E-2	6.911E-2
11.850	5.642E-2	-2.974E-2	0.217	-9.150E-2	0.235
11.867	6.001E-2	-3.581E-2	0.214	-0.283	0.355
11.883	6.355E-2	-3.918E-2	0.112	-0.310	0.330
11.900	6.375E-2	-4.615E-2	0.163	-0.187	0.248
11.917	6.898E-2	-4.542E-2	0.104	-0.167	0.196
11.933	6.721E-2	-5.171E-2	-0.334	-0.261	0.424
11.950	5.784E-2	-5.412E-2	-5.408E-2	-5.703E-2	7.859E-2
11.967	6.541E-2	-5.361E-2	0.410	0.227	0.469
11.983	7.152E-2	-4.655E-2	-2.704E-2	0.645	0.646
12.000	6.451E-2	-3.211E-2	-0.179	0.446	0.480
12.017	6.557E-2	-3.170E-2	2.393E-2	7.122E-2	7.513E-2
12.033	6.530E-2	-2.973E-2	-6.991E-2	0.125	0.144
12.050	6.324E-2	-2.752E-2	-0.130	9.820E-2	0.163
12.067	6.099E-2	-2.646E-2	-0.149	4.689E-2	0.156
12.083	5.827E-2	-2.595E-2	-0.139	-1.085E-2	0.139
12.100	5.635E-2	-2.682E-2	0.130	-0.255	0.286
12.117	6.260E-2	-3.445E-2	-2.824E-2	-0.150	0.152
12.133	5.541E-2	-3.181E-2	-0.210	-8.802E-3	0.210
12.150	5.559E-2	-3.474E-2	6.029E-2	-0.219	0.227
12.167	5.742E-2	-3.910E-2	0.391	-0.177	0.429
12.183	6.861E-2	-4.066E-2	9.341E-2	0.133	0.163
12.200	6.054E-2	-3.465E-2	-0.318	4.945E-2	0.322
12.217	5.802E-2	-3.901E-2	0.134	-0.289	0.319
12.233	6.499E-2	-4.429E-2	-9.268E-2	-0.132	0.161
12.250	5.493E-2	-4.340E-2	2.428E-2	3.982E-2	4.664E-2
12.267	6.580E-2	-4.296E-2	0.170	-0.165	0.237
12.283	6.059E-2	-4.890E-2	-7.279E-2	0.179	0.193
12.300	6.338E-2	-3.701E-2	0.311	0.165	0.352
12.317	7.097E-2	-4.341E-2	7.472E-2	7.841E-3	7.513E-2
12.333	6.587E-2	-3.675E-2	-0.128	0.333	0.356
12.350	6.670E-2	-3.232E-2	-0.126	8.039E-2	0.150
12.367	6.165E-2	-3.407E-2	-0.192	-0.184	0.265
12.383	6.031E-2	-3.844E-2	-8.419E-2	0.126	0.152
12.400	5.885E-2	-2.986E-2	-7.330E-2	0.288	0.297
12.417	5.787E-2	-2.884E-2	-0.204	-9.764E-2	0.226
12.433	5.206E-2	-3.311E-2	-0.138	-0.288	0.320
12.450	5.326E-2	-3.844E-2	0.141	-1.002E-3	0.141
12.467	5.676E-2	-3.314E-2	9.958E-2	6.424E-2	0.119
12.483	5.658E-2	-3.630E-2	2.380E-2	-0.187	0.188
12.500	5.756E-2	-3.937E-2	0.278	-0.349	0.446
12.517	6.583E-2	-4.792E-2	9.774E-2	-0.275	0.292
12.533	6.082E-2	-4.855E-2	-0.115	0.331	0.350
12.550	6.200E-2	-3.691E-2	2.883E-2	0.320	0.321
12.567	6.178E-2	-3.790E-2	3.902E-2	6.897E-2	7.924E-2
12.583	6.330E-2	-3.461E-2	-2.938E-2	-0.439	0.440
12.600	6.080E-2	-5.254E-2	-1.391E-3	-0.221	0.221
12.617	6.326E-2	-4.196E-2	8.758E-2	0.197	0.216
12.633	6.372E-2	-4.597E-2	0.303	0.197	0.361
12.650	7.335E-2	-3.539E-2	-0.133	0.453	0.472
12.667	5.930E-2	-3.086E-2	-0.437	0.149	0.462
12.683	5.877E-2	-3.043E-2	9.060E-2	0.111	0.143
12.700	6.232E-2	-2.717E-2	0.124	9.935E-4	0.124
12.717	6.289E-2	-3.040E-2	-0.198	-5.776E-2	0.206
12.733	5.571E-2	-2.910E-2	-0.144	-6.692E-2	0.159
12.750	5.808E-2	-3.263E-2	-0.122	-6.703E-3	0.123
12.767	5.163E-2	-2.932E-2	7.109E-2	3.798E-2	8.059E-2
12.783	6.045E-2	-3.137E-2	0.349	-5.271E-2	0.353
12.800	6.327E-2	-3.108E-2	4.176E-2	-0.176	0.181
12.817	6.184E-2	-3.725E-2	-8.928E-3	-0.430	0.430
12.833	6.297E-2	-4.541E-2	2.744E-2	-0.327	0.328
12.850	6.276E-2	-4.814E-2	-0.133	0.122	0.180
12.867	5.855E-2	-4.134E-2	-3.669E-2	-3.987E-2	5.418E-2
12.883	6.154E-2	-4.947E-2	-5.982E-2	2.550E-2	6.502E-2
12.900	5.656E-2	-4.049E-2	-0.218	0.319	0.387
12.917	5.427E-2	-3.883E-2	0.172	-0.305	0.350
12.933	6.229E-2	-5.065E-2	-7.739E-3	-0.319	0.319
12.950	5.401E-2	-4.946E-2	-0.190	0.554	0.586
12.967	5.595E-2	-3.218E-2	0.137	0.770	0.782
12.983	5.857E-2	-2.381E-2	-3.939E-2	-6.282E-2	7.415E-2
13.000	5.464E-2	-3.428E-2	0.161	-0.400	0.431
13.017	6.392E-2	-3.713E-2	0.307	-8.559E-2	0.318
13.033	6.486E-2	-3.713E-2	-7.182E-2	0.108	0.130
13.050	6.153E-2	-3.352E-2	-0.210	0.300	0.366
13.067	5.787E-2	-2.714E-2	0.189	0.262	0.323
13.083	6.783E-2	-2.478E-2	0.382	-9.116E-2	0.392
13.100	7.059E-2	-3.018E-2	0.258	-0.348	0.433
13.117	7.643E-2	-3.637E-2	-0.171	-0.341	0.382
13.133	6.488E-2	-4.154E-2	-0.216	-6.107E-2	0.224
13.150	6.924E-2	-3.841E-2	3.093E-3	-0.113	0.113
13.167	6.498E-2	-4.531E-2	-0.234	-0.252	0.344
13.183	6.144E-2	-4.683E-2	-0.173	-4.170E-2	0.178
13.200	5.923E-2	-4.670E-2	-0.267	-0.193	0.329
13.217	5.255E-2	-5.326E-2	0.115	0.304	0.325
13.233	6.305E-2	-3.655E-2	-1.695E-2	0.117	0.119
13.250	5.199E-2	-4.935E-2	-0.451	2.981E-2	0.452
13.267	4.803E-2	-3.556E-2	3.644E-2	0.466	0.467
13.283	5.320E-2	-3.382E-2	0.180	0.122	0.217
13.300	5.403E-2	-3.151E-2	4.155E-2	0.147	0.153
13.317	5.459E-2	-2.892E-2	0.332	0.215	0.395
13.333	6.509E-2	-2.435E-2	0.384	-5.908E-2	0.389
13.350	6.740E-2	-3.089E-2	-0.138	-0.119	0.182
13.367	6.048E-2	-2.831E-2	-0.298	0.161	0.339
13.383	5.747E-2	-2.552E-2	0.113	-8.077E-2	0.139
13.400	6.424E-2	-3.100E-2	0.142	-0.523	0.542
13.417	6.221E-2	-4.297E-2	0.198	-0.277	0.341
13.433	7.085E-2	-4.024E-2	0.151	0.151	0.214
13.450	6.725E-2	-3.794E-2	-0.166	-1.285E-3	0.166
13.467	6.532E-2	-4.028E-2	-3.468E-2	-0.488	0.489
13.483	6.609E-2	-5.421E-2	-6.328E-2	-0.405	0.410
13.500	6.321E-2	-5.377E-2	4.506E-2	-7.524E-3	4.568E-2
13.517	6.760E-2	-5.446E-2	0.118	0.225	0.254
13.533	6.714E-2	-4.627E-2	-8.977E-2	2.824E-2	9.410E-2
13.550	6.460E-2	-5.352E-2	-0.386	0.130	0.408
13.567	5.427E-2	-4.194E-2	-0.343	0.428	0.548
13.583	5.319E-2	-3.924E-2	0.137	-7.678E-2	0.157
13.600	5.882E-2	-4.450E-2	0.154	-3.243E-2	0.157
13.617	5.830E-2	-4.032E-2	-0.306	0.286	0.419
13.633	4.864E-2	-3.495E-2	-0.241	0.209	0.320
13.650	5.025E-2	-3.335E-2	0.108	8.562E-2	0.138
13.667	5.223E-2	-3.210E-2	0.134	1.283E-2	0.134
13.683	5.471E-2	-3.292E-2	0.437	-0.169	0.469
13.700	6.681E-2	-3.773E-2	0.431	-0.205	0.477
13.717	6.909E-2	-3.974E-2	-1.102E-2	0.145	0.145
13.733	6.644E-2	-3.290E-2	3.543E-2	0.256	0.258
13.750	7.027E-2	-3.122E-2	4.927E-2	-0.202	0.208
13.767	6.808E-2	-3.965E-2	0.106	-0.558	0.568
13.783	7.381E-2	-4.981E-2	-0.117	-0.346	0.365
13.800	6.418E-2	-5.116E-2	-0.583	4.412E-2	0.584
13.817	5.439E-2	-4.834E-2	-0.153	0.177	0.234
13.833	5.909E-2	-4.527E-2	0.163	-0.165	0.232
13.850	5.984E-2	-5.382E-2	3.181E-2	-0.185	0.188
13.867	6.015E-2	-5.143E-2	-0.227	0.371	0.435
13.883	5.226E-2	-4.144E-2	-3.550E-2	0.309	0.311
13.900	5.897E-2	-4.113E-2	8.897E-2	-9.065E-2	0.127
13.917	5.523E-2	-4.446E-2	-0.145	-2.406E-2	0.147
13.933	5.414E-2	-4.193E-2	-4.435E-2	0.344	0.347
13.950	5.375E-2	-3.298E-2	0.352	0.573	0.672
13.967	6.588E-2	-2.284E-2	0.382	-3.702E-2	0.384
13.983	6.649E-2	-3.421E-2	0.236	-0.213	0.318
14.000	7.375E-2	-2.994E-2	-3.432E-2	-5.437E-2	6.429E-2
14.017	6.535E-2	-3.603E-2	0.133	-6.444E-3	0.133
14.033	7.817E-2	-3.015E-2	0.388	0.127	0.408
14.050	7.826E-2	-3.178E-2	-1.256E-2	-0.126	0.126
14.067	7.775E-2	-3.434E-2	-0.324	7.713E-2	0.333
14.083	6.746E-2	-2.921E-2	-0.447	-0.283	0.529
14.100	6.285E-2	-4.377E-2	-0.231	-0.297	0.376
14.117	5.977E-2	-3.912E-2	-0.132	0.132	0.187
14.133	5.846E-2	-3.937E-2	-4.469E-2	2.254E-2	5.006E-2
14.150	5.828E-2	-3.836E-2	0.226	-0.186	0.293
14.167	6.600E-2	-4.555E-2	4.461E-2	-0.321	0.324
14.183	5.977E-2	-4.906E-2	-0.152	-8.162E-2	0.173
14.200	6.093E-2	-4.827E-2	-0.336	0.162	0.373
14.217	4.857E-2	-4.366E-2	0.212	0.268	0.342
14.233	6.800E-2	-3.933E-2	0.448	7.424E-2	0.454
14.250	6.351E-2	-4.118E-2	-0.186	9.333E-2	0.208
14.267	6.179E-2	-3.622E-2	-1.255E-2	0.314	0.314
14.283	6.309E-2	-3.072E-2	-9.015E-2	-1.919E-2	9.217E-2
14.300	5.879E-2	-3.686E-2	-0.160	-0.129	0.205
14.317	5.776E-2	-3.501E-2	0.254	-9.994E-2	0.273
14.333	6.725E-2	-4.019E-2	0.206	-0.192	0.282
14.350	6.463E-2	-4.141E-2	-9.178E-2	0.370	0.381
14.367	6.419E-2	-2.786E-2	0.150	0.158	0.218
14.383	6.961E-2	-3.614E-2	-4.490E-3	-7.184E-2	7.198E-2
14.400	6.404E-2	-3.026E-2	-9.178E-2	-8.820E-2	0.127
14.417	6.655E-2	-3.908E-2	-0.194	-0.301	0.358
14.433	5.757E-2	-4.030E-2	-1.819E-2	-7.919E-2	8.126E-2
14.450	6.595E-2	-4.172E-2	0.319	3.121E-2	0.320
14.467	6.820E-2	-3.926E-2	-0.285	6.061E-2	0.292
14.483	5.644E-2	-3.970E-2	-0.481	-1.961E-3	0.481
14.500	5.217E-2	-3.932E-2	-0.135	0.120	0.181
14.517	5.194E-2	-3.569E-2	0.223	0.153	0.270
14.533	5.960E-2	-3.422E-2	0.269	8.295E-2	0.281
14.550	6.089E-2	-3.293E-2	0.168	-0.183	0.248
14.567	6.518E-2	-4.031E-2	-9.217E-2	-0.100	0.136
14.583	5.782E-2	-3.627E-2	3.189E-2	-3.149E-2	4.482E-2
14.600	6.625E-2	-4.136E-2	0.186	-2.312E-2	0.187
14.617	6.401E-2	-3.705E-2	2.007E-2	0.107	0.109
14.633	6.692E-2	-3.778E-2	-1.047E-2	-0.301	0.301
14.650	6.366E-2	-4.708E-2	-0.133	-5.349E-2	0.144
14.667	6.247E-2	-3.956E-2	0.221	9.891E-2	0.242
14.683	7.103E-2	-4.378E-2	0.195	-3.623E-2	0.198
14.700	6.896E-2	-4.077E-2	-0.265	0.113	0.288
14.717	6.219E-2	-4.001E-2	-0.226	5.963E-2	0.234
14.733	6.142E-2	-3.878E-2	-6.991E-2	7.285E-2	0.101
14.750	5.986E-2	-3.758E-2	-0.101	7.941E-2	0.129
14.767	5.804E-2	-3.614E-2	-8.860E-2	8.620E-2	0.124
14.783	5.691E-2	-3.471E-2	-0.143	9.647E-2	0.172
14.800	5.329E-2	-3.292E-2	-3.749E-2	3.502E-2	5.130E-2
14.817	5.566E-2	-3.354E-2	7.169E-2	-2.436E-2	7.572E-2
14.833	5.568E-2	-3.373E-2	-0.101	1.744E-2	0.102
14.850	5.230E-2	-3.296E-2	-8.469E-2	-2.593E-3	8.472E-2
14.867	5.286E-2	-3.382E-2	0.321	-4.393E-2	0.324
14.883	6.299E-2	-3.442E-2	0.229	-0.315	0.390
14.900	6.049E-2	-4.432E-2	0.273	-8.580E-2	0.286
14.917	7.209E-2	-3.728E-2	2.722E-2	0.174	0.176
14.933	6.140E-2	-3.853E-2	-0.265	-0.291	0.394
14.950	6.325E-2	-4.697E-2	-5.865E-2	-0.207	0.215
14.967	5.945E-2	-4.543E-2	0.106	0.216	0.241
14.983	6.678E-2	-3.977E-2	0.330	1.875E-2	0.331
15.000	7.046E-2	-4.481E-2	-2.750E-2	0.123	0.126
15.017	6.586E-2	-3.567E-2	-0.142	0.267	0.303
15.033	6.571E-2	-3.590E-2	-1.793E-2	-0.168	0.169
15.050	6.527E-2	-4.128E-2	-7.948E-2	-3.994E-2	8.895E-2
15.067	6.306E-2	-3.723E-2	-0.439	0.117	0.454
15.083	5.065E-2	-3.739E-2	-0.197	-0.310	0.367
15.100	5.649E-2	-4.756E-2	1.955E-2	-0.283	0.284
15.117	5.130E-2	-4.682E-2	-2.871E-4	7.060E-2	7.060E-2
15.133	5.648E-2	-4.520E-2	3.958E-2	0.292	0.295
15.150	5.262E-2	-3.708E-2	-0.118	0.266	0.291
15.167	5.256E-2	-3.633E-2	2.236E-2	4.796E-2	5.291E-2
15.183	5.337E-2	-3.548E-2	6.490E-2	5.631E-2	8.592E-2
15.200	5.472E-2	-3.445E-2	0.114	4.420E-2	0.122
15.217	5.715E-2	-3.401E-2	0.241	0.102	0.262
15.233	6.277E-2	-3.105E-2	0.154	1.566E-2	0.155
15.250	6.228E-2	-3.349E-2	-0.233	-0.236	0.331
15.267	5.500E-2	-3.891E-2	0.144	-0.284	0.319
15.283	6.707E-2	-4.297E-2	0.597	-7.149E-2	0.601
15.300	7.489E-2	-4.129E-2	-0.170	-6.037E-2	0.181
15.317	6.139E-2	-4.498E-2	-0.449	1.351E-2	0.449
15.333	5.992E-2	-4.084E-2	0.156	-5.618E-2	0.166
15.350	6.659E-2	-4.685E-2	6.011E-2	-0.209	0.218
15.367	6.192E-2	-4.782E-2	1.203E-2	0.139	0.140
15.383	6.699E-2	-4.221E-2	-0.262	0.369	0.453
15.400	5.319E-2	-3.551E-2	-0.230	1.196E-2	0.230
15.417	5.933E-2	-4.181E-2	0.272	8.291E-2	0.284
15.433	6.224E-2	-3.275E-2	7.979E-3	0.376	0.376
15.450	5.959E-2	-2.928E-2	0.138	-9.181E-2	0.165
15.467	6.682E-2	-3.581E-2	2.573E-2	-0.326	0.327
15.483	6.045E-2	-4.013E-2	-0.407	0.245	0.475
15.500	5.326E-2	-2.764E-2	-0.220	0.386	0.444
15.517	5.312E-2	-2.727E-2	1.696E-2	2.201E-2	2.778E-2
15.533	5.382E-2	-2.691E-2	5.106E-2	1.327E-2	5.275E-2
15.550	5.483E-2	-2.683E-2	0.172	-0.132	0.217
15.567	5.956E-2	-3.131E-2	0.220	-0.426	0.480
15.583	6.215E-2	-4.104E-2	0.308	-0.173	0.354
15.600	6.983E-2	-3.708E-2	-0.264	4.046E-2	0.267
15.617	5.335E-2	-3.969E-2	-0.344	-0.184	0.390
15.633	5.837E-2	-4.321E-2	4.418E-2	0.146	0.153
15.650	5.482E-2	-3.482E-2	0.260	5.515E-2	0.266
15.667	6.705E-2	-4.137E-2	0.323	-0.351	0.477
15.683	6.560E-2	-4.652E-2	-0.311	7.249E-2	0.319
15.700	5.669E-2	-3.896E-2	-0.141	0.255	0.291
15.717	6.089E-2	-3.803E-2	0.169	3.981E-2	0.173
15.733	6.232E-2	-3.763E-2	4.664E-2	4.237E-2	6.302E-2
15.750	6.245E-2	-3.662E-2	-9.997E-2	-0.216	0.238
15.767	5.899E-2	-4.484E-2	-2.676E-2	2.865E-2	3.921E-2
15.783	6.155E-2	-3.566E-2	3.913E-2	0.307	0.309
15.800	6.029E-2	-3.462E-2	-6.853E-2	5.202E-2	8.604E-2
15.817	5.927E-2	-3.393E-2	-6.620E-2	1.135E-2	6.717E-2
15.833	5.809E-2	-3.424E-2	-6.630E-2	-8.751E-3	6.688E-2
15.850	5.706E-2	-3.422E-2	-5.043E-2	-5.171E-4	5.043E-2
15.867	5.641E-2	-3.426E-2	-2.507E-2	-9.041E-3	2.665E-2
15.883	5.622E-2	-3.452E-2	-6.316E-4	-1.632E-2	1.633E-2
15.900	5.638E-2	-3.480E-2	3.672E-2	-2.747E-2	4.586E-2
15.917	5.745E-2	-3.544E-2	6.611E-2	-3.874E-2	7.662E-2
15.933	5.859E-2	-3.610E-2	8.174E-2	-4.638E-2	9.398E-2
15.950	6.017E-2	-3.698E-2	8.774E-2	-2.920E-2	9.247E-2
15.967	6.151E-2	-3.707E-2	7.603E-2	-1.062E-2	7.677E-2
15.983	6.271E-2	-3.733E-2	5.958E-2	-1.189E-2	6.075E-2
16.000	6.350E-2	-3.747E-2	-0.237	-0.178	0.296
16.017	5.482E-2	-4.328E-2	-0.150	-1.193E-2	0.150
16.033	5.850E-2	-3.786E-2	0.112	8.373E-3	0.113
16.050	5.857E-2	-4.301E-2	-6.807E-2	0.101	0.122
16.067	5.623E-2	-3.450E-2	-5.508E-2	0.192	0.200
16.083	5.674E-2	-3.660E-2	0.232	-0.202	0.307
16.100	6.395E-2	-4.122E-2	0.257	-8.361E-2	0.270
16.117	6.530E-2	-3.939E-2	6.541E-2	0.133	0.149
16.133	6.613E-2	-3.677E-2	-0.160	2.984E-2	0.162
16.150	5.998E-2	-3.839E-2	-0.399	-8.244E-2	0.407
16.167	5.284E-2	-3.952E-2	-0.198	-2.201E-2	0.200
16.183	5.336E-2	-3.913E-2	0.243	0.155	0.288
16.200	6.095E-2	-3.435E-2	0.444	0.358	0.571
16.217	6.816E-2	-2.718E-2	1.515E-2	5.366E-2	5.575E-2
16.233	6.145E-2	-3.256E-2	-0.212	-0.171	0.273
16.250	6.109E-2	-3.288E-2	-3.347E-2	-1.763E-2	3.783E-2
16.267	6.034E-2	-3.315E-2	-3.777E-2	-4.355E-2	5.765E-2
16.283	5.983E-2	-3.433E-2	-0.157	-4.782E-2	0.165
16.300	5.509E-2	-3.474E-2	-0.168	-6.195E-2	0.179
16.317	5.423E-2	-3.640E-2	-6.380E-2	-9.020E-2	0.110
16.333	5.296E-2	-3.775E-2	0.167	0.149	0.224
16.350	5.981E-2	-3.143E-2	0.378	-9.790E-2	0.390
16.367	6.555E-2	-4.101E-2	0.107	-3.401E-2	0.112
16.383	6.337E-2	-3.256E-2	3.567E-3	7.742E-2	7.750E-2
16.400	6.567E-2	-3.843E-2	6.676E-2	-0.203	0.214
16.417	6.560E-2	-3.934E-2	-1.319E-2	-2.812E-2	3.106E-2
16.433	6.523E-2	-3.937E-2	-2.002E-2	8.521E-3	2.176E-2
16.450	6.493E-2	-3.905E-2	0.133	-0.102	0.167
16.467	6.965E-2	-4.278E-2	-6.755E-2	0.267	0.275
16.483	6.268E-2	-3.015E-2	-0.114	0.297	0.318
16.500	6.586E-2	-3.288E-2	0.185	-0.237	0.301
16.517	6.885E-2	-3.805E-2	-5.108E-2	3.738E-2	6.329E-2
16.533	6.415E-2	-3.163E-2	-0.129	-9.521E-2	0.160
16.550	6.455E-2	-4.122E-2	-6.026E-2	-0.142	0.154
16.567	6.215E-2	-3.635E-2	-0.153	0.106	0.187
16.583	5.944E-2	-3.767E-2	-0.287	-0.179	0.338
16.600	5.258E-2	-4.231E-2	-0.111	-5.044E-2	0.122
16.617	5.575E-2	-3.936E-2	5.608E-2	7.714E-2	9.537E-2
16.633	5.445E-2	-3.973E-2	-5.184E-2	-7.049E-3	5.232E-2
16.650	5.403E-2	-3.959E-2	-0.140	-0.112	0.179
16.667	4.980E-2	-4.347E-2	-6.636E-2	-0.185	0.196
16.683	5.181E-2	-4.575E-2	2.140E-3	0.120	0.120
16.700	4.987E-2	-3.946E-2	0.327	3.109E-2	0.329
16.717	6.273E-2	-4.471E-2	0.432	-1.368E-2	0.432
16.733	6.426E-2	-3.992E-2	-1.726E-2	0.323	0.323
16.750	6.216E-2	-3.396E-2	-0.240	3.621E-2	0.243
16.767	5.626E-2	-3.871E-2	9.670E-2	-0.266	0.283
16.783	6.538E-2	-4.284E-2	0.350	-1.042E-2	0.350
16.800	6.791E-2	-3.906E-2	0.113	0.101	0.151
16.817	6.913E-2	-3.947E-2	4.918E-2	-5.739E-2	7.558E-2
16.833	6.955E-2	-4.097E-2	-0.181	-0.222	0.286
16.850	6.311E-2	-4.687E-2	-0.167	8.253E-2	0.187
16.867	6.397E-2	-3.822E-2	8.789E-2	-2.660E-2	9.183E-2
16.883	6.604E-2	-4.775E-2	-0.267	9.171E-2	0.282
16.900	5.507E-2	-3.516E-2	-0.170	0.234	0.289
16.917	6.038E-2	-3.996E-2	0.386	-0.168	0.420
16.933	6.793E-2	-4.075E-2	-0.339	4.240E-3	0.339
16.950	4.907E-2	-3.982E-2	-0.578	2.917E-2	0.579
16.967	4.865E-2	-3.978E-2	-5.958E-2	8.468E-2	0.104
16.983	4.709E-2	-3.700E-2	-1.282E-2	6.585E-2	6.709E-2
17.000	4.823E-2	-3.758E-2	6.741E-2	-1.533E-2	6.913E-2
17.017	4.933E-2	-3.751E-2	5.669E-2	3.098E-2	6.460E-2
17.033	5.012E-2	-3.655E-2	5.406E-2	4.606E-2	7.103E-2
17.050	5.113E-2	-3.597E-2	9.809E-2	-2.108E-2	0.100
17.067	5.339E-2	-3.725E-2	0.107	-4.902E-2	0.118
17.083	5.470E-2	-3.761E-2	0.237	-9.153E-2	0.254
17.100	6.127E-2	-4.030E-2	0.287	2.612E-2	0.289
17.117	6.429E-2	-3.673E-2	9.991E-2	0.102	0.143
17.133	6.460E-2	-3.689E-2	-2.863E-3	-0.119	0.120
17.150	6.419E-2	-4.072E-2	-0.132	-0.288	0.317
17.167	6.019E-2	-4.649E-2	0.167	-8.645E-2	0.188
17.183	6.977E-2	-4.360E-2	0.319	4.557E-2	0.322
17.200	7.083E-2	-4.497E-2	-8.586E-2	-8.250E-2	0.119
17.217	6.691E-2	-4.635E-2	-0.323	0.247	0.407
17.233	6.006E-2	-3.674E-2	-0.136	0.196	0.239
17.250	6.238E-2	-3.981E-2	-0.199	-0.175	0.265
17.267	5.343E-2	-4.258E-2	-0.137	0.117	0.181
17.283	5.781E-2	-3.590E-2	-0.164	3.866E-3	0.164
17.300	4.798E-2	-4.246E-2	7.096E-2	-0.308	0.316
17.317	6.017E-2	-4.616E-2	0.316	-9.166E-2	0.329
17.333	5.852E-2	-4.551E-2	-9.905E-2	0.291	0.307
17.350	5.687E-2	-3.646E-2	3.616E-3	2.207E-2	2.236E-2
17.367	5.864E-2	-4.477E-2	5.580E-2	2.953E-2	6.313E-2
17.383	5.873E-2	-3.547E-2	4.566E-2	0.281	0.284
17.400	6.017E-2	-3.542E-2	7.697E-2	9.235E-3	7.752E-2
17.417	6.130E-2	-3.517E-2	7.164E-2	1.606E-2	7.342E-2
17.433	6.255E-2	-3.488E-2	5.519E-2	4.251E-3	5.535E-2
17.450	6.314E-2	-3.502E-2	-0.261	-6.327E-2	0.269
17.467	5.384E-2	-3.699E-2	-0.278	-0.167	0.324
17.483	5.386E-2	-4.058E-2	0.257	0.158	0.301
17.500	6.240E-2	-3.173E-2	0.473	-5.006E-2	0.475
17.517	6.962E-2	-4.225E-2	0.139	-0.369	0.395
17.533	6.704E-2	-4.403E-2	5.452E-3	8.450E-2	8.467E-2
17.550	6.980E-2	-3.943E-2	-0.320	1.373E-2	0.320
17.567	5.638E-2	-4.358E-2	-0.290	-0.223	0.366
17.583	6.014E-2	-4.687E-2	0.139	-4.322E-2	0.145
17.600	6.101E-2	-4.502E-2	7.720E-2	0.134	0.155
17.617	6.271E-2	-4.239E-2	0.104	0.128	0.165
17.633	6.446E-2	-4.074E-2	0.111	0.112	0.157
17.650	6.641E-2	-3.866E-2	5.612E-2	0.104	0.119
17.667	6.633E-2	-3.726E-2	-0.189	-1.347E-2	0.189
17.683	6.012E-2	-3.911E-2	-0.342	0.195	0.394
17.700	5.491E-2	-3.075E-2	0.252	0.382	0.458
17.717	6.853E-2	-2.636E-2	0.603	-0.113	0.613
17.733	7.500E-2	-3.450E-2	0.204	-0.248	0.321
17.750	7.532E-2	-3.462E-2	-3.817E-3	-2.279E-2	2.311E-2
17.767	7.488E-2	-3.526E-2	-5.926E-2	-4.255E-2	7.295E-2
17.783	7.335E-2	-3.604E-2	-0.368	-1.944E-2	0.369
17.800	6.260E-2	-3.591E-2	-0.206	0.218	0.300
17.817	6.647E-2	-2.877E-2	6.913E-2	0.184	0.196
17.833	6.490E-2	-2.978E-2	-0.447	-0.100	0.458
17.850	5.158E-2	-3.210E-2	-0.344	-0.438	0.557
17.867	5.344E-2	-4.439E-2	3.565E-2	3.379E-3	3.581E-2
17.883	5.277E-2	-3.199E-2	0.263	8.757E-2	0.277
17.900	6.221E-2	-4.147E-2	0.294	-0.335	0.445
17.917	6.257E-2	-4.314E-2	9.678E-2	-5.556E-2	0.112
17.933	6.544E-2	-4.333E-2	-0.168	-1.987E-2	0.169
17.950	5.697E-2	-4.381E-2	-0.207	6.447E-2	0.217
17.967	5.854E-2	-4.118E-2	-5.724E-2	6.978E-2	9.025E-2
17.983	5.506E-2	-4.148E-2	0.247	0.133	0.281
18.000	6.678E-2	-3.673E-2	0.408	0.110	0.422
18.017	6.866E-2	-3.782E-2	-0.205	-0.198	0.285
18.033	5.995E-2	-4.334E-2	-0.298	-0.145	0.332
18.050	5.873E-2	-4.267E-2	8.692E-2	0.273	0.286
18.067	6.285E-2	-3.424E-2	0.214	1.483E-3	0.214
18.083	6.585E-2	-4.262E-2	3.574E-2	-0.266	0.269
18.100	6.404E-2	-4.311E-2	-0.106	-1.543E-2	0.107
18.117	6.233E-2	-4.313E-2	-0.190	0.137	0.234
18.133	5.771E-2	-3.854E-2	-8.458E-2	2.094E-2	8.713E-2
18.150	5.951E-2	-4.243E-2	-2.843E-2	-3.308E-2	4.362E-2
18.167	5.676E-2	-3.964E-2	-8.764E-2	9.400E-2	0.129
18.183	5.659E-2	-3.930E-2	1.695E-2	5.389E-3	1.779E-2
18.200	5.733E-2	-3.947E-2	6.172E-2	3.035E-3	6.179E-2
18.217	5.865E-2	-3.920E-2	-0.161	-0.125	0.204
18.233	5.198E-2	-4.364E-2	8.907E-2	3.056E-2	9.416E-2
18.250	6.161E-2	-3.818E-2	0.285	0.209	0.353
18.267	6.147E-2	-3.666E-2	-3.383E-2	-7.050E-2	7.820E-2
18.283	6.049E-2	-4.053E-2	5.479E-3	6.612E-2	6.635E-2
18.300	6.165E-2	-3.445E-2	0.308	0.323	0.446
18.317	7.074E-2	-2.975E-2	0.220	-0.147	0.264
18.333	6.897E-2	-3.935E-2	-3.187E-2	-0.272	0.274
18.350	6.967E-2	-3.884E-2	-0.285	-0.126	0.311
18.367	5.949E-2	-4.356E-2	-0.290	-0.156	0.330
18.383	6.000E-2	-4.405E-2	1.424E-2	0.178	0.178
18.400	5.996E-2	-3.763E-2	-0.207	0.518	0.558
18.417	5.309E-2	-2.679E-2	0.129	0.229	0.263
18.433	6.427E-2	-3.000E-2	-0.149	-0.167	0.224
18.450	4.812E-2	-3.235E-2	2.016E-2	-0.313	0.313
18.467	6.494E-2	-4.043E-2	0.598	-0.207	0.633
18.483	6.805E-2	-3.925E-2	-7.239E-3	-3.740E-2	3.810E-2
18.500	6.470E-2	-4.167E-2	-0.258	0.283	0.383
18.517	5.945E-2	-2.981E-2	-0.117	0.370	0.388
18.533	6.081E-2	-2.935E-2	7.837E-2	1.649E-2	8.009E-2
18.550	6.206E-2	-2.926E-2	-2.684E-2	-0.448	0.449
18.567	5.991E-2	-4.429E-2	0.382	-0.225	0.443
18.583	7.479E-2	-3.675E-2	0.432	0.225	0.487
18.600	7.433E-2	-3.680E-2	-0.402	-0.114	0.418
18.617	6.139E-2	-4.056E-2	-0.433	5.168E-2	0.436
18.633	5.990E-2	-3.508E-2	-0.136	0.325	0.352
18.650	5.687E-2	-2.972E-2	0.273	-7.796E-3	0.273
18.667	6.901E-2	-3.534E-2	0.305	-0.198	0.364
18.683	6.704E-2	-3.632E-2	-0.121	-6.416E-2	0.137
18.700	6.496E-2	-3.747E-2	-0.126	-0.118	0.173
18.717	6.283E-2	-4.024E-2	-0.140	8.793E-2	0.165
18.733	6.031E-2	-3.454E-2	-0.103	-0.120	0.158
18.750	5.939E-2	-4.426E-2	3.431E-3	-0.389	0.389
18.767	6.042E-2	-4.751E-2	3.314E-2	0.171	0.175
18.783	6.050E-2	-3.854E-2	0.243	0.153	0.287
18.800	6.852E-2	-4.239E-2	-1.203E-2	-2.698E-2	2.954E-2
18.817	6.010E-2	-3.944E-2	-0.265	0.190	0.327
18.833	5.967E-2	-3.605E-2	1.367E-2	0.115	0.116
18.850	6.055E-2	-3.559E-2	4.424E-2	3.410E-2	5.586E-2
18.867	6.115E-2	-3.491E-2	0.102	8.232E-2	0.131
18.883	6.394E-2	-3.285E-2	-3.737E-4	-0.186	0.186
18.900	6.113E-2	-4.110E-2	-8.897E-2	2.429E-2	9.222E-2
18.917	6.098E-2	-3.204E-2	-8.107E-3	0.228	0.228
18.933	6.086E-2	-3.349E-2	-2.751E-2	3.706E-2	4.616E-2
18.950	6.006E-2	-3.080E-2	-0.194	0.209	0.285
18.967	5.440E-2	-2.652E-2	0.263	-0.272	0.378
18.983	6.882E-2	-3.988E-2	0.214	-0.255	0.332
19.000	6.152E-2	-3.501E-2	-0.297	0.218	0.369
19.017	5.891E-2	-3.261E-2	0.249	-3.842E-2	0.252
19.033	6.981E-2	-3.629E-2	0.261	-2.951E-2	0.263
19.050	6.761E-2	-3.359E-2	-3.784E-2	-3.689E-3	3.802E-2
19.067	6.855E-2	-3.641E-2	-0.141	-0.310	0.341
19.083	6.292E-2	-4.393E-2	-0.323	-9.514E-2	0.337
19.100	5.777E-2	-3.959E-2	0.147	-6.650E-2	0.162
19.117	6.782E-2	-4.615E-2	0.311	-0.205	0.373
19.133	6.814E-2	-4.642E-2	-4.880E-3	7.268E-2	7.284E-2
19.150	6.766E-2	-4.373E-2	3.368E-2	0.181	0.185
19.167	6.926E-2	-4.037E-2	6.013E-2	0.158	0.169
19.183	6.967E-2	-3.847E-2	1.132E-3	0.129	0.129
19.200	6.930E-2	-3.608E-2	-1.985E-2	0.123	0.124
19.217	6.900E-2	-3.438E-2	-2.409E-2	9.552E-2	9.851E-2
19.233	6.849E-2	-3.290E-2	-0.203	-0.224	0.302
19.250	6.222E-2	-4.184E-2	-0.213	-0.247	0.326
19.267	6.140E-2	-4.114E-2	-3.941E-2	1.932E-2	4.389E-2
19.283	6.091E-2	-4.120E-2	0.129	0.289	0.317
19.300	6.570E-2	-3.150E-2	0.137	0.260	0.294
19.317	6.548E-2	-3.253E-2	-6.824E-3	-8.170E-2	8.199E-2
19.333	6.547E-2	-3.422E-2	2.077E-3	-0.106	0.106
19.350	6.555E-2	-3.606E-2	7.333E-3	-0.104	0.104
19.367	6.572E-2	-3.767E-2	2.780E-2	-9.482E-2	9.881E-2
19.383	6.648E-2	-3.922E-2	4.538E-2	-9.752E-2	0.108
19.400	6.723E-2	-4.092E-2	4.224E-2	-8.262E-2	9.279E-2
19.417	6.789E-2	-4.197E-2	3.346E-2	-4.878E-2	5.915E-2
19.433	6.834E-2	-4.255E-2	1.773E-2	-2.774E-2	3.292E-2
19.450	6.848E-2	-4.290E-2	-1.885E-2	-7.591E-3	2.032E-2
19.467	6.772E-2	-4.280E-2	-4.894E-2	-1.641E-2	5.162E-2
19.483	6.685E-2	-4.344E-2	-9.232E-2	4.374E-2	0.102
19.500	6.464E-2	-4.134E-2	8.491E-2	1.764E-2	8.672E-2
19.517	6.968E-2	-4.286E-2	-0.116	9.365E-2	0.149
19.533	6.079E-2	-3.822E-2	-0.320	0.197	0.376
19.550	5.901E-2	-3.628E-2	-0.121	9.227E-2	0.152
19.567	5.676E-2	-3.515E-2	-0.213	-4.641E-2	0.218
19.583	5.192E-2	-3.783E-2	-0.223	8.736E-2	0.239
19.600	4.934E-2	-3.223E-2	-7.599E-2	0.123	0.144
19.617	4.939E-2	-3.374E-2	0.275	-0.131	0.305
19.633	5.851E-2	-3.659E-2	0.303	-0.155	0.340
19.650	5.947E-2	-3.891E-2	2.983E-2	-0.112	0.116
19.667	5.950E-2	-4.032E-2	4.238E-2	-9.517E-2	0.104
19.683	6.089E-2	-4.209E-2	0.180	-0.171	0.248
19.700	6.549E-2	-4.601E-2	4.590E-2	-1.268E-2	4.762E-2
19.717	6.242E-2	-4.251E-2	5.904E-2	3.537E-2	6.882E-2
19.733	6.746E-2	-4.483E-2	-2.929E-3	8.698E-2	8.703E-2
19.750	6.232E-2	-3.961E-2	-0.265	0.105	0.285
19.767	5.862E-2	-4.133E-2	-6.717E-2	-6.395E-2	9.274E-2
19.783	6.008E-2	-4.174E-2	0.271	-9.706E-2	0.288
19.800	6.766E-2	-4.457E-2	0.124	0.110	0.166
19.817	6.421E-2	-3.806E-2	-9.821E-2	0.222	0.243
19.833	6.438E-2	-3.717E-2	5.517E-3	5.550E-2	5.577E-2
19.850	6.440E-2	-3.621E-2	4.766E-3	5.648E-2	5.668E-2
19.867	6.454E-2	-3.528E-2	3.027E-2	2.196E-2	3.739E-2
19.883	6.541E-2	-3.548E-2	-0.199	-0.244	0.315
19.900	5.793E-2	-4.343E-2	-0.164	-0.280	0.325
19.917	5.994E-2	-4.482E-2	-0.134	0.370	0.393
19.933	5.345E-2	-3.111E-2	0.160	0.479	0.505
19.950	6.528E-2	-2.884E-2	0.311	6.556E-2	0.318
19.967	6.382E-2	-2.892E-2	-8.135E-2	-3.323E-3	8.142E-2
19.983	6.257E-2	-2.895E-2	0.141	-0.306	0.337
20.000	6.852E-2	-3.910E-2	0.263	-0.300	0.399
20.017	7.133E-2	-3.894E-2	9.579E-2	6.697E-3	9.602E-2
20.033	7.172E-2	-3.888E-2	1.146E-2	2.594E-2	2.836E-2
20.050	7.172E-2	-3.807E-2	1.351E-3	2.600E-2	2.604E-2
20.067	7.176E-2	-3.801E-2	-0.134	8.982E-2	0.161
20.083	6.725E-2	-3.508E-2	-0.326	7.539E-2	0.334
20.100	6.090E-2	-3.550E-2	-2.725E-2	0.235	0.236
20.117	6.634E-2	-2.726E-2	-0.207	0.229	0.308
20.133	5.401E-2	-2.788E-2	-0.196	-0.245	0.314
20.150	5.981E-2	-3.544E-2	3.235E-2	-0.392	0.393
20.167	5.509E-2	-4.094E-2	0.178	2.369E-3	0.178
20.183	6.576E-2	-3.536E-2	0.317	0.107	0.335
20.200	6.567E-2	-3.738E-2	-3.800E-2	-0.106	0.112
20.217	6.449E-2	-3.888E-2	-3.863E-2	-9.510E-2	0.103
20.233	6.438E-2	-4.055E-2	-4.928E-2	-0.156	0.164
20.250	6.285E-2	-4.409E-2	-0.223	0.112	0.249
20.267	5.696E-2	-3.681E-2	-6.948E-2	-3.499E-2	7.779E-2
20.283	6.053E-2	-4.526E-2	6.912E-2	-0.224	0.234
20.300	5.926E-2	-4.427E-2	-9.775E-2	7.682E-2	0.124
20.317	5.727E-2	-4.270E-2	0.154	-0.116	0.193
20.333	6.440E-2	-4.813E-2	-4.655E-2	0.254	0.258
20.350	5.572E-2	-3.424E-2	-0.267	0.460	0.532
20.367	5.550E-2	-3.279E-2	0.324	-0.302	0.443
20.383	6.651E-2	-4.432E-2	0.341	-0.317	0.465
20.400	6.685E-2	-4.336E-2	-4.489E-3	4.821E-2	4.842E-2
20.417	6.636E-2	-4.271E-2	-0.230	0.286	0.367
20.433	5.918E-2	-3.382E-2	-0.336	0.420	0.538
20.450	5.517E-2	-2.872E-2	9.821E-3	1.832E-2	2.079E-2
20.467	5.950E-2	-3.321E-2	-0.112	-0.118	0.163
20.483	5.142E-2	-3.265E-2	-3.115E-3	7.452E-4	3.202E-3
20.500	5.940E-2	-3.319E-2	0.258	-4.923E-2	0.262
20.517	6.001E-2	-3.429E-2	0.395	-0.121	0.413
20.533	7.256E-2	-3.724E-2	-0.149	-0.313	0.347
20.550	5.504E-2	-4.473E-2	-0.483	-0.151	0.506
20.567	5.647E-2	-4.228E-2	7.644E-2	0.194	0.208
20.583	5.759E-2	-3.828E-2	0.258	-0.173	0.311
20.600	6.506E-2	-4.806E-2	6.154E-2	-5.110E-2	7.999E-2
20.617	5.964E-2	-3.998E-2	-0.155	0.250	0.294
20.633	5.990E-2	-3.971E-2	0.105	-0.211	0.236
20.650	6.314E-2	-4.702E-2	-2.429E-2	-0.282	0.283
20.667	5.909E-2	-4.910E-2	-0.195	6.222E-2	0.205
20.683	5.664E-2	-4.495E-2	-6.054E-2	0.165	0.176
20.700	5.708E-2	-4.360E-2	0.213	0.256	0.333
20.717	6.374E-2	-3.642E-2	0.261	0.308	0.404
20.733	6.578E-2	-3.333E-2	6.461E-2	0.122	0.138
20.750	6.589E-2	-3.235E-2	-0.202	-1.457E-2	0.202
20.767	5.905E-2	-3.382E-2	-0.196	-8.352E-2	0.213
20.783	5.936E-2	-3.513E-2	8.618E-2	-0.244	0.259
20.800	6.192E-2	-4.197E-2	-3.750E-2	-7.467E-2	8.356E-2
20.817	5.811E-2	-3.762E-2	-4.191E-2	0.195	0.200
20.833	6.053E-2	-3.546E-2	4.823E-2	0.190	0.196
20.850	5.972E-2	-3.130E-2	-1.137E-2	8.346E-2	8.423E-2
20.867	6.015E-2	-3.268E-2	3.366E-2	-0.121	0.126
20.883	6.084E-2	-3.535E-2	3.941E-2	-0.225	0.228
20.900	6.146E-2	-4.017E-2	0.115	-0.371	0.389
20.917	6.466E-2	-4.773E-2	-5.002E-2	-0.255	0.259
20.933	5.979E-2	-4.866E-2	6.784E-2	0.229	0.239
20.950	6.692E-2	-4.010E-2	0.183	0.268	0.324
20.967	6.589E-2	-3.973E-2	-8.439E-2	3.299E-2	9.061E-2
20.983	6.411E-2	-3.900E-2	-7.992E-2	-3.288E-3	7.999E-2
21.000	6.323E-2	-3.984E-2	-4.831E-2	6.230E-2	7.883E-2
21.017	6.250E-2	-3.693E-2	-0.102	3.819E-2	0.109
21.033	5.983E-2	-3.857E-2	6.865E-2	-0.164	0.178
21.050	6.479E-2	-4.238E-2	-0.196	2.010E-2	0.197
21.067	5.329E-2	-3.790E-2	-0.125	0.269	0.297
21.083	6.061E-2	-3.341E-2	0.235	8.323E-2	0.250
21.100	6.114E-2	-3.513E-2	5.961E-3	-9.276E-2	9.296E-2
21.117	6.081E-2	-3.651E-2	0.147	-0.219	0.264
21.133	6.605E-2	-4.244E-2	8.255E-2	-0.158	0.179
21.150	6.356E-2	-4.178E-2	2.238E-2	-0.103	0.106
21.167	6.679E-2	-4.588E-2	6.983E-2	-0.111	0.131
21.183	6.589E-2	-4.547E-2	-0.131	0.110	0.170
21.200	6.244E-2	-4.223E-2	-0.145	0.147	0.206
21.217	6.106E-2	-4.056E-2	-0.274	-9.334E-2	0.290
21.233	5.330E-2	-4.534E-2	-6.248E-2	0.103	0.121
21.250	5.898E-2	-3.713E-2	0.102	0.134	0.168
21.267	5.671E-2	-4.088E-2	-3.031E-2	-9.770E-2	0.102
21.283	5.797E-2	-4.038E-2	8.258E-2	3.443E-2	8.948E-2
21.300	5.946E-2	-3.973E-2	8.693E-2	0.245	0.260
21.317	6.087E-2	-3.223E-2	0.148	-1.274E-2	0.148
21.333	6.439E-2	-4.016E-2	0.137	-0.205	0.247
21.350	6.543E-2	-3.908E-2	3.747E-2	9.802E-2	0.105
21.367	6.564E-2	-3.689E-2	6.168E-2	5.819E-2	8.480E-2
21.383	6.749E-2	-3.714E-2	8.547E-2	-2.032E-2	8.785E-2
21.400	6.849E-2	-3.757E-2	3.750E-2	1.817E-3	3.754E-2
21.417	6.874E-2	-3.708E-2	-0.343	0.182	0.388
21.433	5.706E-2	-3.152E-2	-0.138	-0.326	0.354
21.450	6.414E-2	-4.796E-2	0.226	-0.495	0.544
21.467	6.461E-2	-4.801E-2	1.486E-2	4.182E-3	1.544E-2
21.483	6.464E-2	-4.782E-2	-9.965E-3	2.112E-2	2.335E-2
21.500	6.427E-2	-4.730E-2	-3.746E-2	3.667E-2	5.242E-2
21.517	6.339E-2	-4.659E-2	-4.696E-2	4.374E-2	6.417E-2
21.533	6.271E-2	-4.585E-2	-4.746E-2	4.845E-2	6.782E-2
21.550	6.180E-2	-4.498E-2	-4.703E-2	4.308E-2	6.378E-2
21.567	6.114E-2	-4.441E-2	-5.934E-2	6.118E-2	8.523E-2
21.583	5.983E-2	-4.294E-2	0.140	0.328	0.357
21.600	6.581E-2	-3.347E-2	-1.390E-2	0.280	0.280
21.617	5.936E-2	-3.360E-2	-0.226	-0.258	0.343
21.633	5.828E-2	-4.207E-2	-4.014E-2	-0.258	0.261
21.650	5.803E-2	-4.220E-2	-1.408E-2	-1.817E-2	2.298E-2
21.667	5.781E-2	-4.267E-2	-1.992E-2	-3.157E-2	3.733E-2
21.683	5.736E-2	-4.325E-2	0.285	8.095E-2	0.296
21.700	6.730E-2	-3.997E-2	0.290	4.624E-2	0.294
21.717	6.703E-2	-4.171E-2	-4.258E-2	-7.533E-2	8.653E-2
21.733	6.588E-2	-4.249E-2	-5.253E-2	-0.114	0.125
21.750	6.528E-2	-4.549E-2	-3.958E-2	-0.156	0.161
21.767	6.456E-2	-4.768E-2	2.432E-2	-9.832E-2	0.101
21.783	6.609E-2	-4.877E-2	5.323E-2	-8.127E-3	5.385E-2
21.800	6.633E-2	-4.795E-2	-0.239	0.145	0.279
21.817	5.813E-2	-4.395E-2	-0.235	5.426E-2	0.241
21.833	5.852E-2	-4.615E-2	-0.129	0.144	0.193
21.850	5.382E-2	-3.916E-2	-4.003E-2	0.358	0.360
21.867	5.718E-2	-3.421E-2	0.115	0.163	0.200
21.883	5.766E-2	-3.372E-2	2.343E-2	4.203E-2	4.812E-2
21.900	5.796E-2	-3.280E-2	4.907E-2	4.220E-3	4.925E-2
21.917	5.930E-2	-3.358E-2	-6.069E-3	7.118E-2	7.144E-2
21.933	5.776E-2	-3.043E-2	2.045E-2	4.616E-3	2.096E-2
21.950	5.998E-2	-3.343E-2	-0.150	-9.750E-2	0.179
21.967	5.276E-2	-3.368E-2	6.599E-2	-7.506E-2	9.995E-2
21.983	6.218E-2	-3.593E-2	0.283	-8.808E-2	0.296
22.000	6.218E-2	-3.662E-2	1.009E-3	-4.335E-2	4.336E-2
22.017	6.221E-2	-3.738E-2	0.284	-3.715E-2	0.286
22.033	7.163E-2	-3.786E-2	-6.314E-2	-0.220	0.228
22.050	6.011E-2	-4.469E-2	-0.281	-0.308	0.417
22.067	6.226E-2	-4.814E-2	-9.767E-2	-8.544E-2	0.130
22.083	5.685E-2	-4.754E-2	0.210	7.612E-2	0.224
22.100	6.927E-2	-4.560E-2	0.195	9.422E-2	0.217
22.117	6.336E-2	-4.440E-2	-0.178	0.131	0.221
22.133	6.335E-2	-4.123E-2	2.754E-2	0.130	0.133
22.150	6.427E-2	-4.008E-2	3.906E-2	9.155E-2	9.953E-2
22.167	6.465E-2	-3.818E-2	3.050E-2	0.104	0.108
22.183	6.529E-2	-3.663E-2	4.348E-2	8.545E-2	9.587E-2
22.200	6.610E-2	-3.533E-2	4.825E-2	7.730E-2	9.112E-2
22.217	6.690E-2	-3.405E-2	4.440E-2	4.877E-2	6.596E-2
22.233	6.758E-2	-3.370E-2	-0.115	-0.295	0.316
22.250	6.308E-2	-4.388E-2	-8.390E-2	-0.313	0.324
22.267	6.478E-2	-4.414E-2	-0.212	0.430	0.479
22.283	5.602E-2	-2.956E-2	-0.272	0.402	0.485
22.300	5.572E-2	-3.075E-2	-1.350E-2	-6.724E-2	6.858E-2
22.317	5.557E-2	-3.180E-2	-2.096E-2	-6.355E-2	6.692E-2
22.333	5.502E-2	-3.287E-2	-2.211E-2	-2.575E-2	3.394E-2
22.350	5.484E-2	-3.266E-2	-7.412E-3	1.090E-2	1.318E-2
22.367	5.477E-2	-3.250E-2	0.352	-0.180	0.395
22.383	6.657E-2	-3.866E-2	0.333	-0.183	0.380
22.400	6.586E-2	-3.861E-2	-3.364E-2	-1.712E-2	3.774E-2
22.417	6.545E-2	-3.923E-2	-4.434E-2	-3.841E-3	4.450E-2
22.433	6.438E-2	-3.873E-2	-3.962E-2	1.149E-2	4.126E-2
22.450	6.413E-2	-3.884E-2	-2.726E-2	4.978E-3	2.771E-2
22.467	6.348E-2	-3.857E-2	-3.161E-2	2.615E-2	4.103E-2
22.483	6.308E-2	-3.797E-2	1.564E-2	-7.525E-2	7.686E-2
22.500	6.400E-2	-4.108E-2	0.162	-0.137	0.213
22.517	6.849E-2	-4.255E-2	-9.205E-2	3.796E-2	9.957E-2
22.533	6.093E-2	-3.981E-2	-0.237	7.218E-2	0.247
22.550	6.061E-2	-4.015E-2	-2.158E-2	4.561E-3	2.205E-2
22.567	6.021E-2	-3.966E-2	0.333	0.126	0.356
22.583	7.172E-2	-3.594E-2	-6.317E-2	-2.254E-2	6.707E-2
22.600	5.810E-2	-4.041E-2	-0.431	-0.168	0.462
22.617	5.737E-2	-4.154E-2	-5.288E-2	-4.843E-2	7.171E-2
22.633	5.634E-2	-4.202E-2	3.930E-2	8.941E-2	9.767E-2
22.650	5.868E-2	-3.856E-2	4.906E-2	0.104	0.115
22.667	5.798E-2	-3.857E-2	5.255E-2	-0.370	0.374
22.683	6.043E-2	-5.091E-2	-7.144E-2	-0.113	0.134
22.700	5.560E-2	-4.235E-2	-0.145	0.263	0.300
22.717	5.558E-2	-4.216E-2	2.592E-2	2.533E-2	3.624E-2
22.733	5.646E-2	-4.150E-2	6.387E-2	3.676E-2	7.370E-2
22.750	5.771E-2	-4.093E-2	7.612E-2	3.552E-2	8.400E-2
22.767	5.900E-2	-4.032E-2	8.613E-2	2.171E-2	8.882E-2
22.783	6.058E-2	-4.021E-2	0.309	-4.244E-2	0.311
22.800	6.928E-2	-4.173E-2	0.146	-3.257E-2	0.150
22.817	6.545E-2	-4.130E-2	-9.939E-2	3.802E-2	0.106
22.833	6.597E-2	-4.047E-2	3.802E-2	7.291E-2	8.223E-2
22.850	6.672E-2	-3.887E-2	6.346E-2	2.264E-2	6.738E-2
22.867	6.808E-2	-3.971E-2	2.142E-2	-8.047E-2	8.327E-2
22.883	6.743E-2	-4.155E-2	-2.165E-2	-5.171E-2	5.606E-2
22.900	6.736E-2	-4.144E-2	2.177E-2	5.387E-2	5.810E-2
22.917	6.816E-2	-3.975E-2	9.883E-3	5.853E-2	5.936E-2
22.933	6.769E-2	-3.948E-2	-3.780E-2	1.671E-2	4.133E-2
22.950	6.690E-2	-3.919E-2	-4.804E-2	2.929E-2	5.627E-2
22.967	6.609E-2	-3.851E-2	-4.126E-2	4.134E-2	5.840E-2
22.983	6.552E-2	-3.782E-2	-2.748E-2	4.647E-2	5.399E-2
23.000	6.517E-2	-3.696E-2	-1.667E-2	4.943E-2	5.216E-2
23.017	6.497E-2	-3.617E-2	-7.315E-3	4.946E-2	5.000E-2
23.033	6.493E-2	-3.531E-2	9.638E-3	3.926E-2	4.043E-2
23.050	6.529E-2	-3.486E-2	3.023E-2	2.357E-2	3.834E-2
23.067	6.594E-2	-3.452E-2	4.211E-2	5.643E-3	4.249E-2
23.083	6.669E-2	-3.467E-2	4.224E-2	-6.983E-3	4.281E-2
23.100	6.735E-2	-3.476E-2	3.921E-2	-3.382E-2	5.178E-2
23.117	6.800E-2	-3.580E-2	3.245E-2	-5.416E-2	6.313E-2
23.133	6.843E-2	-3.656E-2	2.155E-2	-6.279E-2	6.638E-2
23.150	6.872E-2	-3.789E-2	8.250E-3	-8.331E-2	8.372E-2
23.167	6.870E-2	-3.934E-2	4.421E-2	-0.131	0.139
23.183	7.019E-2	-4.227E-2	-4.419E-2	-8.105E-2	9.232E-2
23.200	6.723E-2	-4.204E-2	-7.428E-2	-6.059E-2	9.586E-2
23.217	6.771E-2	-4.429E-2	-6.492E-2	-0.103	0.122
23.233	6.506E-2	-4.547E-2	-7.189E-2	0.255	0.265
23.250	6.532E-2	-3.579E-2	-0.306	0.251	0.396
23.267	5.485E-2	-3.710E-2	3.051E-2	-0.289	0.291
23.283	6.633E-2	-4.543E-2	-7.293E-2	-9.126E-2	0.117
23.300	5.242E-2	-4.014E-2	-0.420	9.067E-2	0.430
23.317	5.232E-2	-4.241E-2	-1.762E-2	-2.366E-2	2.950E-2
23.333	5.183E-2	-4.093E-2	8.448E-2	0.112	0.140
23.350	5.513E-2	-3.867E-2	7.980E-2	-4.491E-2	9.157E-2
23.367	5.449E-2	-4.243E-2	0.432	0.110	0.446
23.383	6.952E-2	-3.500E-2	0.192	0.254	0.319
23.400	6.090E-2	-3.396E-2	-0.262	3.273E-2	0.264
23.417	6.079E-2	-3.391E-2	2.920E-2	-3.346E-2	4.441E-2
23.433	6.187E-2	-3.508E-2	3.370E-2	-5.573E-2	6.513E-2
23.450	6.191E-2	-3.576E-2	0.322	-0.122	0.344
23.467	7.261E-2	-3.913E-2	-1.452E-2	-4.812E-2	5.026E-2
23.483	6.143E-2	-3.737E-2	-0.375	5.659E-2	0.380
23.500	6.010E-2	-3.724E-2	0.113	-0.319	0.339
23.517	6.519E-2	-4.802E-2	-0.144	-0.143	0.203
23.533	5.530E-2	-4.201E-2	-0.312	0.342	0.463
23.550	5.480E-2	-3.662E-2	0.203	-0.129	0.241
23.567	6.207E-2	-4.632E-2	0.239	-0.259	0.352
23.583	6.276E-2	-4.524E-2	1.170E-2	9.855E-2	9.925E-2
23.600	6.246E-2	-4.304E-2	9.065E-3	0.177	0.177
23.617	6.307E-2	-3.935E-2	5.632E-2	0.146	0.156
23.633	6.433E-2	-3.817E-2	7.506E-2	6.572E-2	9.977E-2
23.650	6.557E-2	-3.716E-2	6.660E-2	6.033E-2	8.986E-2
23.667	6.655E-2	-3.616E-2	5.554E-2	5.233E-2	7.631E-2
23.683	6.742E-2	-3.541E-2	5.755E-2	3.344E-2	6.656E-2
23.700	6.847E-2	-3.505E-2	4.402E-2	2.827E-2	5.232E-2
23.717	6.889E-2	-3.447E-2	1.107E-2	1.921E-2	2.217E-2
23.733	6.884E-2	-3.441E-2	-9.468E-3	-2.494E-3	9.791E-3
23.750	6.857E-2	-3.455E-2	-0.365	0.135	0.389
23.767	5.669E-2	-2.991E-2	-0.380	0.124	0.399
23.783	5.592E-2	-3.041E-2	-3.639E-2	-3.194E-2	4.842E-2
23.800	5.548E-2	-3.097E-2	-2.976E-2	-2.209E-2	3.706E-2
23.817	5.492E-2	-3.115E-2	0.319	-0.199	0.376
23.833	6.612E-2	-3.759E-2	0.319	-0.210	0.382
23.850	6.556E-2	-3.814E-2	-3.105E-2	-1.992E-2	3.689E-2
23.867	6.509E-2	-3.826E-2	-5.791E-2	1.425E-2	5.963E-2
23.883	6.363E-2	-3.766E-2	-3.106E-2	7.554E-3	3.197E-2
23.900	6.405E-2	-3.800E-2	7.217E-3	-7.703E-3	1.056E-2
23.917	6.388E-2	-3.792E-2	-8.127E-3	3.642E-3	8.906E-3
23.933	6.378E-2	-3.788E-2	-8.941E-4	4.457E-3	4.545E-3
23.950	6.385E-2	-3.777E-2	1.416E-2	-1.623E-3	1.426E-2
23.967	6.425E-2	-3.794E-2	2.523E-2	-1.220E-2	2.802E-2
23.983	6.469E-2	-3.818E-2	1.693E-2	-2.146E-2	2.733E-2
24.000	6.482E-2	-3.865E-2	0.151	-0.181	0.236
24.017	6.973E-2	-4.420E-2	0.127	-0.189	0.228
24.033	6.906E-2	-4.496E-2	-4.623E-2	-5.353E-2	7.073E-2
24.050	6.819E-2	-4.599E-2	-5.672E-2	-5.549E-2	7.935E-2
24.067	6.717E-2	-4.681E-2	-6.347E-2	-4.318E-2	7.676E-2
24.083	6.607E-2	-4.743E-2	-6.262E-2	-2.896E-2	6.899E-2
24.100	6.508E-2	-4.778E-2	-4.949E-2	-1.143E-2	5.079E-2
24.117	6.442E-2	-4.781E-2	-4.101E-2	8.065E-3	4.179E-2
24.133	6.372E-2	-4.751E-2	-0.144	0.192	0.239
24.150	5.964E-2	-4.142E-2	-0.124	0.197	0.233
24.167	5.958E-2	-4.094E-2	0.113	-0.132	0.174
24.183	6.341E-2	-4.583E-2	0.140	-0.115	0.181
24.200	6.423E-2	-4.476E-2	4.875E-2	5.255E-2	7.169E-2
24.217	6.504E-2	-4.408E-2	6.241E-2	3.404E-2	7.109E-2
24.233	6.631E-2	-4.363E-2	-0.199	0.172	0.263
24.250	5.839E-2	-3.834E-2	-0.154	0.313	0.349
24.267	6.117E-2	-3.318E-2	0.110	0.158	0.193
24.283	6.207E-2	-3.308E-2	-2.277E-2	-1.550E-2	2.755E-2
24.300	6.041E-2	-3.370E-2	0.315	-0.249	0.401
24.317	7.256E-2	-4.138E-2	0.186	-0.204	0.276
24.333	6.660E-2	-4.050E-2	-0.425	-0.186	0.464
24.350	5.838E-2	-4.758E-2	-0.239	-0.245	0.342
24.367	5.862E-2	-4.867E-2	2.170E-2	-4.735E-2	5.209E-2
24.383	5.911E-2	-4.916E-2	0.190	0.197	0.273
24.400	6.495E-2	-4.211E-2	0.184	0.276	0.332
24.417	6.523E-2	-3.996E-2	-9.143E-3	8.284E-2	8.334E-2
24.433	6.464E-2	-3.935E-2	-2.594E-2	4.496E-2	5.190E-2
24.450	6.437E-2	-3.846E-2	-6.997E-3	5.093E-2	5.141E-2
24.467	6.441E-2	-3.766E-2	4.891E-3	5.441E-2	5.463E-2
24.483	6.453E-2	-3.665E-2	1.796E-2	5.206E-2	5.508E-2
24.500	6.501E-2	-3.592E-2	2.300E-2	3.733E-2	4.385E-2
24.517	6.530E-2	-3.540E-2	3.569E-2	2.263E-2	4.226E-2
24.533	6.620E-2	-3.517E-2	5.205E-2	6.489E-3	5.246E-2
24.550	6.703E-2	-3.519E-2	4.502E-2	-1.543E-2	4.759E-2
24.567	6.770E-2	-3.568E-2	3.687E-2	-2.589E-2	4.505E-2
24.583	6.826E-2	-3.605E-2	3.010E-2	-4.209E-2	5.175E-2
24.600	6.870E-2	-3.708E-2	1.309E-2	-5.733E-2	5.880E-2
24.617	6.870E-2	-3.796E-2	-1.304E-2	-5.889E-2	6.032E-2
24.633	6.827E-2	-3.905E-2	-7.375E-2	-0.103	0.127
24.650	6.624E-2	-4.139E-2	-9.456E-2	-9.272E-2	0.132
24.667	6.512E-2	-4.214E-2	-2.070E-2	-1.660E-2	2.653E-2
24.683	6.555E-2	-4.194E-2	-2.854E-2	-2.954E-3	2.869E-2
24.700	6.416E-2	-4.224E-2	-8.204E-2	7.060E-3	8.234E-2
24.717	6.281E-2	-4.171E-2	-6.725E-2	2.733E-2	7.259E-2
24.733	6.192E-2	-4.132E-2	-5.166E-2	3.718E-2	6.365E-2
24.750	6.109E-2	-4.047E-2	-2.853E-2	3.685E-2	4.661E-2
24.767	6.097E-2	-4.010E-2	-0.197	0.221	0.296
24.783	5.451E-2	-3.310E-2	-0.181	0.238	0.299
24.800	5.495E-2	-3.215E-2	-3.453E-2	-0.226	0.229
24.817	5.336E-2	-4.063E-2	0.258	-0.385	0.463
24.833	6.356E-2	-4.498E-2	-1.944E-2	3.089E-2	3.650E-2
24.850	5.272E-2	-3.960E-2	-0.209	5.996E-2	0.218
24.867	5.657E-2	-4.298E-2	0.112	-0.105	0.154
24.883	5.644E-2	-4.311E-2	0.129	0.240	0.273
24.900	6.088E-2	-3.497E-2	0.132	0.223	0.260
24.917	6.086E-2	-3.567E-2	0.130	-0.267	0.297
24.933	6.523E-2	-4.386E-2	8.615E-2	-0.356	0.366
24.950	6.373E-2	-4.753E-2	-3.673E-2	-0.109	0.115
24.967	6.400E-2	-4.750E-2	5.952E-2	1.405E-2	6.116E-2
24.983	6.571E-2	-4.706E-2	-0.197	0.137	0.240
25.000	5.745E-2	-4.294E-2	-0.337	0.326	0.468
25.017	5.449E-2	-3.621E-2	-6.373E-2	0.207	0.216
25.033	5.533E-2	-3.604E-2	0.315	-0.170	0.358
25.050	6.500E-2	-4.187E-2	0.211	-0.193	0.286
25.067	6.236E-2	-4.247E-2	-5.490E-2	0.105	0.119
25.083	6.317E-2	-3.837E-2	6.852E-2	0.132	0.149
25.100	6.464E-2	-3.806E-2	8.386E-2	3.187E-2	8.971E-2
25.117	6.596E-2	-3.731E-2	7.138E-2	3.634E-2	8.010E-2
25.133	6.702E-2	-3.685E-2	6.297E-2	2.502E-2	6.776E-2
25.150	6.806E-2	-3.647E-2	4.823E-2	1.611E-2	5.085E-2
25.167	6.863E-2	-3.631E-2	2.199E-2	1.141E-2	2.477E-2
25.183	6.879E-2	-3.609E-2	4.455E-3	-1.064E-4	4.456E-3
25.200	6.878E-2	-3.631E-2	-4.915E-3	-1.687E-2	1.757E-2
25.217	6.863E-2	-3.665E-2	-1.705E-2	-2.296E-2	2.860E-2
25.233	6.821E-2	-3.708E-2	-3.217E-2	-2.357E-2	3.988E-2
25.250	6.756E-2	-3.744E-2	-4.334E-2	-1.824E-2	4.702E-2
25.267	6.677E-2	-3.769E-2	-4.638E-2	-1.321E-2	4.822E-2
25.283	6.601E-2	-3.788E-2	-3.680E-2	-1.541E-2	3.990E-2
25.300	6.554E-2	-3.820E-2	-3.083E-2	-1.044E-2	3.255E-2
25.317	6.498E-2	-3.823E-2	-2.713E-2	-1.181E-4	2.713E-2
25.333	6.464E-2	-3.820E-2	-1.262E-2	6.483E-3	1.419E-2
25.350	6.456E-2	-3.801E-2	-7.243E-3	1.293E-2	1.482E-2
25.367	6.440E-2	-3.777E-2	2.507E-3	3.957E-3	4.684E-3
25.383	6.465E-2	-3.788E-2	4.488E-3	1.581E-3	4.759E-3
25.400	6.454E-2	-3.772E-2	1.974E-3	-3.695E-4	2.008E-3
25.417	6.471E-2	-3.789E-2	1.452E-2	-1.465E-2	2.063E-2
25.433	6.503E-2	-3.821E-2	-4.846E-2	-6.389E-2	8.019E-2
25.450	6.310E-2	-4.002E-2	-8.741E-2	-7.468E-2	0.115
25.467	6.212E-2	-4.070E-2	-8.365E-2	0.160	0.180
25.483	6.031E-2	-3.470E-2	-7.452E-2	0.158	0.175
25.500	5.963E-2	-3.544E-2	-8.881E-2	-0.233	0.249
25.517	5.735E-2	-4.247E-2	-9.967E-2	-0.298	0.314
25.533	5.631E-2	-4.536E-2	-8.813E-2	-0.139	0.165
25.550	5.441E-2	-4.711E-2	-8.193E-2	0.101	0.130
25.567	5.358E-2	-4.200E-2	0.328	1.688E-2	0.329
25.583	6.536E-2	-4.655E-2	0.328	-0.131	0.353
25.600	6.451E-2	-4.636E-2	-2.898E-2	1.785E-2	3.404E-2
25.617	6.439E-2	-4.595E-2	-4.180E-3	2.450E-2	2.486E-2
25.633	6.437E-2	-4.554E-2	-0.355	0.205	0.410
25.650	5.257E-2	-3.911E-2	2.555E-2	4.019E-2	4.762E-2
25.667	6.522E-2	-4.420E-2	0.406	-0.140	0.429
25.683	6.610E-2	-4.376E-2	5.738E-2	2.282E-2	6.175E-2
25.700	6.713E-2	-4.344E-2	6.267E-2	3.895E-3	6.279E-2
25.717	6.819E-2	-4.363E-2	7.170E-2	7.568E-3	7.209E-2
25.733	6.952E-2	-4.319E-2	6.497E-2	1.438E-2	6.654E-2
25.750	7.035E-2	-4.315E-2	-0.243	-1.814E-2	0.244
25.767	6.141E-2	-4.379E-2	-0.367	0.232	0.434
25.783	5.810E-2	-3.543E-2	0.121	8.139E-2	0.146
25.800	6.544E-2	-4.108E-2	0.218	-0.172	0.278
25.817	6.537E-2	-4.117E-2	6.219E-3	-2.277E-2	2.360E-2
25.833	6.565E-2	-4.184E-2	-9.243E-2	0.351	0.363
25.850	6.228E-2	-2.946E-2	-1.915E-2	2.842E-2	3.427E-2
25.867	6.501E-2	-4.089E-2	7.890E-2	-0.328	0.337
25.883	6.491E-2	-4.039E-2	-1.708E-2	4.726E-2	5.025E-2
25.900	6.444E-2	-3.932E-2	-2.290E-2	6.705E-2	7.086E-2
25.917	6.415E-2	-3.816E-2	5.098E-3	5.323E-2	5.347E-2
25.933	6.461E-2	-3.754E-2	1.433E-2	4.973E-2	5.175E-2
25.950	6.463E-2	-3.650E-2	3.736E-2	3.223E-2	4.934E-2
25.967	6.586E-2	-3.647E-2	4.124E-2	2.133E-2	4.643E-2
25.983	6.600E-2	-3.579E-2	2.819E-2	2.355E-2	3.674E-2
26.000	6.680E-2	-3.568E-2	4.424E-2	-3.489E-3	4.438E-2
26.017	6.748E-2	-3.590E-2	3.677E-2	-2.280E-2	4.327E-2
26.033	6.803E-2	-3.644E-2	2.698E-2	-3.874E-2	4.721E-2
26.050	6.838E-2	-3.720E-2	1.090E-2	-4.759E-2	4.883E-2
26.067	6.839E-2	-3.803E-2	-1.399E-2	-4.679E-2	4.884E-2
26.083	6.791E-2	-3.876E-2	-3.055E-2	-4.761E-2	5.657E-2
26.100	6.737E-2	-3.962E-2	-3.515E-2	-5.335E-2	6.389E-2
26.117	6.674E-2	-4.053E-2	-4.620E-2	-5.096E-2	6.878E-2
26.133	6.583E-2	-4.131E-2	-5.436E-2	-3.174E-2	6.295E-2
26.150	6.493E-2	-4.159E-2	-6.931E-2	-4.572E-4	6.931E-2
26.167	6.352E-2	-4.133E-2	-7.486E-2	2.364E-2	7.850E-2
26.183	6.243E-2	-4.080E-2	-4.888E-2	3.067E-2	5.770E-2
26.200	6.189E-2	-4.031E-2	-2.213E-2	2.912E-2	3.658E-2
26.217	6.169E-2	-3.983E-2	-1.151E-2	3.336E-2	3.529E-2
26.233	6.151E-2	-3.919E-2	-4.947E-4	3.487E-2	3.487E-2
26.250	6.168E-2	-3.867E-2	1.189E-2	2.389E-2	2.669E-2
26.267	6.190E-2	-3.840E-2	-0.210	-7.155E-2	0.222
26.283	5.467E-2	-4.106E-2	-0.213	-7.590E-2	0.226
26.300	5.481E-2	-4.093E-2	8.211E-3	3.494E-3	8.924E-3
26.317	5.494E-2	-4.094E-2	0.209	-0.103	0.233
26.333	6.179E-2	-4.435E-2	2.796E-2	-5.370E-2	6.054E-2
26.350	5.588E-2	-4.273E-2	-0.190	3.566E-2	0.193
26.367	5.547E-2	-4.316E-2	0.182	-0.106	0.210
26.383	6.193E-2	-4.626E-2	4.540E-2	4.794E-2	6.602E-2
26.400	5.698E-2	-4.156E-2	-0.204	2.428E-2	0.205
26.417	5.515E-2	-4.545E-2	5.891E-4	-2.354E-2	2.355E-2
26.433	5.700E-2	-4.235E-2	-1.230E-4	0.277	0.277
26.450	5.514E-2	-3.623E-2	-5.938E-2	0.185	0.194
26.467	5.502E-2	-3.618E-2	0.122	1.066E-3	0.122
26.483	5.921E-2	-3.620E-2	0.406	-0.202	0.453
26.500	6.854E-2	-4.290E-2	8.076E-2	-0.186	0.203
26.517	6.190E-2	-4.239E-2	-0.302	2.988E-2	0.304
26.533	5.846E-2	-4.190E-2	-0.134	-3.447E-2	0.138
26.550	5.745E-2	-4.353E-2	-1.092E-2	-5.338E-2	5.448E-2
26.567	5.809E-2	-4.368E-2	0.192	0.539	0.573
26.583	6.386E-2	-2.555E-2	0.260	0.197	0.326
26.600	6.675E-2	-3.710E-2	0.288	-0.323	0.433
26.617	7.346E-2	-3.632E-2	2.155E-2	-9.417E-4	2.157E-2
26.633	6.747E-2	-3.713E-2	-0.177	-2.752E-2	0.179
26.650	6.755E-2	-3.724E-2	-8.771E-3	-8.584E-3	1.227E-2
26.667	6.717E-2	-3.742E-2	-1.717E-2	-1.676E-2	2.399E-2
26.683	6.698E-2	-3.780E-2	-1.271E-2	-2.225E-2	2.563E-2
26.700	6.675E-2	-3.816E-2	-2.341E-2	-1.670E-2	2.876E-2
26.717	6.620E-2	-3.836E-2	-3.892E-2	-3.853E-3	3.911E-2
26.733	6.545E-2	-3.829E-2	-2.660E-2	-2.446E-3	2.671E-2
26.750	6.531E-2	-3.844E-2	-1.865E-2	3.516E-3	1.898E-2
26.767	6.483E-2	-3.817E-2	-4.256E-2	2.401E-2	4.887E-2
26.783	6.389E-2	-3.764E-2	-3.167E-2	2.439E-2	3.998E-2
26.800	6.377E-2	-3.736E-2	-3.351E-3	1.687E-2	1.720E-2
26.817	6.378E-2	-3.708E-2	-4.432E-3	4.202E-2	4.225E-2
26.833	6.363E-2	-3.596E-2	8.883E-2	-6.726E-2	0.111
26.850	6.674E-2	-3.932E-2	9.505E-2	-0.105	0.142
26.867	6.679E-2	-3.946E-2	-1.543E-4	-1.294E-2	1.294E-2
26.883	6.674E-2	-3.975E-2	-4.922E-2	-7.130E-2	8.664E-2
26.900	6.515E-2	-4.184E-2	-4.290E-2	1.500E-2	4.544E-2
26.917	6.531E-2	-3.925E-2	5.024E-3	4.463E-2	4.491E-2
26.933	6.532E-2	-4.035E-2	-1.494E-2	-5.024E-2	5.241E-2
26.950	6.481E-2	-4.092E-2	-5.554E-2	0.130	0.141
26.967	6.347E-2	-3.604E-2	4.432E-2	-0.177	0.182
26.983	6.629E-2	-4.681E-2	-0.234	-1.855E-2	0.234
27.000	5.569E-2	-3.665E-2	-0.123	0.145	0.190
27.017	6.220E-2	-4.198E-2	0.178	-0.160	0.239
27.033	6.163E-2	-4.198E-2	-2.802E-2	2.202E-3	2.810E-2
27.050	6.127E-2	-4.191E-2	-0.142	1.962E-2	0.143
27.067	5.691E-2	-4.133E-2	-0.102	0.208	0.231
27.083	5.787E-2	-3.498E-2			
