	质量 A		
t	x	y	
2.343	0.102	-9.780E-2
2.377	9.472E-2	-8.970E-2
2.411	8.475E-2	-7.639E-2
2.445	7.247E-2	-6.164E-2
2.479	5.865E-2	-4.177E-2
2.513	4.407E-2	-1.873E-2
2.547	3.127E-2	1.158E-3
2.581	1.648E-2	2.405E-2
2.615	-5.684E-3	5.001E-2
2.649	-1.975E-2	7.084E-2
2.683	-3.348E-2	9.014E-2
2.717	-4.666E-2	0.107
2.751	-5.459E-2	0.126
2.784	-6.594E-2	0.137
2.818	-7.760E-2	0.139
2.852	-7.563E-2	0.151
2.886	-8.186E-2	0.153
2.920	-9.279E-2	0.144
2.954	-9.199E-2	0.135
2.988	-9.391E-2	0.130
3.022	-8.893E-2	0.115
3.056	-7.612E-2	0.102
3.090	-6.728E-2	8.364E-2
3.124	-5.460E-2	6.955E-2
3.158	-4.254E-2	4.794E-2
3.192	-2.935E-2	2.420E-2
3.226	-1.914E-2	-6.528E-4
3.260	-1.322E-2	-3.125E-2
3.294	-3.689E-3	-5.206E-2
3.328	6.341E-3	-7.198E-2
3.362	1.607E-2	-8.930E-2
3.396	2.510E-2	-0.104
3.430	3.321E-2	-0.116
3.464	3.984E-2	-0.123
3.498	4.497E-2	-0.126
3.532	4.817E-2	-0.122
3.565	4.938E-2	-0.115
3.599	4.859E-2	-0.102
3.633	4.611E-2	-8.661E-2
3.667	4.151E-2	-6.758E-2
3.701	4.493E-2	-4.181E-2
3.735	3.822E-2	-1.834E-2
3.769	3.321E-2	6.982E-3
3.803	2.742E-2	3.332E-2
3.837	1.757E-2	6.421E-2
3.871	3.061E-3	7.767E-2
3.905	-1.130E-2	0.120
3.939	-1.790E-2	0.136
3.973	-2.908E-2	0.147
4.007	-3.429E-2	0.158
4.041	-3.910E-2	0.157
4.075	-4.303E-2	0.157
4.109	-4.697E-2	0.154
4.143	-4.892E-2	0.152
4.177	-4.798E-2	0.138
4.211	-5.224E-2	0.120
4.245	-5.120E-2	0.102
4.279	-4.855E-2	8.229E-2
4.313	-4.542E-2	6.062E-2
4.346	-3.524E-2	3.861E-2
4.380	-2.920E-2	7.406E-3
4.414	-3.574E-2	-1.891E-2
4.448	-3.592E-2	-4.297E-2
4.482	-3.559E-2	-6.501E-2
4.516	-3.417E-2	-8.616E-2
4.550	-3.318E-2	-0.103
4.584	-3.016E-2	-0.118
4.618	-2.659E-2	-0.131
4.652	-2.167E-2	-0.136
4.686	-1.638E-2	-0.135
4.720	-1.098E-2	-0.129
4.754	-6.022E-3	-0.118
4.788	1.400E-2	-9.696E-2
4.822	1.725E-2	-7.779E-2
4.856	2.025E-2	-5.557E-2
4.890	1.565E-2	-2.629E-2
4.924	1.009E-2	-3.238E-3
4.958	1.409E-2	2.075E-2
4.992	1.869E-2	4.482E-2
5.026	2.271E-2	6.994E-2
5.060	2.747E-2	9.486E-2
5.094	4.108E-2	0.110
5.128	4.058E-2	0.128
5.161	3.101E-2	0.138
5.195	3.568E-2	0.153
5.229	3.108E-2	0.158
5.263	2.501E-2	0.161
5.297	1.889E-2	0.159
5.331	1.804E-2	0.146
5.365	1.238E-2	0.138
5.399	5.364E-3	0.125
5.433	-1.426E-3	0.110
5.467	-8.740E-3	9.139E-2
5.501	-1.554E-2	7.032E-2
5.535	-2.132E-2	4.344E-2
5.569	-2.975E-2	1.942E-2
5.603	-3.742E-2	-5.572E-3
5.637	-4.877E-2	-2.325E-2
5.671	-6.166E-2	-4.195E-2
5.705	-6.921E-2	-6.407E-2
5.739	-7.628E-2	-8.286E-2
5.773	-7.705E-2	-9.410E-2
5.807	-7.109E-2	-0.108
5.841	-7.214E-2	-0.114
5.875	-6.832E-2	-0.112
5.909	-6.334E-2	-0.105
5.942	-5.586E-2	-9.277E-2
5.976	-4.245E-2	-6.484E-2
6.010	-3.521E-2	-5.889E-2
6.044	-2.356E-2	-2.800E-2
6.078	-1.259E-2	-1.733E-2
6.112	-7.673E-3	6.174E-3
6.146	1.298E-2	3.087E-2
6.180	1.388E-2	5.702E-2
6.214	2.191E-2	7.539E-2
6.248	2.806E-2	9.158E-2
6.282	3.893E-2	0.115
6.316	5.237E-2	0.122
6.350	5.355E-2	0.136
6.384	5.171E-2	0.130
6.418	5.864E-2	0.134
6.452	6.238E-2	0.137
6.486	4.984E-2	0.138
6.520	4.438E-2	0.131
6.554	3.816E-2	0.121
6.588	3.041E-2	0.108
6.622	1.893E-2	8.978E-2
6.656	1.043E-2	7.142E-2
6.690	1.278E-3	5.168E-2
6.723	-5.787E-3	2.970E-2
6.757	-1.506E-2	6.996E-3
6.791	-2.801E-2	-8.380E-3
6.825	-4.207E-2	-3.111E-2
6.859	-5.402E-2	-4.789E-2
6.893	-6.699E-2	-6.746E-2
6.927	-7.374E-2	-7.781E-2
6.961	-7.896E-2	-8.787E-2
6.995	-8.325E-2	-9.633E-2
7.029	-8.832E-2	-0.104
7.063	-9.405E-2	-0.101
7.097	-9.004E-2	-7.921E-2
7.131	-7.941E-2	-6.945E-2
7.165	-8.122E-2	-6.328E-2
7.199	-6.909E-2	-4.879E-2
7.233	-5.981E-2	-3.705E-2
7.267	-4.434E-2	-1.673E-2
7.301	-3.574E-2	6.343E-3
7.335	-2.969E-2	3.737E-2
7.369	-2.327E-2	5.234E-2
7.403	-3.080E-3	7.947E-2
7.437	6.365E-3	9.574E-2
7.471	1.514E-2	0.109
7.505	2.317E-2	0.122
7.538	3.017E-2	0.132
7.572	3.538E-2	0.142
7.606	2.659E-2	0.138
7.640	3.779E-2	0.132
7.674	3.819E-2	0.140
7.708	4.353E-2	0.118
7.742	3.994E-2	0.105
7.776	3.584E-2	8.902E-2
7.810	3.227E-2	7.800E-2
7.844	2.250E-2	4.975E-2
7.878	2.109E-2	2.419E-2
7.912	1.378E-2	-3.600E-4
7.946	9.341E-3	-2.274E-2
7.980	8.716E-3	-3.863E-2
8.014	2.439E-3	-5.796E-2
8.048	-5.776E-3	-7.855E-2
8.082	-1.026E-2	-9.567E-2
8.116	-1.481E-2	-0.108
8.150	-1.944E-2	-0.116
8.184	-2.427E-2	-0.118
8.218	-2.846E-2	-0.114
8.252	-2.634E-2	-0.104
8.286	-2.664E-2	-9.392E-2
8.319	-2.683E-2	-8.134E-2
8.353	-2.780E-2	-6.676E-2
8.387	-2.984E-2	-5.105E-2
8.421	-3.205E-2	-2.978E-2
8.455	-2.830E-2	5.749E-3
8.489	-3.620E-2	2.909E-2
8.523	-4.335E-2	5.152E-2
8.557	-4.680E-2	7.276E-2
8.591	-4.744E-2	8.786E-2
8.625	-4.783E-2	0.104
8.659	-4.541E-2	0.125
8.693	-4.696E-2	0.130
8.727	-4.471E-2	0.138
8.761	-4.124E-2	0.143
8.795	-3.653E-2	0.144
8.829	-3.149E-2	0.141
8.863	-2.576E-2	0.136
8.897	-1.971E-2	0.127
8.931	-1.343E-2	0.114
8.965	-7.272E-3	9.920E-2
8.999	-1.543E-3	8.234E-2
9.033	4.569E-3	6.242E-2
9.067	9.821E-3	4.144E-2
9.100	1.097E-2	1.649E-2
9.134	2.207E-2	-7.593E-5
9.168	2.645E-2	-2.301E-2
9.202	3.910E-2	-3.919E-2
9.236	4.443E-2	-5.544E-2
9.270	4.861E-2	-6.906E-2
9.304	5.114E-2	-7.943E-2
9.338	5.179E-2	-8.662E-2
9.372	5.092E-2	-9.058E-2
9.406	4.819E-2	-9.066E-2
9.440	4.366E-2	-8.689E-2
9.474	3.742E-2	-7.997E-2
9.508	3.014E-2	-7.005E-2
9.542	2.082E-2	-5.653E-2
9.576	1.145E-2	-4.213E-2
9.610	-4.968E-3	-7.022E-3
9.644	-7.257E-3	2.441E-2
9.678	-1.676E-2	4.703E-2
9.712	-3.391E-2	5.605E-2
9.746	-4.277E-2	7.500E-2
9.780	-5.075E-2	9.165E-2
9.814	-5.778E-2	0.106
9.848	-6.353E-2	0.118
9.881	-6.090E-2	0.122
9.915	-6.376E-2	0.127
9.949	-6.549E-2	0.129
9.983	-6.501E-2	0.128
10.017	-6.333E-2	0.123
10.051	-5.996E-2	0.115
10.085	-5.495E-2	0.105
10.119	-4.853E-2	9.138E-2
10.153	-4.137E-2	7.629E-2
10.187	-3.320E-2	5.938E-2
10.221	-2.436E-2	4.015E-2
10.255	-1.723E-2	1.580E-2
10.289	-5.420E-3	1.919E-3
10.323	-9.988E-4	-2.544E-2
10.357	5.995E-3	-4.079E-2
10.391	1.407E-2	-5.874E-2
10.425	2.153E-2	-7.455E-2
10.459	3.913E-2	-7.752E-2
10.493	4.605E-2	-9.630E-2
10.527	5.007E-2	-0.101
10.561	5.269E-2	-0.101
10.595	5.378E-2	-9.698E-2
10.629	5.169E-2	-8.878E-2
10.663	5.063E-2	-7.481E-2
10.696	4.241E-2	-6.303E-2
10.730	3.517E-2	-4.668E-2
10.764	2.738E-2	-2.722E-2
10.798	2.608E-2	-3.621E-3
10.832	2.066E-2	1.917E-2
10.866	1.646E-2	4.109E-2
10.900	9.466E-3	6.056E-2
10.934	5.856E-3	7.710E-2
10.968	-8.812E-3	9.111E-2
11.002	-1.429E-2	0.110
11.036	-1.550E-2	0.128
11.070	-1.005E-2	0.125
11.104	-2.377E-2	0.134
11.138	-2.740E-2	0.138
11.172	-2.983E-2	0.137
11.206	-3.087E-2	0.132
11.240	-3.239E-2	0.122
11.274	-3.421E-2	0.109
11.308	-3.578E-2	9.041E-2
11.342	-3.476E-2	7.941E-2
11.376	-3.908E-2	6.569E-2
11.410	-3.702E-2	4.733E-2
11.444	-2.761E-2	2.915E-2
11.477	-2.622E-2	2.534E-3
11.511	-4.080E-2	-4.035E-2
11.545		
11.579	-4.332E-2	-6.858E-2
11.613	-4.373E-2	-8.090E-2
11.647	-4.381E-2	-9.098E-2
11.681	-4.236E-2	-9.917E-2
11.715	-4.002E-2	-0.104
11.749	-2.918E-2	-9.143E-2
11.783	-1.652E-2	-8.825E-2
11.817	-1.686E-2	-7.596E-2
11.851	-1.706E-2	-6.338E-2
11.885	-1.626E-2	-5.274E-2
11.919	-1.177E-2	-2.993E-2
11.953	-6.508E-3	-9.836E-3
11.987	-4.535E-4	9.852E-3
12.021	8.877E-3	2.398E-2
12.055	1.672E-2	4.967E-2
12.089	2.164E-2	6.970E-2
12.123	2.562E-2	8.792E-2
12.157	2.787E-2	0.102
12.191	2.969E-2	0.114
12.225	3.090E-2	0.123
12.258	3.126E-2	0.130
12.292	3.080E-2	0.133
12.326	2.946E-2	0.133
12.360	2.710E-2	0.130
12.394	2.365E-2	0.123
12.428	1.910E-2	0.112
12.462	6.169E-3	9.770E-2
12.496	4.604E-3	8.134E-2
12.530	-5.065E-3	6.656E-2
12.564	-1.367E-2	5.717E-2
12.598	-1.877E-2	3.712E-2
12.632	-2.336E-2	1.669E-2
12.666	-3.175E-2	-8.460E-3
12.700	-3.852E-2	-2.376E-2
12.734	-5.214E-2	-4.376E-2
12.768	-5.988E-2	-5.880E-2
12.802	-6.611E-2	-6.993E-2
12.836	-7.147E-2	-7.950E-2
12.870	-7.559E-2	-8.463E-2
12.904	-7.777E-2	-8.632E-2
12.938	-7.751E-2	-8.378E-2
12.972	-7.459E-2	-7.674E-2
13.006	-6.949E-2	-6.637E-2
13.039	-6.301E-2	-5.274E-2
13.073	-5.604E-2	-3.708E-2
13.107	-4.749E-2	-1.644E-2
13.141	-3.788E-2	4.645E-3
13.175	-3.361E-2	2.119E-2
13.209	-1.611E-2	4.344E-2
13.243	-2.222E-2	5.829E-2
13.277	-1.581E-2	7.873E-2
13.311	-2.117E-3	9.134E-2
13.345	3.963E-3	0.106
13.379	8.390E-3	0.116
13.413	1.264E-2	0.122
13.447	2.174E-2	0.124
13.481	2.493E-2	0.122
13.515	2.674E-2	0.116
13.549	2.767E-2	0.108
13.583	3.184E-2	0.107
13.617	3.093E-2	9.424E-2
13.651	2.922E-2	7.893E-2
13.685	2.654E-2	6.191E-2
13.719	2.234E-2	4.229E-2
13.753	1.417E-2	2.058E-2
13.787	1.172E-2	-1.510E-3
13.821	9.068E-3	-2.284E-2
13.854	1.133E-2	-4.337E-2
13.888	2.210E-2	-6.028E-2
13.922	9.537E-3	-7.440E-2
13.956	1.019E-2	-8.467E-2
13.990	9.287E-3	-9.426E-2
14.024	-1.770E-3	-9.874E-2
14.058	-2.473E-3	-0.104
14.092	-1.078E-2	-8.755E-2
14.126		
14.160		
14.194		
14.228	-1.347E-2	-4.147E-2
14.262	-2.408E-2	-2.270E-2
14.296	-2.719E-2	4.431E-3
14.330	-2.807E-2	2.461E-2
14.364	-3.747E-2	3.017E-2
14.398		
14.432	-4.895E-2	6.374E-2
14.466	-5.432E-2	8.344E-2
14.500	-5.773E-2	9.549E-2
14.534	-5.964E-2	0.105
14.568	-5.997E-2	0.111
14.602	-5.860E-2	0.114
14.635	-5.624E-2	0.115
14.669	-5.025E-2	0.115
14.703	-4.612E-2	0.110
14.737	-3.999E-2	0.101
14.771	-3.399E-2	9.194E-2
14.805	-2.731E-2	7.955E-2
14.839	-1.270E-2	7.660E-2
14.873	-1.343E-2	5.750E-2
14.907	-8.315E-4	3.680E-2
14.941	1.081E-2	1.832E-2
14.975	2.325E-2	6.909E-3
15.009	2.485E-2	-1.339E-2
15.043	3.878E-2	-3.722E-2
15.077	5.096E-2	-3.419E-2
15.111	5.721E-2	-4.220E-2
15.145	6.134E-2	-6.240E-2
15.179	7.127E-2	-6.888E-2
15.213	7.390E-2	-6.827E-2
15.247	7.280E-2	-6.467E-2
15.281	6.133E-2	-5.451E-2
15.315	5.757E-2	-3.121E-2
15.349	4.767E-2	-1.528E-2
15.383	2.509E-2	1.126E-2
15.416	2.153E-2	2.908E-2
15.450	1.026E-2	4.010E-2
15.484	-8.469E-4	5.135E-2
15.518	-9.407E-3	6.480E-2
15.552	-1.762E-2	8.061E-2
15.586	-2.497E-2	8.754E-2
15.620	-3.373E-2	8.922E-2
15.654	-5.139E-2	9.690E-2
15.688	-5.562E-2	0.101
15.722	-5.782E-2	9.557E-2
15.756	-6.480E-2	9.832E-2
15.790	-6.753E-2	9.460E-2
15.824	-6.847E-2	8.787E-2
15.858	-7.100E-2	8.710E-2
15.892	-6.671E-2	7.332E-2
15.926	-6.088E-2	5.726E-2
15.960	-5.308E-2	4.328E-2
15.994	-4.273E-2	2.836E-2
16.028	-4.120E-2	1.140E-2
16.062	-3.897E-2	-1.412E-2
16.096	-2.801E-2	-3.878E-2
16.130	-3.167E-2	-3.964E-2
16.164	-2.754E-2	-6.833E-2
16.198	-2.381E-2	-7.307E-2
16.231	-1.768E-2	-8.464E-2
16.265	-8.987E-3	-9.041E-2
16.299	8.020E-4	-8.787E-2
16.333	1.480E-3	-8.046E-2
16.367	3.692E-3	-7.065E-2
16.401	4.158E-3	-6.439E-2
16.435	5.789E-3	-5.443E-2
16.469	9.923E-3	-3.132E-2
16.503	1.190E-2	-1.435E-2
16.537	1.852E-2	5.064E-3
16.571	1.802E-2	2.137E-2
16.605	2.610E-2	4.064E-2
16.639	3.999E-2	5.828E-2
16.673	4.063E-2	7.123E-2
16.707	4.506E-2	8.065E-2
16.741	4.319E-2	8.315E-2
16.775	4.919E-2	9.602E-2
16.809	4.933E-2	9.997E-2
16.843	3.818E-2	9.724E-2
16.877	3.376E-2	0.100
16.911	2.806E-2	0.101
16.945	2.119E-2	9.917E-2
16.979	1.779E-2	8.807E-2
17.012	6.261E-3	8.055E-2
17.046	-6.407E-4	8.300E-2
17.080	-6.452E-3	7.120E-2
17.114	-1.293E-2	5.695E-2
17.148	-2.082E-2	4.079E-2
17.182	-2.841E-2	2.351E-2
17.216	-3.901E-2	5.298E-3
17.250	-6.088E-2	-2.629E-2
17.284	-6.692E-2	-4.038E-2
17.318	-7.635E-2	-4.528E-2
17.352	-7.629E-2	-5.294E-2
17.386	-7.478E-2	-5.651E-2
17.420	-7.118E-2	-5.734E-2
17.454	-6.525E-2	-5.495E-2
17.488	-7.133E-2	-5.384E-2
17.522	-6.434E-2	-4.219E-2
17.556	-5.360E-2	-2.816E-2
17.590	-4.269E-2	-1.098E-2
17.624	-2.435E-2	1.663E-2
17.658	-1.515E-2	3.259E-2
17.692	-1.233E-2	5.021E-2
17.726	-1.113E-2	6.453E-2
17.760	-3.723E-4	6.425E-2
17.793	5.736E-4	8.019E-2
17.827	1.154E-2	8.544E-2
17.861	1.357E-2	9.316E-2
17.895	2.535E-2	0.104
17.929	3.309E-2	0.111
17.963	2.693E-2	0.111
17.997	2.669E-2	0.111
18.031	2.528E-2	0.105
18.065	2.347E-2	9.727E-2
18.099	2.432E-2	9.201E-2
18.133	2.131E-2	8.007E-2
18.167	1.695E-2	6.677E-2
18.201	1.653E-2	4.556E-2
18.235	1.303E-2	2.999E-2
18.269	1.138E-2	9.317E-3
18.303	8.396E-3	-9.314E-3
18.337	1.667E-3	-2.469E-2
18.371	6.077E-5	-4.096E-2
18.405	-8.319E-4	-4.494E-2
18.439	-1.694E-3	-5.510E-2
18.473	-9.627E-3	-7.013E-2
18.507	-1.094E-2	-7.272E-2
18.541	-1.387E-2	-8.045E-2
18.574	-1.342E-2	-7.594E-2
18.608	-1.046E-2	-7.062E-2
18.642	-1.476E-2	-7.115E-2
18.676	-1.086E-2	-6.103E-2
18.710	-1.872E-2	-4.518E-2
18.744	-1.860E-2	-2.931E-2
18.778	-2.243E-2	-1.185E-2
18.812	-2.269E-2	4.822E-3
18.846	-2.526E-2	3.421E-2
18.880	-3.276E-2	4.906E-2
18.914	-3.401E-2	6.237E-2
18.948	-3.824E-2	7.094E-2
18.982	-4.128E-2	7.910E-2
19.016	-4.345E-2	8.557E-2
19.050	-4.542E-2	9.041E-2
19.084	-4.649E-2	9.417E-2
19.118	-4.667E-2	9.631E-2
19.152	-4.193E-2	9.386E-2
19.186	-3.746E-2	8.909E-2
19.220	-3.173E-2	8.219E-2
19.254	-2.487E-2	7.353E-2
19.288	-1.717E-2	6.244E-2
19.322	-1.532E-2	5.655E-2
19.356	-1.172E-3	3.680E-2
19.389	-1.831E-3	3.208E-2
19.423	4.253E-3	1.515E-2
19.457	1.170E-2	-2.921E-3
19.491	2.210E-2	-2.143E-2
19.525	3.532E-2	-3.986E-2
19.559	5.616E-2	-3.873E-2
19.593	5.985E-2	-4.111E-2
19.627	6.064E-2	-5.340E-2
19.661	6.318E-2	-5.374E-2
19.695	6.309E-2	-3.936E-2
19.729	5.923E-2	-3.389E-2
19.763	5.609E-2	-2.604E-2
19.797	5.185E-2	-1.650E-2
19.831	4.244E-2	-4.500E-3
19.865	2.683E-2	1.710E-2
19.899	2.170E-2	3.687E-2
19.933	1.193E-2	5.004E-2
19.967	3.377E-3	5.134E-2
20.001	-6.126E-3	6.290E-2
20.035	-2.004E-2	7.581E-2
20.069	-2.896E-2	8.092E-2
20.103	-3.749E-2	8.442E-2
20.137	-4.302E-2	8.418E-2
20.170	-5.381E-2	9.065E-2
20.204	-6.028E-2	8.872E-2
20.238	-6.495E-2	8.497E-2
20.272	-6.826E-2	7.975E-2
20.306	-6.993E-2	7.240E-2
20.340	-6.976E-2	6.355E-2
20.374	-6.793E-2	5.360E-2
20.408	-5.906E-2	4.299E-2
20.442	-5.232E-2	2.462E-2
20.476	-4.725E-2	3.758E-3
20.510	-4.522E-2	-1.368E-2
20.544	-4.290E-2	-3.013E-2
20.578	-3.094E-2	-3.254E-2
20.612	-2.256E-2	-4.273E-2
20.646	-1.453E-2	-6.019E-2
20.680	-1.516E-2	-6.517E-2
20.714	-2.381E-3	-6.629E-2
20.748	2.604E-4	-5.447E-2
20.782	7.831E-3	-5.074E-2
20.816	1.405E-2	-4.449E-2
20.850	2.099E-2	-4.802E-2
20.884	2.811E-2	-3.488E-2
20.918	2.542E-2	-1.330E-2
20.951	2.869E-2	-8.411E-4
20.985	3.954E-2	2.529E-2
21.019	4.579E-2	4.095E-2
21.053	4.569E-2	5.468E-2
21.087	5.371E-2	6.422E-2
21.121	5.241E-2	6.901E-2
21.155	5.369E-2	7.912E-2
21.189	3.897E-2	8.442E-2
21.223	2.848E-2	8.447E-2
21.257	2.072E-2	7.925E-2
21.291	1.748E-2	7.092E-2
21.325	5.467E-3	8.021E-2
21.359	-3.537E-3	6.569E-2
21.393	-1.169E-2	5.773E-2
21.427	-2.073E-2	4.953E-2
21.461	-2.946E-2	3.957E-2
21.495	-3.816E-2	2.769E-2
21.529	-4.390E-2	8.853E-3
21.563	-5.663E-2	6.686E-3
21.597	-6.728E-2	-6.790E-3
21.631	-7.124E-2	-1.921E-2
21.665	-6.878E-2	-2.895E-2
21.699	-7.600E-2	-4.070E-2
21.732	-7.465E-2	-4.560E-2
21.766	-7.012E-2	-4.333E-2
21.800	-6.206E-2	-2.451E-2
21.834	-4.966E-2	-1.634E-2
21.868	-4.670E-2	-1.426E-2
21.902	-3.411E-2	3.246E-3
21.936	-2.179E-2	1.871E-2
21.970	-2.737E-2	3.634E-2
22.004	-1.793E-2	5.089E-2
22.038	-1.804E-2	6.070E-2
22.072	-1.335E-2	6.584E-2
22.106	-8.153E-3	7.473E-2
22.140	-3.994E-3	8.127E-2
22.174	-1.795E-4	8.511E-2
22.208	6.337E-3	8.162E-2
22.242	1.263E-2	8.293E-2
22.276	6.840E-3	9.213E-2
22.310	1.844E-2	7.880E-2
22.344	1.552E-2	7.802E-2
22.378	1.494E-2	7.199E-2
22.412	1.761E-2	7.068E-2
22.446	1.185E-2	5.655E-2
22.480	1.507E-2	5.088E-2
22.514	1.822E-2	3.074E-2
22.547	1.338E-2	1.975E-2
22.581	1.032E-2	-9.419E-4
22.615	2.097E-2	-2.168E-2
22.649	2.497E-2	-2.109E-2
22.683	2.428E-2	-3.104E-2
22.717	2.111E-2	-4.916E-2
22.751	2.360E-2	-5.415E-2
22.785	2.819E-2	-4.892E-2
22.819	3.059E-2	-5.290E-2
22.853	2.568E-2	-5.845E-2
22.887	2.671E-2	-4.898E-2
22.921	2.872E-2	-3.034E-2
22.955	2.630E-2	-5.271E-3
22.989	2.557E-2	1.171E-2
23.023	1.676E-2	3.476E-2
23.057	1.978E-2	5.055E-2
23.091	2.018E-2	5.854E-2
23.125	2.068E-2	6.972E-2
23.159	2.587E-2	7.012E-2
23.193	2.436E-2	7.727E-2
23.227	2.212E-2	8.265E-2
23.261	1.949E-2	8.592E-2
23.295	1.616E-2	8.697E-2
23.328	4.172E-3	9.185E-2
23.362	-3.476E-4	8.775E-2
23.396	-5.152E-3	8.161E-2
23.430	-9.913E-3	7.383E-2
23.464	-1.476E-2	6.440E-2
23.498	-1.570E-2	5.585E-2
23.532	-2.014E-2	4.452E-2
23.566	-2.474E-2	3.098E-2
23.600	-3.026E-2	1.502E-2
23.634	-3.857E-2	-3.552E-3
23.668	-5.176E-2	-1.902E-2
23.702	-6.154E-2	-3.192E-2
23.736	-6.975E-2	-3.208E-2
23.770	-6.933E-2	-3.039E-2
23.804	-6.591E-2	-3.344E-2
23.838	-7.794E-2	-4.168E-2
23.872	-7.325E-2	-3.209E-2
23.906	-6.572E-2	-1.364E-2
23.940	-5.465E-2	-1.023E-2
23.974	-4.514E-2	6.178E-3
24.008	-3.706E-2	2.230E-2
24.042	-3.104E-2	3.516E-2
24.076	-2.560E-2	4.628E-2
24.109	-2.527E-2	5.500E-2
24.143	-1.882E-2	6.316E-2
24.177	-1.207E-2	6.977E-2
24.211	-5.308E-3	7.445E-2
24.245	1.560E-3	7.716E-2
24.279	8.461E-3	7.747E-2
24.313	9.047E-3	7.767E-2
24.347	2.390E-2	8.166E-2
24.381	2.677E-2	7.876E-2
24.415	2.894E-2	7.316E-2
24.449	2.822E-2	6.098E-2
24.483	2.832E-2	5.155E-2
24.517	3.626E-2	4.029E-2
24.551	3.526E-2	3.722E-2
24.585	3.069E-2	2.277E-2
24.619	2.799E-2	5.053E-3
24.653	2.513E-2	-1.416E-2
24.687	3.098E-2	-2.472E-2
24.721	3.183E-2	-4.628E-2
24.755	3.349E-2	-5.190E-2
24.789	3.708E-2	-4.744E-2
24.823	3.632E-2	-5.137E-2
24.857	2.582E-2	-2.930E-2
24.890	1.717E-2	-2.002E-2
24.924	1.586E-2	-6.294E-3
24.958	1.307E-2	7.430E-3
24.992	1.292E-2	2.184E-2
25.026	1.361E-2	3.558E-2
25.060	1.552E-2	4.714E-2
25.094	1.167E-2	5.725E-2
25.128	8.767E-3	5.868E-2
25.162	7.919E-3	6.789E-2
25.196	7.935E-3	7.428E-2
25.230	1.367E-2	7.653E-2
25.264	4.643E-3	8.167E-2
25.298	5.610E-4	8.397E-2
25.332	2.675E-3	7.858E-2
25.366	-8.560E-3	8.181E-2
25.400	-9.845E-3	8.122E-2
25.434	-9.957E-3	7.648E-2
25.468	-1.457E-2	6.062E-2
25.502	-1.821E-2	5.329E-2
25.536	-2.097E-2	4.428E-2
25.570	-2.304E-2	3.391E-2
25.604	-2.529E-2	2.045E-2
25.638	-2.836E-2	7.592E-3
25.672	-3.386E-2	-7.990E-3
25.705	-4.162E-2	-2.225E-2
25.739	-5.036E-2	-3.249E-2
25.773	-5.893E-2	-3.849E-2
25.807	-6.720E-2	-4.289E-2
25.841	-5.744E-2	-4.127E-2
25.875	-6.846E-2	-2.543E-2
25.909	-6.755E-2	-1.692E-2
25.943	-6.507E-2	-5.163E-3
25.977	-6.149E-2	8.706E-3
26.011	-4.970E-2	1.113E-2
26.045	-4.045E-2	2.721E-2
26.079	-3.468E-2	4.657E-2
26.113	-2.928E-2	4.136E-2
26.147	-1.946E-2	5.409E-2
26.181	-1.083E-2	5.968E-2
26.215	-3.812E-3	6.193E-2
26.249	1.097E-2	6.204E-2
26.283	1.955E-2	6.388E-2
26.317	2.674E-2	6.368E-2
26.351	3.319E-2	6.139E-2
26.385	3.776E-2	5.718E-2
26.419	4.033E-2	5.152E-2
26.453	4.051E-2	4.993E-2
26.486	4.177E-2	4.065E-2
26.520	3.808E-2	2.501E-2
26.554	3.528E-2	2.042E-2
26.588	3.540E-2	5.837E-3
26.622	3.520E-2	-9.007E-3
26.656	3.794E-2	-2.175E-2
26.690	2.847E-2	-3.625E-2
26.724	3.420E-2	-3.707E-2
26.758	1.525E-2	-4.908E-2
26.792	1.449E-2	-3.891E-2
26.826	1.015E-2	-3.345E-2
26.860	5.268E-3	-2.471E-2
26.894	-7.155E-4	-1.104E-2
26.928	-6.693E-3	2.238E-3
26.962	-4.612E-3	7.455E-3
26.996	-9.811E-3	2.433E-2
27.030	-1.443E-2	3.014E-2
27.064	-1.765E-2	4.746E-2
27.098	-2.687E-2	5.928E-2
27.132	-3.349E-2	5.071E-2
27.166	-4.054E-2	6.129E-2
27.200	-4.284E-2	6.503E-2
27.234	-4.155E-2	7.158E-2
27.267	-3.902E-2	6.963E-2
27.301	-4.860E-2	6.472E-2
27.335	-4.802E-2	6.044E-2
27.369	-4.499E-2	6.294E-2
27.403	-4.381E-2	5.655E-2
27.437	-4.155E-2	4.698E-2
27.471	-3.885E-2	4.247E-2
27.505	-3.667E-2	3.006E-2
27.539	-2.777E-2	1.866E-2
27.573	-2.806E-2	5.013E-3
27.607	-2.780E-2	-7.576E-3
27.641	-3.601E-2	-2.109E-2
27.675	-3.458E-2	-4.017E-2
27.709	-3.551E-2	-3.232E-2
27.743	-2.380E-2	-4.360E-2
27.777	-4.315E-2	-4.310E-2
27.811	-4.049E-2	-2.968E-2
27.845	-3.866E-2	-3.737E-2
27.879	-4.123E-2	-2.648E-2
27.913	-4.701E-2	-4.085E-3
27.947	-4.307E-2	1.260E-2
27.981	-4.147E-2	2.604E-2
28.015	-4.552E-2	2.851E-2
28.049	-5.286E-2	3.786E-2
28.082	-5.550E-2	4.547E-2
28.116	-5.092E-2	4.553E-2
28.150	-5.746E-2	5.321E-2
28.184	-5.841E-2	5.551E-2
28.218	-6.031E-2	5.753E-2
28.252	-5.510E-2	5.677E-2
28.286	-4.939E-2	5.233E-2
28.320	-4.429E-2	4.483E-2
28.354	-2.902E-2	2.536E-2
28.388	-3.066E-2	2.664E-2
28.422	-2.293E-2	7.850E-3
28.456	-2.040E-2	-5.334E-3
28.490	-1.489E-2	-1.249E-2
28.524	-2.315E-2	-1.976E-2
28.558	-1.666E-2	-3.603E-2
28.592	-5.422E-3	-3.313E-2
28.626	-1.842E-2	-4.258E-2
28.660	-1.995E-2	-3.940E-2
28.694	-1.327E-2	-4.202E-2
28.728	-7.515E-3	-3.273E-2
28.762	-8.317E-3	-2.083E-2
28.796	-2.037E-3	-9.118E-3
28.830	-2.904E-3	1.547E-3
28.863	-4.115E-3	1.370E-2
28.897	-1.131E-2	2.470E-2
28.931	-1.562E-2	3.293E-2
28.965	-1.009E-2	4.405E-2
28.999	-1.494E-2	5.137E-2
29.033	-1.555E-2	5.158E-2
29.067	-1.661E-2	5.705E-2
29.101	-1.760E-2	6.159E-2
29.135	-1.879E-2	6.498E-2
29.169	-1.977E-2	6.718E-2
29.203	-1.877E-2	6.599E-2
29.237	-1.718E-2	5.938E-2
29.271	-2.219E-2	6.827E-2
29.305	-1.928E-2	6.557E-2
29.339	-1.501E-2	5.933E-2
29.373	-1.301E-2	4.310E-2
29.407	-8.006E-3	3.345E-2
29.441	-1.070E-2	2.710E-2
29.475	-1.001E-2	1.136E-2
29.509	-1.284E-2	5.565E-3
29.543	-2.016E-2	-9.475E-3
29.577	-2.416E-2	-1.854E-2
29.611	-2.833E-2	-2.927E-2
29.644	-2.665E-2	-2.046E-2
29.678	-2.582E-2	-2.697E-2
29.712	-4.384E-2	-3.403E-2
29.746	-4.081E-2	-4.059E-2
29.780	-4.558E-2	-2.733E-2
29.814	-4.961E-2	-1.898E-2
29.848	-4.881E-2	-4.556E-3
29.882	-5.347E-2	1.222E-2
29.916	-5.762E-2	2.645E-2
29.950	-5.997E-2	3.649E-2
29.984	-5.989E-2	4.422E-2
30.018	-5.793E-2	4.884E-2
30.052	-5.457E-2	5.147E-2
30.086	-4.965E-2	5.194E-2
30.120	-4.378E-2	5.005E-2
30.154	-3.741E-2	4.616E-2
30.188	-3.376E-2	4.049E-2
30.222	-2.649E-2	3.370E-2
30.256	-2.032E-2	2.490E-2
30.290	-1.500E-2	1.541E-2
30.324	-1.032E-2	5.448E-3
30.358	-6.686E-3	-4.111E-3
30.392	-2.785E-3	-1.244E-2
30.425	1.141E-3	-1.929E-2
30.459	5.211E-3	-2.439E-2
30.493	1.236E-2	-2.579E-2
30.527	2.098E-2	-3.285E-2
30.561	3.003E-2	-1.891E-2
30.595	3.518E-2	-2.569E-3
30.629	4.124E-2	-4.807E-3
30.663	5.312E-2	4.040E-3
30.697	5.965E-2	2.002E-2
30.731	5.786E-2	3.224E-2
30.765	5.381E-2	4.010E-2
30.799	4.830E-2	4.395E-2
30.833	4.199E-2	4.509E-2
30.867	3.526E-2	4.358E-2
30.901	2.752E-2	3.896E-2
30.935	1.654E-2	3.259E-2
30.969	1.421E-2	2.199E-2
31.003	4.374E-3	1.196E-2
31.037	-4.724E-3	7.738E-3
31.071	-1.188E-2	-8.700E-4
31.105	-1.993E-2	-9.373E-3
31.139	-3.552E-2	-1.253E-2
31.173	-3.835E-2	-8.466E-3
31.207	-4.973E-2	-1.835E-2
31.240	-5.977E-2	-1.828E-2
31.274	-7.808E-2	-1.100E-2
31.308	-8.000E-2	-1.304E-4
31.342	-7.674E-2	1.413E-2
31.376	-6.752E-2	1.842E-2
31.410	-5.715E-2	2.123E-2
31.444	-4.718E-2	2.326E-2
31.478	-3.764E-2	2.266E-2
31.512	-2.825E-2	2.053E-2
31.546	-1.941E-2	1.760E-2
31.580	-1.098E-2	1.405E-2
31.614	-2.831E-3	1.048E-2
31.648	2.750E-3	1.159E-2
31.682	1.369E-2	7.469E-3
31.716	2.151E-2	-4.227E-3
31.750	3.143E-2	-8.642E-3
31.784	3.937E-2	-2.120E-3
31.818	5.860E-2	-6.895E-3
31.852	6.290E-2	-9.186E-3
31.886	6.629E-2	-6.901E-3
31.920	6.338E-2	-2.514E-3
31.954	6.147E-2	4.720E-3
31.988	4.751E-2	1.430E-2
32.021	3.046E-2	1.413E-2
32.055	1.624E-2	1.560E-2
32.089	1.053E-2	8.445E-3
32.123	-4.978E-3	1.628E-2
32.157	-1.315E-2	1.646E-2
32.191	-2.084E-2	1.701E-2
32.225	-2.922E-2	1.697E-2
32.259	-3.823E-2	1.572E-2
32.293	-4.990E-2	1.121E-2
32.327	-6.150E-2	5.206E-3
32.361	-6.958E-2	-2.572E-4
32.395	-7.526E-2	-5.149E-3
32.429	-7.687E-2	-7.934E-3
32.463	-7.277E-2	-8.200E-3
32.497	-5.159E-2	-3.187E-3
32.531	-3.753E-2	1.420E-3
32.565	-2.481E-2	6.312E-3
32.599	-1.447E-2	1.060E-2
32.633	-5.654E-3	1.390E-2
32.667	2.877E-3	1.720E-2
32.701	1.156E-2	2.002E-2
32.735	2.127E-2	2.213E-2
32.769	3.207E-2	2.327E-2
32.802	4.357E-2	2.258E-2
32.836	5.475E-2	1.909E-2
32.870	6.383E-2	1.252E-2
32.904	6.867E-2	3.967E-3
32.938	6.764E-2	-6.238E-3
32.972	5.912E-2	-9.827E-3
33.006	4.192E-2	-1.411E-2
33.040	3.908E-2	-1.650E-2
33.074	3.095E-2	-1.044E-2
33.108	2.277E-2	-8.810E-3
33.142	7.591E-3	2.293E-3
33.176	5.320E-3	9.321E-3
33.210	4.716E-3	1.374E-2
33.244	2.636E-3	1.609E-2
33.278	-1.676E-3	1.907E-2
33.312	-6.590E-3	2.275E-2
33.346	-1.171E-2	2.692E-2
33.380	-1.564E-2	3.010E-2
33.414	-1.928E-2	3.265E-2
33.448	-2.226E-2	3.477E-2
33.482	-2.536E-2	3.526E-2
33.516	-3.439E-2	3.660E-2
33.550	-4.024E-2	3.407E-2
33.583	-4.807E-2	2.808E-2
33.617	-5.604E-2	1.785E-2
33.651	-6.313E-2	4.635E-3
33.685	-6.794E-2	-9.041E-3
33.719	-6.920E-2	-2.147E-2
33.753	-6.747E-2	-2.986E-2
33.787	-6.228E-2	-3.315E-2
33.821	-5.085E-2	-1.606E-2
33.855	-4.679E-2	-9.466E-3
33.889	-4.093E-2	-8.782E-4
33.923	-3.134E-2	9.094E-3
33.957	-2.923E-2	2.067E-2
33.991	-2.950E-2	3.137E-2
34.025	-3.283E-2	3.940E-2
34.059	-2.535E-2	3.269E-2
34.093	-2.263E-2	3.945E-2
34.127	-2.986E-2	4.697E-2
34.161	-2.440E-2	5.184E-2
34.195	-2.442E-2	5.382E-2
34.229	-2.401E-2	5.400E-2
34.263	-2.307E-2	5.249E-2
34.297	-2.134E-2	4.946E-2
34.331	-1.922E-2	4.459E-2
34.365	-1.698E-2	3.794E-2
34.398	-1.266E-2	1.763E-2
34.432	-1.657E-2	1.189E-2
34.466	-2.212E-2	1.376E-2
34.500	-1.791E-2	5.226E-3
34.534	-1.729E-2	-4.723E-3
34.568	-2.184E-2	-1.191E-2
34.602	-3.910E-2	-2.500E-2
34.636	-4.539E-2	-2.541E-2
34.670	-5.290E-2	-2.325E-2
34.704	-6.035E-2	-1.785E-2
34.738	-6.686E-2	-8.934E-3
34.772	-7.104E-2	1.765E-3
34.806	-7.161E-2	1.239E-2
34.840	-6.916E-2	2.085E-2
34.874	-6.411E-2	2.628E-2
34.908	-5.726E-2	2.871E-2
34.942	-4.962E-2	2.763E-2
34.976	-4.120E-2	2.379E-2
35.010	-3.324E-2	1.690E-2
35.044	-2.663E-2	2.574E-2
35.078	-2.511E-2	1.742E-2
35.112	-1.834E-2	1.117E-2
35.146	-1.269E-2	-5.525E-3
35.179	-1.229E-2	-1.154E-2
35.213	-7.865E-3	-1.288E-2
35.247	-6.356E-3	-1.265E-2
35.281	-8.802E-3	-1.881E-2
35.315	5.607E-3	-1.550E-2
35.349	4.181E-3	-1.063E-2
35.383	3.947E-3	-1.690E-2
35.417	6.128E-3	-1.208E-2
35.451	8.925E-3	-6.686E-3
35.485	1.281E-2	-1.289E-3
35.519	2.049E-2	1.419E-2
35.553	2.422E-2	8.301E-3
35.587	2.675E-2	2.025E-2
35.621	3.950E-2	2.372E-2
35.655	5.225E-2	1.922E-2
35.689	4.156E-2	2.161E-2
35.723	5.421E-2	2.276E-2
35.757	5.875E-2	1.571E-2
35.791	5.603E-2	-5.849E-3
35.825	4.172E-2	-5.263E-3
35.859	4.120E-2	-1.757E-2
35.893	2.515E-2	-1.482E-2
35.927	2.421E-2	-6.984E-3
35.960	1.728E-2	-3.574E-3
35.994	1.038E-2	1.881E-3
36.028	4.708E-3	8.389E-3
36.062	-1.613E-3	9.402E-3
36.096	-4.852E-3	1.473E-2
36.130	3.599E-3	1.486E-2
36.164	1.554E-4	2.121E-2
36.198	-2.446E-3	2.707E-2
36.232	-3.452E-3	3.920E-2
36.266	-1.176E-2	4.232E-2
36.300	-1.738E-2	4.338E-2
36.334	-1.874E-2	3.480E-2
36.368	-2.054E-2	3.298E-2
36.402	-2.290E-2	2.992E-2
36.436	-2.642E-2	3.077E-2
36.470	-3.056E-2	2.524E-2
36.504	-3.513E-2	1.859E-2
36.538	-4.100E-2	1.027E-2
36.572	-4.869E-2	9.776E-4
36.606	-5.730E-2	-8.190E-3
36.640	-6.560E-2	-1.494E-2
36.674	-7.142E-2	-1.821E-2
36.708	-7.409E-2	-1.771E-2
36.741	-7.317E-2	-1.379E-2
36.775	-6.858E-2	-6.733E-3
36.809	-6.032E-2	3.282E-3
36.843	-5.040E-2	1.200E-2
36.877	-3.863E-2	1.960E-2
36.911	-3.056E-2	2.232E-2
36.945	-2.597E-2	2.274E-2
36.979	-2.377E-2	3.681E-2
37.013	-2.385E-2	3.878E-2
37.047	-1.556E-2	3.899E-2
37.081	-8.182E-3	3.610E-2
37.115	-7.377E-3	2.679E-2
37.149	-4.283E-3	2.321E-2
37.183	-1.939E-3	1.878E-2
37.217	3.980E-4	1.398E-2
37.251	2.856E-3	8.940E-3
37.285	5.483E-3	3.490E-3
37.319	8.264E-3	-2.117E-3
37.353	1.247E-2	-7.600E-3
37.387	2.224E-2	-1.286E-2
37.421	2.511E-2	-1.035E-2
37.455	3.448E-2	-1.285E-2
37.489	4.404E-2	-1.269E-2
37.523	4.419E-2	-5.996E-3
37.556	5.001E-2	-3.142E-4
37.590	5.169E-2	5.709E-3
37.624	5.837E-2	7.510E-3
37.658	5.237E-2	1.407E-2
37.692	3.623E-2	2.304E-2
37.726	2.902E-2	2.455E-2
37.760	2.274E-2	2.163E-2
37.794	2.275E-2	1.014E-2
37.828	1.753E-2	1.264E-2
37.862	7.119E-3	2.786E-3
37.896	1.745E-2	4.805E-3
37.930	1.150E-2	2.743E-3
37.964	6.162E-3	-5.706E-3
37.998	1.438E-2	-8.531E-3
38.032	1.749E-2	-8.320E-3
38.066	2.249E-2	-6.865E-3
38.100	2.999E-2	-3.831E-3
38.134	3.891E-2	-4.909E-4
38.168	4.799E-2	2.588E-3
38.202	5.319E-2	1.546E-2
38.236	5.780E-2	1.781E-2
38.270	5.727E-2	1.206E-2
38.304	3.978E-2	4.553E-3
38.337	3.737E-2	5.402E-3
38.371	3.009E-2	5.254E-3
38.405	2.608E-2	-2.594E-3
38.439	2.418E-2	-1.083E-2
38.473	1.961E-2	-1.199E-2
38.507	1.536E-2	-6.117E-3
38.541	1.020E-2	-1.102E-2
38.575	9.264E-3	-2.947E-4
38.609	1.311E-2	3.652E-3
38.643	1.681E-2	7.576E-3
38.677	2.513E-2	4.036E-3
38.711	4.044E-2	1.212E-2
38.745	4.555E-2	1.902E-2
38.779	5.125E-2	7.208E-3
38.813	4.929E-2	1.918E-2
38.847	4.819E-2	1.372E-2
38.881	5.317E-2	5.177E-3
38.915	4.341E-2	9.830E-3
38.949	3.585E-2	2.592E-3
38.983	2.341E-2	-2.817E-3
39.017	2.274E-2	-1.524E-2
39.051	1.816E-2	-1.414E-2
39.085	2.465E-2	-5.890E-3
39.118	1.810E-2	3.263E-3
39.152	2.421E-2	-4.682E-3
39.186	2.380E-2	3.114E-3
39.220	3.089E-2	2.005E-2
39.254	3.154E-2	1.621E-2
39.288	3.761E-2	1.884E-2
39.322	4.362E-2	1.891E-2
39.356	4.856E-2	1.656E-2
39.390	4.859E-2	1.697E-2
39.424	4.895E-2	1.118E-2
39.458	4.587E-2	3.990E-3
39.492	4.146E-2	-2.552E-4
39.526	3.716E-2	-1.760E-3
39.560	3.491E-2	-8.254E-3
39.594	2.447E-2	-1.202E-2
39.628	2.631E-2	-6.974E-3
39.662	1.926E-2	4.969E-3
39.696	2.653E-2	1.214E-2
