mass_A
t	x	y	v_{x}	v_{y}
0.30000000000000004	0.052421891164989444	0.061053518881308534		
0.33333333333333337	0.04256498659603955	0.051481081766833525	-0.21069947987627022	-0.4799482780047458
0.3666666666666667	0.03837525917323809	0.029056967014325488	-0.2968090562548659	-0.5451911489061873
0.4	0.022777716179048495	0.015135005173087718	-0.2967652349352656	-0.528944794696676
0.43333333333333335	0.018590910177553724	-0.006206019298786253	-0.1951558160555388	-0.7025816881562374
0.4666666666666667	0.009767328442012571	-0.031703774037328075	-0.05381256283303765	-0.518864741911969
0.5	0.015003405988684548	-0.040797002092917506	0.021940784223538796	-0.3142193341699751
0.5333333333333333	0.01123004739024848	-0.052651729648659745	-0.10470420410574079	-0.3308551927639129
0.5666666666666667	0.008023125714968493	-0.06285401494384504	-0.1771427351218964	-0.2618849057666287
0.6000000000000001	-5.794682845446444E-4	-0.07011072336643501	-0.19730803370867714	-0.18720062124377473
0.6333333333333334	-0.00513074319894332	-0.07533405636009671	-0.22706062464770266	-0.13638557706922844
0.6666666666666667	-0.015716843261058155	-0.07920309517105026	-0.1903947406075143	-0.010584603532887123
0.7000000000000001	-0.017823725906110928	-0.07603969659562254	-0.09531439892678249	0.04666380147218959
0.7333333333333334	-0.02207113652284364	-0.0760921750729043	-0.11521248102880073	0.13616231603919937
0.7666666666666667	-0.025504557974697646	-0.06696220885967591	0.031008751797316124	0.3169361877482106
0.8	-0.02000388640302258	-0.054963095889690256	0.0331061653206644	0.38409074058806947
0.8333333333333334	-0.02329748028665337	-0.041356159487137945	-0.0931230291724768	0.48746615025678247
0.8666666666666667	-0.026212088347854358	-0.022465352539238093	0.04052427967384896	0.4344053660834564
0.9	-0.0205958616417301	-0.01239580174824087	0.2078060984778187	0.38390160859882344
0.9333333333333333	-0.012358348449333097	0.0031280880340168044	0.11603545121202997	0.4725598085291558
0.9666666666666667	-0.012860164894261429	0.01910818548703619	4.7925326390062435E-4	0.6099861764887616
1.0	-0.01232639823173972	0.04379383313326757	0.21005341352305426	0.6137791228672468
1.0333333333333334	0.001143396007275553	0.06002679367818604	0.32892441496978286	0.4271748453503201
1.0666666666666667	0.009601896099579135	0.07227215615662223	0.38048058119032774	0.42334034195051473
1.1	0.02650876808663073	0.08824948314155368	0.21251691786013516	0.23146200742864206
1.1333333333333333	0.023769690623588146	0.08770295665186503	0.06175725122374423	-0.1237320123446175
1.1666666666666667	0.030625918168213678	0.08000068231857918	0.1498333951595251	0.12017023640813007
1.2000000000000002	0.03375858363422318	0.0957143057457404	0.03594105957152004	-0.048098255726269294
1.2333333333333334	0.03302198880631501	0.0767941319368279	-0.04559448839903828	-0.22419341678934063
1.2666666666666668	0.0307189510742873	0.08076807795978436	-0.06104338502335722	-0.11910079709169456
1.3	0.02895242980475786	0.06885407879738159	0.17871587620669838	-0.3392688794208985
1.3333333333333335	0.04263334282140052	0.0581501526650578	0.10194505401834143	-0.5953255958092286
1.3666666666666667	0.03574876673931395	0.029165705743433024	-0.09492963284641917	-0.6760812758588713
1.4000000000000001	0.036304700631639236	0.013078067607799712	-0.19962099319446483	-0.6394768051866893
1.4333333333333333	0.02244070052634963	-0.013466081269012914	-0.07347937293671475	-0.6570443828412788
1.4666666666666668	0.03140607576919158	-0.030724891248285507	0.12379177095389078	-0.41173185512451826
1.5	0.03069348525660901	-0.04091487161064744	-0.0050105944585985725	-0.2713009020341137
1.5333333333333334	0.031072036138618336	-0.048811618050559724	0.053905539864215826	-0.27677506643389915
1.5666666666666669	0.034287187914223416	-0.05936654270624078	0.06149451841162047	-0.28110847311880965
1.6	0.03517167069939304	-0.06755218292514703	-0.0026744817139832916	-0.19799745176515507
1.6333333333333335	0.03410888913329121	-0.07256637282391779	-0.07875240710607881	-0.06930119134346623
1.6666666666666667	0.029921510225654445	-0.07217226234804477	-0.16787132615633024	0.09866591414082156
1.7000000000000002	0.022917467389535866	-0.06598864521452971	-0.17258961053758134	0.18912626979286926
1.7333333333333334	0.018415536189815694	-0.059563844361853496	-0.1414685991153493	0.12796762589308572
1.7666666666666668	0.013486227448512578	-0.0574574701549907	-0.31999509022383277	0.26573213759745107
1.8	-0.002917469825106468	-0.04184836852202345	-0.2403115733262091	0.3893246929422348
1.8333333333333335	-0.002534544106568032	-0.03150249062550839	0.055786507072932194	0.549723826735092
1.8666666666666667	8.0163064642233E-4	-0.005200113406350654	-0.06255882459945941	0.47137944242391844
1.9000000000000001	-0.0067051324131986514	-7.719446391382667E-5	-0.31851450574599705	0.5500348083411976
1.9333333333333333	-0.020432669736644142	0.031468873816395834	0.014540680964159738	0.5350917235928332
1.9666666666666668	-0.005735753682254659	0.035595587108941715	0.053620684146898044	0.29652349061036787
2.0	-0.01685795746018428	0.051237106523753684	0.09697781628851392	0.4965098926926282
2.0333333333333337	7.294340703129648E-4	0.0686962466217837	0.28731108962156643	0.43648854244330615
2.066666666666667	0.0022961151812535413	0.08033634268664085	-0.006755425264887269	0.3420564586613637
2.1	2.7907238598715023E-4	0.0915000105325412	0.014061642299751308	0.22617854523273173
2.1333333333333333	0.0032335580012369525	0.09541491236882291	0.01059610250597176	0.12582992238711516
2.166666666666667	9.854792197186088E-4	0.09988867202501557	-0.06648546849651712	-0.06623956833051595
2.2	-0.0011988065651975313	0.0909989411467885	0.01717038985209324	-0.22754959541860503
2.2333333333333334	0.002130171876524825	0.08471869899710863	0.04408774690127127	-0.3791127356623287
2.2666666666666666	0.0017403765615538747	0.0657247587693	0.09200728905601781	-0.5168998562531234
2.3000000000000003	0.008263991146926032	0.050258708580233624	0.14778294028151592	-0.3968078962757264
2.3333333333333335	0.01159257258032164	0.039270899017584834	0.1236805459414058	-0.4579139835934435
2.3666666666666667	0.01650936087635305	0.01973110967400417	0.12427154810930645	-0.5497101157017
2.4000000000000004	0.019877342454275436	0.002623557970804713	0.11950208324470789	-0.38058935834638974
2.4333333333333336	0.02447616642600027	-0.005641514215755233	0.3125051672023505	-0.466039206747591
2.466666666666667	0.04071102026776539	-0.02844572247903457	0.2997458315726988	-0.46778483586941144
2.5	0.044459221864180117	-0.03682716994038254	0.13101134740484388	-0.20370804369626427
2.5333333333333337	0.049445110094754996	-0.04202625872545221	0.21290659617765714	-0.19493563904125105
2.566666666666667	0.05865299494269063	-0.0498228792097993	0.19369204314680866	-0.14166849614898805
2.6	0.062357912971208865	-0.0514708251353847	0.08611549819116686	-0.017187382922928193
2.6333333333333333	0.06439402815543507	-0.05096870473799453	-0.04833856226041294	0.09516124585247238
2.666666666666667	0.059135342153848	-0.04512674207855322	-0.12260219675376494	0.1095732434090225
2.7	0.05622054837185071	-0.04366382184405965	-0.2889489883508466	0.1675882380814889
2.7333333333333334	0.03987207626379163	-0.03395419287312065	-0.29305691938438816	0.3311506641901275
2.766666666666667	0.036683420412891445	-0.0215871108980511	-0.11560428895723143	0.6801073749077785
2.8000000000000003	0.03216512366664285	0.011386298787398039	-0.214368073857989	0.6329655053199726
2.8333333333333335	0.022392215489025563	0.020610589456613593	-0.1609039414204466	0.5566557836166246
2.8666666666666667	0.02143819423861312	0.04849668436183954	0.02293051581699466	0.5434480350283144
2.9000000000000004	0.023920916543491884	0.05684045845850133	-0.07440837081623082	0.22221984505008271
2.9333333333333336	0.016477636184197716	0.06331134069851177	-0.35881658157355995	0.41510770760206755
2.966666666666667	-1.8889474535932482E-7	0.0845143056319724	-0.13718684347378823	0.12494971817792337
3.0	0.007331846619278541	0.0716413219103733	0.07829958259025363	0.15775829971924527
3.0333333333333337	0.005219783277938227	0.09503152561325545	-0.18715440752588314	0.22663390065398759
3.066666666666667	-0.005145113882447046	0.08675024862063918	-0.22259993019619384	-0.06926956793865666
3.1	-0.009620212068474639	0.09041355441734503	0.07307870270863918	-0.10875729743681627
3.1333333333333337	-2.7320036853775015E-4	0.07949976212485141	0.08607125511240463	-0.2904947714973318
3.166666666666667	-0.003882128394314316	0.07104723631752284	-0.11148566437595733	-0.275160500433438
3.2	-0.0077055779936015464	0.06115572876262227	-0.22107774287116838	-0.5971185108121334
3.2333333333333334	-0.018620644585725495	0.031239335596714102	-0.11947395408359611	-0.6887439916672441
3.266666666666667	-0.0156705082658413	0.015239462651472524	-0.06582780904417672	-0.27454378409552443
3.3000000000000003	-0.02300916518867064	0.012936416657012423	-0.015235087734203182	-0.4157427398482104
3.3333333333333335	-0.016686180781454847	-0.012476720005074743	0.06419036096592272	-0.4672758282417253
3.3666666666666667	-0.018729807790942486	-0.01821530522576914	0.17125134318689333	-0.2706751220884472
3.4000000000000004	-0.005269424568995255	-0.030521728144304622	0.26362254464130486	-0.34003949286001417
3.4333333333333336	-0.0011549714815221115	-0.040884604749770154	0.18895838888740232	-0.3580038612484217
3.466666666666667	0.0073278013568315176	-0.05438865222753264	0.25114719435626326	-0.25035289580740777
3.5000000000000004	0.015588174808895482	-0.057574797803597366	0.2065310845037544	-0.16495572824880658
3.5333333333333337	0.021096540323748518	-0.06538570077745312	0.1746261824529707	-0.04402508034813181
3.566666666666667	0.027229920305760158	-0.060509803160139486	0.14489782115473135	0.10845170604310433
3.6	0.030756395067397246	-0.05815558704124621	0.12816822233506234	0.11076761869738797
3.6333333333333337	0.03577446846143101	-0.05312529524698026	0.10285953670487182	0.1677749545473427
3.666666666666667	0.03761369751438873	-0.04697059007142332	0.03265614269268428	0.19222643474312284
3.7	0.03795154464094329	-0.040310199597438784	-0.09396665892467136	0.3926316688394274
3.7333333333333334	0.03134925358607733	-0.02079514548212827	0.028474128607303344	0.5422104598255345
3.766666666666667	0.03984981988143018	-0.004162835609069701	0.22547534258526947	0.6933846248526073
3.8000000000000003	0.046380943091762016	0.025430496174712353	-0.08589997034574424	0.5630611033978462
3.8333333333333335	0.034123155191713925	0.0333745712841199	-0.269114923603303	0.4994079494052392
3.8666666666666667	0.02843994818487522	0.05872435946839484	-0.06606172676611057	0.3671812693185293
3.9000000000000004	0.029719040073973208	0.05785332257202192	0.0047248760603804865	0.03464077074022695
3.9333333333333336	0.02875493992223392	0.06103374418440998	-0.20953661451007563	0.14517217275329278
3.966666666666667	0.015749932439968216	0.0675314674222414	-0.08375390818610878	0.2564545003357018
4.0	0.023171346043160027	0.0781307108734567	0.036076171790708454	0.13651870585712333
4.033333333333333	0.018155010559348768	0.07663271447938293	-0.24374044634030317	-0.15122335766960704
4.066666666666667	0.006921982953806326	0.06804915369548281	-0.43348172585881806	-0.21519955599670718
4.1000000000000005	-0.010743771164572716	0.06228607741293564	-0.3080430062754731	-0.27537028917535294
4.133333333333334	-0.013614217464558487	0.04969113441712601	-0.15518105896694964	-0.4889191954146465
4.166666666666667	-0.021089175095702663	0.029691464385292646	-0.22736333742044304	-0.45238644385386206
4.2	-0.02877177329258796	0.019532038160201992	-0.09185158454430299	-0.40183528260571216
4.233333333333333	-0.027212614065322847	0.0029024455449119246	0.13000629448599987	-0.4316609770233973
4.266666666666667	-0.020104686993521324	-0.009245360308024392	-0.02560025357887194	-0.37498209189576853
4.300000000000001	-0.028919297637247675	-0.02209636058147288	-0.03714305691124576	-0.3459847378115322
4.333333333333334	-0.02258089078760441	-0.03231100949546009	-0.004148698141675261	-0.29196395186572666
4.366666666666667	-0.029195877513359357	-0.04156062403918792	-0.031600377940604704	-0.2634404204752817
4.4	-0.024687582650311367	-0.04987370419381215	0.15717957444051947	-0.21108911073889883
4.433333333333334	-0.01871723921732476	-0.05563323142178114	0.25210152654250556	-0.14880335067406408
4.466666666666667	-0.00788081421414439	-0.059793927572083044	0.26293063561899294	-0.06996786295468205
4.5	-0.0011885301760586262	-0.06029775561875994	0.2045734432965546	-0.005508929117673232
4.533333333333333	0.005757415338959203	-0.06016118951326124	0.20162864560779184	0.044689681054171426
4.566666666666667	0.012253379531127623	-0.05731844354848184	0.14465086360889362	0.13471731805375267
4.6000000000000005	0.015400806246218868	-0.051180034976344296	0.12105207211223672	0.1441596462890956
4.633333333333334	0.02032351767194336	-0.047707800462542166	0.20260877922119955	0.28847663695231796
4.666666666666667	0.02890805819429878	-0.03194825917952318	0.04299407141319945	0.4825527131708853
4.7	0.02318978909948998	-0.01553761958448327	0.12112996145921379	0.4737012036486954
4.733333333333333	0.03698338895824634	-3.6817893627692777E-4	0.23997383030535768	0.556405153477312
4.766666666666667	0.039188044453180436	0.021556057314004076	0.22630762975568372	0.7233212275566988
4.800000000000001	0.052070564275292074	0.04785323623417012	0.326304106531208	0.4149638962863828
4.833333333333334	0.060941651555261184	0.04922031706642986	0.009342938535689299	0.2792623912874328
4.866666666666667	0.052693426844338025	0.06647072898666558	0.023531423549876758	0.16849940108446837
4.9	0.06251041312525296	0.06045361047206105	0.10574034258632725	-0.08197547201203272
4.933333333333334	0.059742783016759816	0.061005697519196746	-0.096271775978965	-0.017162869251793902
4.966666666666667	0.05609229472665532	0.059309419188608124	-0.3155873990019302	-0.08086532668198332
5.0	0.038703623083297875	0.055614675740397884	-0.19367981264689618	-0.32475548704544394
5.033333333333333	0.043180307216862286	0.03765905338557861	-0.13187534396378217	-0.5428974040860012
5.066666666666667	0.02991193348571232	0.019421515467997447	-0.34070330185045483	-0.6141424277531867
5.1000000000000005	0.02046675376016508	-0.0032837751313009034	-0.10012389379082891	-0.5435684925284423
5.133333333333334	0.023237007232990416	-0.016816384033898568	-0.14342909442387425	-0.4320936217554604
5.166666666666667	0.010904814131906825	-0.0320900165816648	-0.2468213586999602	-0.23372500952266803
5.2	0.006782249986326469	-0.03239805133540974	0.10477127590331259	-0.20648151491033004
5.233333333333333	0.017889565858794323	-0.0458554509090201	0.1626456150312599	-0.30142051012269366
5.266666666666667	0.01762529098841043	-0.05249275201025591	-0.0748142638475583	-0.11193357835109713
5.300000000000001	0.012901948268957054	-0.05331768946575999	-0.016736367617057563	-0.029566654055294565
5.333333333333334	0.016509533147273263	-0.05446386228060893	0.08967175618695584	-0.05742981936514031
5.366666666666667	0.018880065348087414	-0.05714634409010266	0.047651311879258515	-0.036584393364107334
5.4	0.01968628727255714	-0.05690282183821607	-0.049504526265508095	0.060907070339271695
5.433333333333334	0.015579763597053549	-0.05308587273415122	-0.1698400525725795	0.26876034423375106
5.466666666666667	0.008363617101051879	-0.038985465555966076	-0.043198263393890206	0.43633503413116026
5.5	0.012699879370794226	-0.023996870458740632	-0.07954235201432078	0.47680933180919693
5.533333333333334	0.0030607936334304323	-0.0071981767686859766	-6.91641648557933E-4	0.44313512977945235
5.566666666666667	0.012653769927557033	0.005545471526556489	0.2648978860501172	0.3679377452577855
5.6000000000000005	0.020720652703438182	0.017331006248499647	0.29538608760410884	0.576342913130227
5.633333333333334	0.032346175767830894	0.04396833240190483	0.22971996059185337	0.6361325836050469
5.666666666666667	0.03603531674289502	0.059739845155502624	0.22411490826925387	0.1959543058390674
5.7	0.047287169652447766	0.05703195279117594	0.23524956166230168	0.013481331958014769
5.733333333333333	0.05171862085371508	0.06063860061937027	0.1625559264871368	-0.02104342345650864
5.766666666666667	0.05812423141825685	0.055629057894075365	0.14735918799014563	-0.04894306433090396
5.800000000000001	0.061542566719724884	0.05737572966397664	0.034698223324068515	-0.13993892925318446
5.833333333333334	0.06043744630652811	0.04629979594386298	-0.1708341171661363	-0.2599904375207358
5.866666666666667	0.05015362557531584	0.040043033829260985	-0.19486525934274554	-0.45910264417180785
5.9	0.04744642901701178	0.0156929529990759	-0.08807381898680296	-0.6200057090816656
5.933333333333334	0.04428203764286233	-0.0012906801095165787	-0.36201959621692587	-0.5768944765351245
5.966666666666667	0.0233117892692168	-0.02276667876993227	-0.19191656869069676	-0.5271909786622773
6.0	0.03148759973014925	-0.03643674535366828	0.024926177216642583	-0.24518776696910913
6.033333333333334	0.024973534416992994	-0.039112529901206367	-0.25673775252069553	-0.06322743861276604
6.066666666666667	0.014371749562102708	-0.0406519079278527	-0.2814703946504183	-0.221565987979174
6.1000000000000005	0.0062088414402985195	-0.05388359576648458	-0.22538405140703038	-0.16955299363679524
6.133333333333334	-6.53853865032604E-4	-0.051955440836972344	-0.025519125172168925	-0.03847071615416312
6.166666666666667	0.004507566428820602	-0.056448310176762106	0.03143828360288834	0.1608004312660685
6.2	0.0014420317084932743	-0.041235412085901146	-0.15484569467587836	0.36599345469632477
6.233333333333333	-0.005815479882904581	-0.03204874653034054	-0.24950385094860505	0.21263544536844223
6.2666666666666675	-0.015191558354747232	-0.027059715728004863	-0.26715472205723984	0.15957526731299954
6.300000000000001	-0.023625794686720734	-0.02141039537614045	0.023885911950908355	0.2515535764546575
6.333333333333334	-0.01359916422468669	-0.010289477297694416	0.20983321243711192	0.42404731262788575
6.366666666666667	-0.009636913857579983	0.006859425465718508	0.10357554539136538	0.4926809231484471
6.4	-0.006694127865262349	0.0225559175788686	0.048355175478565986	0.4545786885317253
6.433333333333334	-0.0064132354923422605	0.03716467136783341	-0.035913248324707256	0.39031495223089335
6.466666666666667	-0.009088344420242811	0.0485769143942614	0.05566801777521625	0.19985472231783485
6.5	-0.0027020343073278635	0.05048831952235569	0.08985424068490598	0.2572373165765424
6.533333333333334	-0.0030980617079156905	0.06572606883269773	0.054952161160473446	0.3081790980871264
6.566666666666667	9.614431033704018E-4	0.07103359272816431	0.1305470604228725	0.10639622006675344
6.6000000000000005	0.005605075653609119	0.07281915017048127	0.216651353361462	0.013000886848361825
6.633333333333334	0.01540486666080115	0.07190031851805509	0.060971376493188595	-0.07038599552567756
6.666666666666667	0.00966983408648834	0.06812675046876945	0.18606154047160647	-0.2565685054703478
6.7	0.027808969358908205	0.05479575148669863	0.1559381889819338	-0.2707717256073594
6.733333333333333	0.020065713351950554	0.050075302094945554	0.10020374195380301	-0.34598593794911414
6.7666666666666675	0.034489218822495143	0.031730022290090795	0.17609039558319053	-0.3477701424501405
6.800000000000001	0.031805073057496705	0.02689062593160263	0.18105371939735326	-0.5299315413396376
6.833333333333334	0.046559466782318655	-0.00359874713255158	0.1327642078375137	-0.6623619558229228
6.866666666666667	0.04065602024666424	-0.017266837789925382	0.004440145085643363	-0.41439399450182174
6.9	0.04685547645469488	-0.03122501343267295	0.019798944854255738	-0.33256304367823397
6.933333333333334	0.04197594990361461	-0.03943770736847421	0.003402644060644017	-0.11578290591459142
6.966666666666667	0.04708231939207114	-0.038943873826979	0.08908457165200133	0.05285348817433607
7.000000000000001	0.047914921347081425	-0.0359141414901851	-0.05720354986366901	0.05522003905692655
7.033333333333334	0.04326874940115982	-0.03526253788985051	-0.3084831037821604	0.06466424153540636
7.066666666666667	0.027349381094937467	-0.03160319205449133	-0.3187495524754964	0.2029851416768869
7.1000000000000005	0.022018779236126815	-0.02173019511139143	-0.16013295184696988	0.5256337992034763
7.133333333333334	0.016673850971806178	0.0034390612257402947	-0.13785148870060296	0.43944600893771824
7.166666666666667	0.012828679989419979	0.0075662054844563564	-0.10504471035638718	0.3807017557676071
7.2	0.009670870281380396	0.02881917827691402	0.19849428130602442	0.5481085549340347
7.233333333333333	0.026061632076488227	0.04410677581339187	0.06691549181474447	0.2558747669985233
7.2666666666666675	0.014131903069030068	0.04587749607681574	-0.18971556438891934	0.21740853349116268
7.300000000000001	0.013413927783893477	0.058600678046136195	0.02225114657069739	0.16857765895305077
7.333333333333334	0.015615312840409894	0.05711600667368576	0.15108324480966598	0.12828011693358038
7.366666666666667	0.023486144104537837	0.06715268584170819	0.041978509052088386	-0.02387651150397845
7.4	0.018413880110549112	0.0555242392400872	-0.062205224983452954	0.004405683522040364
7.433333333333334	0.019339129105640986	0.06744639807651089	0.024031407852658733	0.05113370587754218
7.466666666666667	0.02001597396739302	0.058933152965256676	-0.022569552814563607	-0.33782124492568266
7.500000000000001	0.017834492251336733	0.04492498174813182	-0.23240511114657186	-0.3608476209294557
7.533333333333334	0.004522299890954741	0.03487664490329273	-0.1933595985751718	-0.3609920137655886
7.566666666666667	0.004943852346325335	0.02085884749709266	0.04862637878088657	-0.591125737197478
7.6000000000000005	0.007764058476347174	-0.004531737576538977	0.08287376249449822	-0.4704396491939196
7.633333333333334	0.010468769845958521	-0.010503795782501879	0.2619541285118842	-0.3650591140193961
7.666666666666667	0.025227667043806058	-0.028869011844498638	0.32762132890053147	-0.27604011620923613
7.7	0.03231019177266055	-0.0289064701964509	0.21189464724802776	-0.14586343340165975
7.733333333333333	0.039353976860341186	-0.03859324073794257	0.16849067603562767	-0.12429816238927203
7.7666666666666675	0.04354290350836916	-0.03719301435573577	0.2813532403484914	0.08600225869382601
7.800000000000001	0.058110859550240784	-0.032859756825020764	0.20599180459296518	0.1000241797352566
7.833333333333334	0.05727569048123346	-0.03052473570671871	0.1094234077413707	0.20064593823685486
7.866666666666667	0.06540575339966548	-0.019483360942563838	-0.1710444554168012	0.3431819961556008
7.9	0.045872726786780095	-0.007645935963012079	-0.4606455571712041	0.43897700446153504
7.933333333333334	0.03469604958825199	0.009781772688205057	-0.27359437583889956	0.6005590577152171
7.966666666666667	0.027633101730853517	0.032391334551335596	-0.2123813610203704	0.35086220199800355
8.0	0.020537292186894013	0.033172586154738545	-0.39159396038487787	0.19958836410609868
8.033333333333333	0.001526837705195093	0.04569722549174213	-0.3826227337873465	-0.04406965989249717
8.066666666666666	-0.004970890065595673	0.030234608828572082	-0.2795313329537329	-0.013632856611713583
8.1	-0.017108584491720362	0.04478836838429455	-0.29666189558416933	0.23150761396928743
8.133333333333335	-0.024748349771207427	0.04566844975985826	-0.06295068091706592	-0.11763661425769635
8.166666666666668	-0.021305296552858198	0.03694592743378128	-0.25397539673893005	-0.2129900931816664
8.200000000000001	-0.041680042887136025	0.0314691102144139	-0.35704969970149636	-0.1920605713280757
8.233333333333334	-0.04510860986629119	0.024141889345242945	0.0011324767438680107	-0.07774642785860408
8.266666666666667	-0.04160454443754482	0.026286015023840315	0.001514711021905667	-0.22625629708863862
8.3	-0.04500762913149748	0.009058136206000433	0.010204910518412581	-0.3249366549734784
8.333333333333334	-0.04092421706965065	0.0046235713589418415	0.04813481631376432	-0.19998257359949956
8.366666666666667	-0.041798641377246544	-0.004274035367299506	0.24318080890533061	-0.25556913262822634
8.4	-0.024712163142628675	-0.012414370816273196	0.2550245912347724	0.01354784026003577
8.433333333333334	-0.02479700196159513	-0.0033708460166304577	0.0861770292614181	0.049624589893773476
8.466666666666667	-0.01896702785853415	-0.009106064823354965	0.2161474479320046	-0.32322157598770773
8.5	-0.010387172099461522	-0.024918951082477575	0.23333294337280763	-0.28840656717779967
8.533333333333333	-0.003411498300347017	-0.028333169301874878	0.24408752516332924	-0.038774050986232496
8.566666666666666	0.0058853295780937065	-0.027503887814893074	0.26121356597532774	0.006962497266507941
8.600000000000001	0.014002739431341893	-0.02786900281744098	0.31634723964287	0.08475176676384615
8.633333333333335	0.026975145554285533	-0.021853770030636543	0.3671067834404024	0.1749199805394564
8.666666666666668	0.0384765249940353	-0.01620767078147725	0.356080159289662	0.2229887351636482
8.700000000000001	0.05071382284026291	-0.006987854353060041	0.3772997803025767	0.6296700428823169
8.733333333333334	0.06362984368087365	0.02577033207734372	0.027813601131357137	0.4150679084735461
8.766666666666667	0.05256806291568671	0.02068333954517626	-0.2109250829980863	0.07098813295475442
8.8	0.04956817148100129	0.030502874274327324	-0.09093604565771087	0.19514947090338458
8.833333333333334	0.04650565987183934	0.03369330427206853	-0.38731094305380476	0.21001243154536853
8.866666666666667	0.023747441944081064	0.04450370304401852	-0.4273948811674047	0.04858265020295946
8.9	0.018012667794012463	0.03693214761893247	-0.056928891777479534	-0.1718978658412619
8.933333333333334	0.01995218249224911	0.033043845321267765	-0.09348341780392656	-0.25380329202828095
8.966666666666667	0.01178043994041738	0.02001192815038047	-0.36806940659016596	-0.4711255776721741
9.0	-0.004585777947095186	0.0016354734764562617	-0.2955718403515733	-0.3918360886436714
9.033333333333333	-0.007924349416354108	-0.0061104777591975135	0.02619983922123009	-0.321385852108956
9.066666666666666	-0.0028391219990131986	-0.019790249997474058	-0.03174543836268868	-0.318070751968191
9.100000000000001	-0.010040711973866745	-0.0273151945570774	0.016644998454797798	-0.18788037877722613
9.133333333333335	-0.001729455435359989	-0.03231560858262275	0.16983306842225918	-0.25724031986010004
9.166666666666668	0.0012814925876171446	-0.04446454921441734	0.06806212580503959	-0.3018311743251943
9.200000000000001	0.0028080196183093015	-0.052437686870968975	0.07579676660027651	-0.020305384235595872
9.233333333333334	0.006334610360968877	-0.04581824149679037	0.09405909972288626	0.016766567991101915
9.266666666666667	0.009078626266501702	-0.05131991567156216	0.11173966856570322	-0.02216173221691826
9.3	0.013783921598682414	-0.04729569031125158	0.1638758130188224	0.26357265723422196
9.333333333333334	0.02000368046775649	-0.03374840518928077	0.10898813174269464	0.2958240623557793
9.366666666666667	0.021049797048195353	-0.027574086154199706	-0.016555215941712022	0.29843335885504646
9.4	0.018899999404975686	-0.013852847932277756	0.3193447103905756	0.45883787812137283
9.433333333333334	0.042339444407566984	0.003015105720558353	0.3398353244469119	0.3715795530759535
9.466666666666667	0.0415556877014364	0.010919122272785714	0.08429764560868631	0.3576234716169687
9.5	0.04795928744814605	0.026856670495022855	0.16165174313320524	0.3368719761076532
9.533333333333333	0.052332470576983384	0.03337725401329583	0.053765025263582886	0.1439443361736025
9.566666666666666	0.051543622465718225	0.036452959573263	0.12451935430013132	-0.01878731098666098
9.600000000000001	0.060633760863659	0.03212476661418506	-0.015908936322417	-0.2132328086293393
9.633333333333335	0.050483026710890395	0.022237438997973397	-0.19320982600407755	-0.09416389881517868
9.666666666666668	0.04775310579672055	0.02584717335983984	-0.24141988991763424	-0.15045868825176478
9.700000000000001	0.034388367383048166	0.012206859781189114	-0.3253223188570862	-0.38125068094661435
9.733333333333334	0.02606495120624821	4.3046129673231237E-4	-0.27027321348778194	-0.5563945639182889
9.766666666666667	0.016370153150529435	-0.02488611114669667	-0.04620906921136902	-0.38807866070443564
9.8	0.022984346592156944	-0.025441449416896633	-0.14270244591346373	-0.16082892843451047
9.833333333333334	0.006856656756298554	-0.03560803970899734	-0.1373193866272654	-0.19588882645308828
9.866666666666667	0.01382972081700596	-0.03850070451376916	-0.08606806384411603	8.681923634803468E-4
9.9	0.001118785833357512	-0.03555016021809865	-0.04682741611989252	0.09665329292292389
9.933333333333334	0.010707893075679792	-0.032057151652240906	0.014099339584981843	0.019969057816863242
9.966666666666667	0.002058741805689622	-0.03421888969697445	0.03925271986049115	0.04722615945306246
10.0	0.013324741066379202	-0.02890874102203675	0.21323218251211506	0.22647276494804616
10.033333333333333	0.016274220639830583	-0.01912070536710475	-0.035361588908858065	0.4097044417194184
10.066666666666666	0.010967301805788678	-0.0015951115740756167	0.2275111973843492	0.3814935741226642
10.100000000000001	0.03144163379878754	0.0063121995744067905	0.2660173535053847	0.28140982009772064
10.133333333333335	0.028701792039481398	0.017165543099106187	0.20359013547962146	0.4117458229017894
10.166666666666668	0.04501430949742892	0.03376192110119265	0.5278129369056797	0.24479843109971897
10.200000000000001	0.06388932116652658	0.033485438505754056	0.2681449942071203	-0.1613159333242978
10.233333333333334	0.06289064244457021	0.0230075255462395	-0.06432938862675022	-0.250095994422633
10.266666666666667	0.05960069525807658	0.01681237221091192	-0.24469530569308232	-0.15818601152707457
10.3	0.04657762206503145	0.012461791444434572	-0.289929296287938	-0.2714196943994426
10.333333333333334	0.04027207550554745	-0.0012822740823841827	-0.22464322726552013	-0.4222242163617487
10.366666666666667	0.031601406913996835	-0.015686489646348584	-0.1617522382173691	-0.31707832101365796
10.4	0.029488592957722867	-0.022420828816627963	-0.3303366341430102	-0.16494021955769442
10.433333333333334	0.009578964637796228	-0.026682504283528197	-0.32804276344202293	-0.14601459118813293
10.466666666666667	0.007619075394921425	-0.032155134895836796	-0.14289560052036385	-0.07015523983939215
10.5	5.2591269772007954E-5	-0.03135952027282096	-0.3069487596140476	0.12790838702451962
10.533333333333333	-0.012844175246015027	-0.023627909094202176	-0.28203534191829355	0.16580198616795636
10.566666666666668	-0.018749764858114658	-0.02030605452829029	-0.17327740687733006	0.12772870520803006
10.600000000000001	-0.02439600237117063	-0.015112662080333322	-0.16780277870170102	0.17818911443214153
10.633333333333335	-0.02993661677156135	-0.008426780232814235	-0.11284950503376343	0.2592175961722569
10.666666666666668	-0.03191930270675484	0.0021685109978170636	0.0700671982686358	0.08931417750992175
10.700000000000001	-0.02526547022031899	-0.0024725017321527987	0.11185317047488605	0.11955433504560116
10.733333333333334	-0.02446242467509579	0.010138800000857123	-0.032860875107851316	0.2643754380874552
10.766666666666667	-0.027456195227509063	0.015152527473677485	0.07302279613257863	0.10335523725815365
10.8	-0.019594238266257218	0.017029149151400677	0.18743144906252054	0.1926374485125897
10.833333333333334	-0.014960765290007734	0.027995024041183425	0.23827657128892243	0.28616475085285237
10.866666666666667	-0.003709133513662456	0.036106799208257434	0.29778281988079874	0.14289103483615181
10.9	0.004891422702045449	0.037521093030260175	0.2539018896573214	0.02396761892620122
10.933333333333334	0.013217659130158897	0.037704640470004186	0.28300073874680365	-0.0891944544187503
10.966666666666667	0.023758138618498955	0.031574796069010175	0.3044751414659186	-0.2521603975293649
11.0	0.03351600189455339	0.020893947301379917	0.2638415419880812	-0.32866373475316707
11.033333333333333	0.04134757475103763	0.00966388041879912	0.29283939602732634	-0.368508489577348
11.066666666666668	0.0530386282963756	-0.0036732853371105323	0.17060154722296528	-0.4241540313198381
11.100000000000001	0.05272101123256891	-0.018613055002524054	-0.14777351404711536	-0.32198810891078505
11.133333333333335	0.04318706069323461	-0.025139159264496114	-0.0782287509383358	-0.07610278756403968
11.166666666666668	0.047505761170013205	-0.023686574173460012	-0.07173035993913246	0.02377076578630861
11.200000000000001	0.03840503669729247	-0.023554441545408894	-0.39116427337837945	0.03920018748973512
11.233333333333334	0.021428142944787995	-0.021073228340811018	-0.4008832066845228	0.09719020836739556
11.266666666666667	0.01167948958499105	-0.017075094320915862	-0.08652004323394431	0.3003699668776996
11.3	0.015660140062525064	-0.001048563882297765	0.10299738021714769	0.45377130962126927
11.333333333333334	0.018545981599467534	0.013176326320501988	0.031031824203779652	0.3509624810362437
11.366666666666667	0.017728928342777037	0.022348934853451727	-0.030177900988003065	0.16797670830887615
11.4	0.01653412153360067	0.0243747735410937	0.11346215272931906	0.17413515657683057
11.433333333333334	0.025293071858064946	0.03395794529190706	0.2586831901267772	0.29115368330885755
11.466666666666667	0.03377966754205242	0.04378501909501746	0.2343529621374457	-0.02472564944131537
11.5	0.040916602667227936	0.032309568662486035	0.11310564263827344	-0.08920284304826934
11.533333333333333	0.041320043717937294	0.03783816289179952	-0.005412803309692339	-0.11895466979136506
11.566666666666668	0.04055574911324844	0.02437925734306151	0.17776903932428592	-0.46479389261592113
11.600000000000001	0.0531713130062233	0.006851903384070726	0.18374164776287893	-0.5010995552621076
11.633333333333335	0.05280519229744032	-0.009027379674412195	-0.13989080894927497	-0.48457225467316273
11.666666666666668	0.04384525907627167	-0.02545291359414001	-0.20531808745703092	-0.2061185301216839
11.700000000000001	0.03911731980030498	-0.02276861501585775	-0.28024741772344575	0.030080523764983283
11.733333333333334	0.025162097894708683	-0.02344754534314114	-0.2643826766820027	0.028051698023847438
11.766666666666667	0.02149180802150486	-0.020898501814267945	-0.06263720280369245	0.06369633882574928
11.8	0.020986284374462538	-0.019201122754757882	0.07171288203492514	0.2988849437106811
11.833333333333334	0.026272666823833196	-9.728389002226223E-4	-0.03008655184242734	0.3778612238054717
11.866666666666667	0.018980514251634054	0.0059896254989401515	-0.04800359177701067	0.4409049907099282
11.9	0.023072427372032495	0.028420827147105837	0.16528126941805277	0.4098689238397493
11.933333333333334	0.029999265546170863	0.033314220421590005	0.13670912665727997	0.07331518887227027
11.966666666666667	0.03218636914918446	0.03330850640525718	0.19807420738786116	-0.08887578687279335
12.0	0.04320421270536156	0.027389167963403793	0.15961995290828693	-0.11274655042634561
12.033333333333335	0.042827699343070506	0.025792069710167287	0.029370725541169942	-0.2046926963306109
12.066666666666668	0.04516226107477293	0.01374298820802941	-0.06865675415157213	-0.40405756390071573
12.100000000000001	0.03825058239963238	-0.0011451012165469981	-0.22653270226581793	-0.3262342974016235
12.133333333333335	0.030060080923718466	-0.008005964952078753	-0.03361372726971925	-0.28884233908223783
12.166666666666668	0.03600966724831778	-0.020401257155362784	-0.0353912761636097	-0.2921973128730758
12.200000000000001	0.02770066251281115	-0.027485785810283714	-0.22104892815682603	-0.1578737682062153
12.233333333333334	0.021273072037862772	-0.030926175035777104	-0.13932933855203378	-0.07252692879224562
12.266666666666667	0.01841203994267558	-0.03232091439643339	-0.0829904245802776	0.0104146881472701
12.3	0.01574037706584428	-0.030231862492625744	-0.06674296692932052	0.1576473159634989
12.333333333333334	0.013962508814054211	-0.02181109333220016	-0.16926078307618694	0.24152438868117676
12.366666666666667	0.004456324860765186	-0.01413023658054735	-0.1665010402017472	0.23238327138515327
12.4	0.002862439467271119	-0.006318875239856664	0.1716088922825867	0.186366855724887
12.433333333333334	0.015896917679604272	-0.0017057795322216046	0.2503657770872166	0.41159643714141453
12.466666666666667	0.0195534912730855	0.02112088723623755	0.10864101837859248	0.4492855482153575
12.5	0.023139652238177075	0.028246590348802128	0.4508059142325013	0.0990833505034544
12.533333333333335	0.04960721888858628	0.02772644393646799	0.35916097788227	-0.08117479775513337
12.566666666666668	0.047083717430328964	0.02283493716512644	0.04158297014638107	-0.028736761045679737
12.600000000000001	0.052379416898345015	0.025810659866756014	-0.033822409936994244	-0.059361990209026896
12.633333333333335	0.04482889010119602	0.01887747115119133	0.09497683656403502	-0.37422678810348714
12.666666666666668	0.058711206002613994	8.622073265236313E-4	0.024043591065600212	-0.37566810043991367
12.700000000000001	0.04643179617223602	-0.006167068878136145	-0.34505930634399606	-0.2522264480240833
12.733333333333334	0.03570725224634767	-0.0159528892084152	-0.3020687900732578	-0.07671845932752631
12.766666666666667	0.026293876834018896	-0.01128163283330455	-0.2749838132969714	0.073813979784238
12.8	0.017374998026549633	-0.011031957222799343	-0.26187867544501914	0.050901400127212004
12.833333333333334	0.008835298471017689	-0.00788820615815708	-0.1991349517366461	0.06397323877797997
12.866666666666667	0.004099334577439939	-0.006767074637600706	-0.1130532248364375	0.1859738897016119
12.9	0.0012984168152552003	0.004510053155283675	0.16929435288776487	0.2019258495025458
12.933333333333334	0.015385624769957564	0.006694648662568983	0.3473757672948096	0.14512015144330556
12.966666666666667	0.02445680130157576	0.014184729918170672	0.32193932135469594	0.22845669431752236
13.0	0.036848246193603884	0.021925094950403748	0.37913801712895634	0.10709649915682798
13.033333333333335	0.04973266911017343	0.02132449652862603	0.22968201302923605	-0.04846876024881324
13.066666666666668	0.05216038039555331	0.018693844267149456	0.02429669830487399	-0.1928120498746055
13.100000000000001	0.051352448997165026	0.00847035987031905	0.17290571039474098	-0.27696669943387536
13.133333333333335	0.06368742775520267	2.2939763822449333E-4	0.0035084333423563824	-0.18049348407174903
13.166666666666668	0.05158634455332212	-0.003562539067797507	-0.47827988862964793	-0.21980242792975715
13.200000000000001	0.031802101846559586	-0.014424097557092591	-0.3737330637021233	-0.10679627617360102
13.233333333333334	0.026670806973180666	-0.01068229081270422	-0.17958236728293184	0.11575646996447977
13.266666666666667	0.019829944027697506	-0.006706999559460636	-0.12227004424755035	0.2617036566901467
13.3	0.018519470690010666	0.006764619633305505	-0.04085698493234231	0.1341929973713641
13.333333333333334	0.017106145032208024	0.002239200265296934	0.060542865269983905	0.0683637549416196
13.366666666666667	0.022555661708009583	0.011322203296080122	0.016979484080258345	0.3680960535912683
13.4	0.018238110637558577	0.02677893717138141	0.14477504705074518	0.23882746559448637
13.433333333333334	0.03220733151139256	0.0272440343357125	0.2707231968819618	-0.1077226174065936
13.466666666666667	0.03628632376302263	0.01959742934427519	0.20876779289482397	-0.22283392420281659
13.5	0.04612518437104744	0.012388439388858113	0.07773471244902427	-0.23925969051647367
13.533333333333335	0.04146863792629103	0.003646783309843249	0.08767070806105234	-0.24216932269105582
13.566666666666668	0.0519698982417844	-0.0037561821238793203	0.17320186634704118	-0.1971777956473047
13.600000000000001	0.05301542901609373	-0.00949840306664368	-0.1000787129664956	-0.2134103118453477
13.633333333333335	0.04529798404401804	-0.017983536246902437	-0.3580623486696085	-0.1559858661261517
13.666666666666668	0.029144605771453246	-0.019897460808387085	-0.3015293870013697	0.26480759265165227
13.700000000000001	0.025196024910593466	-3.296967367923398E-4	0.004190872529172202	0.3433395725552101
13.733333333333334	0.02942399727339806	0.0029918440286268305	-0.12879313120943991	0.2503550790685075
13.766666666666667	0.016609816163297503	0.016360641867774778	-0.16010100132893917	0.30627176881684404
13.8	0.01875059718480215	0.02340996194974969	0.2238136800790301	0.20310046270977855
13.833333333333334	0.031530728168566134	0.029900672715093293	0.14286121070299124	0.12797766122243184
13.866666666666667	0.02827467789833487	0.03194180603124512	0.0588252748201019	0.08503894075760088
13.9	0.035452413156572916	0.03556993543226668	0.0946133255402654	-0.07620820763531823
13.933333333333334	0.034582232934352544	0.026861258855557263	0.2131664316596915	-0.4957692399922657
13.966666666666667	0.049663508600552304	0.0025186527661157365	0.2261730720402987	-0.4952070809598113
14.000000000000002	0.04966043773703947	-0.006152546541764253	-0.10901242408821851	-0.2821492871429267
14.033333333333335	0.042396013661337564	-0.01629129971007981	0.010101443990845586	-0.2574628997937247
14.066666666666668	0.05033386733642917	-0.02331673986134583	0.01428918197434433	-0.10486446923668939
14.100000000000001	0.043348625792960525	-0.023282264325859087	-0.2254699184602442	0.008419037505515507
14.133333333333335	0.03530253943907961	-0.02275547069431147	-0.3089428016912936	0.14055011192933622
14.166666666666668	0.02275243901354103	-0.013912256863903377	-0.16838535724445594	0.2088626631410926
14.200000000000001	0.024076848956115914	-0.008831293151571995	-0.14478293151231292	0.3308689793502722
14.233333333333334	0.01310024357938687	0.008145675092781371	-0.0851578433593113	0.38870202836856815
14.266666666666667	0.018399659398828514	0.01708217540633246	0.11642287943408822	0.3263535778355582
14.3	0.020861768874992723	0.029902580281818497	0.041016589395971345	0.1818623567370472
14.333333333333334	0.021134098691893262	0.02920633252213556	0.1012374625086778	0.01122336330716344
14.366666666666667	0.027610933042237884	0.03065080450229607	0.2934699307466949	-0.05081653671853405
14.4	0.040698760741672856	0.025818563407566636	0.24402914959365538	-0.1792313484388067
14.433333333333334	0.04387954301514818	0.018702047939709004	-0.09865551730224537	-0.4034744806454439
14.466666666666667	0.034121726254856516	-0.001079735302129528	-0.14470922337820902	-0.4824522030867449
14.500000000000002	0.034232261456600695	-0.013461432266074741	0.16379654922371595	-0.32054236172454836
14.533333333333335	0.0450414962031045	-0.022449226083766566	0.11247042686165373	-0.12550383268086868
14.566666666666668	0.041730289914044254	-0.021828354444799275	-0.037493261694616475	0.07469653301389736
14.600000000000001	0.0425419454234634	-0.017469457216173406	-0.13629450345133068	0.30998267834451726
14.633333333333335	0.03264398968395558	-0.0011628425551648558	-0.1601220560289643	0.27027740582653154
14.666666666666668	0.03186714168819915	5.490365055952906E-4	0.008945151955132504	0.168454640430902
14.700000000000001	0.03324033314763107	0.010067466806895242	0.075886184794195	0.3099766667132803
14.733333333333334	0.0369262206744788	0.02121414761981391	-0.0029505803969245084	0.2396594338865634
14.766666666666667	0.03304362778783611	0.026044762399332747	0.12366066933384798	0.13677249639998332
14.8	0.045170265296735304	0.03033231404647943	0.2457490825777384	-0.027406859884905047
14.833333333333334	0.04942689995968528	0.024217638407005748	0.0735117550192774	-0.3194508102463517
14.866666666666667	0.050071048964687115	0.009035593363389396	-0.05889468669475157	-0.3055445587229774
14.9	0.04550058751336852	0.003848001158807318	-0.12840959275292263	-0.2976138089352969
14.933333333333334	0.04151040944782564	-0.01080532723229699	-0.17138925301017616	-0.26568199089361955
14.966666666666667	0.03407463731269015	-0.013864131567433935	-0.03076595182993594	-0.0031635200216764583
15.000000000000002	0.039459345992496536	-0.011016228567075431	0.1248795005322319	0.05817359608833608
15.033333333333335	0.04239993734817246	-0.00998589182821144	-0.13783241963705128	0.21670772289540513
15.066666666666668	0.030270518016693143	0.003430952959284861	-0.13427783073057056	0.28215933744874927
15.100000000000001	0.03344808196613446	0.008824730668371764	-0.014175553821702502	0.25925402213284315
15.133333333333335	0.029325481095246315	0.020714554434807672	-0.08236440843957188	0.22237456825831817
15.166666666666668	0.027957121403496352	0.023649701885592928	0.09115339124101231	0.1259145270247631
15.200000000000001	0.035402373844647124	0.029108856236458508	0.17148907472581462	-0.09164202305153617
15.233333333333334	0.03938972638521729	0.017540233682157208	-0.0044558030438426165	-0.19463544917101397
15.266666666666667	0.03510532030839095	0.016133159625057625	-0.09590487655291795	-0.1818427859207166
15.3	0.03299606794835611	0.0054173812874428046	-0.01359281465011253	-0.3888388627309573
15.333333333333334	0.03419913266505012	-0.009789431223672762	-0.06099885046543634	-0.3408414993169028
15.366666666666667	0.028929477917327043	-0.017305385333683976	-0.10262023653968752	-0.20024162183692398
15.4	0.027357783562404307	-0.023138872679467654	0.05794447164569171	-0.05495732047511521
15.433333333333334	0.032792442693706486	-0.02096920669869165	0.08258637187360922	0.034520641379703586
15.466666666666667	0.03286354168731157	-0.02083749658748743	0.003159808552346592	0.08389487910988427
15.500000000000002	0.03300309659719626	-0.01537621475803258	-0.06203866591700439	0.19870379499554117
15.533333333333335	0.02872763062617785	-0.007590576921117725	-0.02616981610648238	0.3048555979043837
15.566666666666668	0.031258442190097435	0.004947491768926268	0.15592169752058668	0.5116682983834446
15.600000000000001	0.03912241046088359	0.0265206429711118	0.08199915957330213	0.24952896263569468
15.633333333333335	0.03672505282831756	0.02158275594463918	0.22653730437544767	-0.08247533936150254
15.666666666666668	0.054224897419246715	0.02102228701367831	0.027889487499142288	0.0424261474830874
15.700000000000001	0.03858435199492704	0.024411165776845004	-0.1500112651158223	-0.23151535052138855
15.733333333333334	0.04422414641152526	0.005587930312252465	0.0759136057984169	-0.2950601783878923
15.766666666666667	0.04364525904815481	0.004740487217652259	-0.05304879765780071	-0.1713968152456856
15.8	0.04068755990100522	-0.005838524037459852	-0.02027644762158911	-0.2929811237861338
15.833333333333334	0.04229349587338221	-0.014791587701423248	0.012238455972336793	-0.07306178471935462
15.866666666666667	0.04150345696582767	-0.010709309685416807	-0.18251352113704838	0.057236605664871223
15.9	0.030125927797579034	-0.010975813990431849	-0.171030323996906	0.0742261057929793
15.933333333333334	0.030101435366033977	-0.005760902632551551	-0.02957607372325107	0.14926795098684456
15.966666666666669	0.02815418954936226	-0.001024617257975327	0.022221384828485756	0.42438156564794133
16.0	0.031582861021266354	0.02253120174397777	0.32321004210079984	0.3131463565383917
16.033333333333335	0.04970152568941551	0.019851806511250722	0.08231136491718352	-0.09012476434317379
16.066666666666666	0.037070285349078566	0.016522884121099535	-0.04484747309936099	0.02164421287753759
16.1	0.046711694149458124	0.021294754036419894	0.08199440909440539	-0.11355928052903833
16.133333333333333	0.04253657928870557	0.008952265419163677	-0.14682861898157912	-0.2603122640337872
16.166666666666668	0.03692311955068622	0.0039406031008341336	-0.12895376914478554	-0.13997433603913056
16.2	0.03393966134571991	-3.7935698344500335E-4	-0.19226172884837556	-0.1927700309909954
16.233333333333334	0.024105670960794558	-0.00891073229856551	-0.10919205482574497	-0.17807173648098173
16.26666666666667	0.026660191024003216	-0.012250806082177712	-0.004692387577794625	0.03328305334952788
16.3	0.023792845122274912	-0.006691862075263649	0.16235472134980172	0.25164358164959655
16.333333333333336	0.03748383911398996	0.004525432694461998	0.07541501822615232	0.21695795678083618
16.366666666666667	0.02882051300401838	0.00777200171012539	0.13773500191117757	0.02042392677646631
16.400000000000002	0.0466661725747351	0.005887027812893089	0.29487319055211114	0.00408560294521885
16.433333333333334	0.048478725707492384	0.008044375239806653	0.05875265013261779	0.018072497871266937
16.46666666666667	0.050583015916909606	0.007091861004310876	-0.1607447012094807	0.09780159552645884
16.5	0.037762412293527045	0.014564481608237215	-0.21790711186428108	-0.020676528719613823
16.533333333333335	0.036055875125957586	0.005713425756336626	0.06284174748774642	-0.2511268666050539
16.566666666666666	0.04195186212604346	-0.002177309498766322	-0.1246757250322152	-0.2872587310772162
16.6	0.027744160123809945	-0.013437156315477733	-0.25047880876826295	-0.05259177863396821
16.633333333333333	0.02525327487482599	-0.0056834280743642	-0.14850127339670993	0.04427013035605662
16.666666666666668	0.01784407523069599	-0.010485814291740642	-0.10792869260991865	-0.04759669602424661
16.700000000000003	0.018058028700831043	-0.008856541142647473	0.08305042407000021	0.17671854241247498
16.733333333333334	0.023380770168695983	0.0012954218690909847	0.30331496549463643	0.34657926728630756
16.76666666666667	0.038279026400473384	0.014248743343106288	0.3793992367720062	0.1686148148797493
16.8	0.04867405262016297	0.012536409527740905	0.15921074104007826	-0.03975406140790914
16.833333333333336	0.048893075803145225	0.011598472582579025	-0.08649417927898582	0.022767695333945515
16.866666666666667	0.04290777400156394	0.01405425588333728	-0.10126244221695128	-0.013624276996373454
16.900000000000002	0.04214224632201516	0.010690187449487465	0.11300264495850225	-0.1968752212060155
16.933333333333334	0.05044128366546406	9.292411362696318E-4	-0.004698496937485625	-0.2534756887176879
16.96666666666667	0.04182901319284945	-0.006208191798358326	-0.2031964265286626	-0.17697034717078716
17.0	0.03689485523021994	-0.010868782008449457	-0.3679813848118252	-0.04628035392365675
17.033333333333335	0.017296920872061194	-0.009293548726602097	-0.33730154674816964	0.019239874042711116
17.066666666666666	0.014408085447008702	-0.009586123738935387	-0.02221252234418527	-0.06495665107973289
17.1	0.015816086049115524	-0.013623992131917617	0.014474329051206361	0.04630196402999343
17.133333333333333	0.015373040717089122	-0.0064993261369358235	0.06004858540946263	0.2691334683877766
17.166666666666668	0.01981932507641302	0.004318239093934098	0.2202817546282204	0.35444392130234365
17.200000000000003	0.030058491025637884	0.017130268616554922	0.20808793643813805	0.11601244230940316
17.233333333333334	0.03369185417228884	0.012052401914560945	0.145754232567603	-0.08065165799227486
17.26666666666667	0.03977543986347805	0.011753491417069953	0.1721941468570021	0.04531876777452037
17.3	0.04517146396275561	0.01507365309952896	0.058524051525756994	0.00724571650129571
17.333333333333336	0.043677043298528506	0.01223653918382299	-0.023029544061512024	-0.07654000401204333
17.366666666666667	0.04363616102532148	0.009970986165392756	-0.2406947029979851	-0.3057298327238322
17.400000000000002	0.027630729765329563	-0.008145449664432425	-0.2995843525921113	-0.25647165747452755
17.433333333333334	0.02366387085251412	-0.007127124332909018	-0.03731767660565385	-0.0036243297509821887
17.46666666666667	0.025142884658285986	-0.008387071647831229	-0.16983178037202284	-0.03812636195753998
17.5	0.012341752161045959	-0.009668881796745021	-0.135029969673552	0.012130340004649232
17.533333333333335	0.01614088668004921	-0.007578382314187948	0.11129443478657992	0.11552820226163074
17.566666666666666	0.019761381146817927	-0.0019670016459696626	0.11622243317165734	0.203996387505757
17.6	0.023889048891493004	0.00602137685286247	0.17207375592668586	0.1397296118920946
17.633333333333333	0.031232964875263614	0.007348305813503278	0.20859552077336188	0.03920394973292709
17.666666666666668	0.037795416943050414	0.008634973501724277	0.22845219028842478	0.04236550884867031
17.700000000000003	0.04646311089449269	0.010172673070081434	0.08748690091229029	-0.03504011035925799
17.733333333333334	0.04362787700386975	0.006298966144440421	0.09758698685841513	-0.21175929048942785
17.76666666666667	0.052968910018387	-0.003944612962547028	0.06169830113993386	-0.023373705699107763
17.8	0.04774109707986532	0.004740719097833246	-0.2426818770439717	0.04527885281868127
17.833333333333336	0.036790118215455615	-9.26022774634952E-4	-0.16608480271810536	-0.057714688506452776
17.866666666666667	0.03666877689865833	8.930731974030881E-4	-0.05601989210521947	0.015826592907420656
17.900000000000002	0.033055458741774325	1.2908341919308508E-4	-0.30768537070201346	-0.016116868983430538
17.933333333333334	0.016156418851857507	-1.8138473482562367E-4	-0.12363344803858937	0.041206205633169436
17.96666666666667	0.024813228872535058	0.0028761637947376933	0.2693806655381496	0.050469720662772596
18.0	0.03411512988773409	0.0031832633093591967	0.1411946840885698	-0.05320351011280159
18.033333333333335	0.03422620781177302	-6.707368794490742E-4	0.2488238122318867	-0.09813481894008633
18.066666666666666	0.05070338403652647	-0.0033590579533132048	0.2565528136691247	0.05190102650182865
18.1	0.05132972872304793	0.0027893315540061664	-0.08691467446802874	0.08673421965403678
18.133333333333333	0.04490907240532458	0.0024232233569558836	-0.14141025913267166	-0.011048228392592768
18.166666666666668	0.041902378114203186	0.0020527829944999992	-0.23054353281159232	-0.013447876412647468
18.200000000000003	0.02953950355121767	0.001526698262779333	-0.11738079559428437	0.07772272056237614
18.233333333333334	0.03407699174125092	0.007234297698658382	-0.056501606841786685	0.08309389649165262
18.26666666666667	0.025772729761765235	0.00706629136222281	-0.2961418904042302	-0.026862542750205505
18.3	0.014334199047635644	0.005443461515311346	-0.11769878531149869	-0.015194612718178973
18.333333333333336	0.017926144074332004	0.0060533171810108755	0.11842061884991063	-0.004070034623049562
18.366666666666667	0.022228906970962987	0.005172125873774719	0.41048709969664676	-0.03941686364269495
18.400000000000002	0.04529195072077503	0.003425526271497892	0.2311363060678644	0.11937220139171276
18.433333333333334	0.0376379940421539	0.013130272633222195	0.1473175289464347	-0.07685518958290453
18.46666666666667	0.05511311931720397	-0.0016981530340290513	0.12649958421729895	-0.132764041465193
18.5	0.04607129965664046	0.004279336535542702	-0.03954725519297792	-0.0012816644185544633
18.533333333333335	0.05247663563767212	-0.001783597328599354	0.029519228573821266	-0.06952728844890065
18.566666666666666	0.04803924822822854	-3.5581602771732335E-4	-0.14967784355156047	-0.08832180857312412
18.6	0.04249811273423479	-0.007671717900140929	-0.31422145960923104	-0.007337454350586385
18.633333333333333	0.02709115092094655	-8.449796510897473E-4	-0.2632975379904378	0.1701393730254628
18.666666666666668	0.02494494353487233	0.0036709069682232254	-0.18018077940914246	0.040252319676133956
18.700000000000003	0.015079098960336455	0.0018385083273193131	-0.17806105920851517	-0.028492389859495537
18.733333333333334	0.0130742062543047	0.0017714143109235359	0.02864867985388247	0.033996301590038115
18.76666666666667	0.016989010950595275	0.0041049284333218305	0.18414286380190695	0.06668135176194416
18.8	0.025350397174431785	0.006216837761719801	0.29750916041654374	0.050668490658202316
18.833333333333336	0.036822954978364776	0.007482827810535317	0.17555184838422463	-0.01788752395153552
18.866666666666667	0.037053853733380056	0.005024336164950766	0.09978535784545647	-0.12867531986294986
18.900000000000002	0.04347531216806185	-0.0010955268469946405	0.17450523341766427	-0.04221908265150382
18.933333333333334	0.04868753596122429	0.002209730654850528	0.09156225020743813	-0.13881247596083787
18.96666666666667	0.04957946218189104	-0.01034969191105048	-0.15725300784122057	-0.14318972813971154
19.0	0.038204002105142965	-0.007336251221130213	-0.18286662792779781	0.07128158623196776
19.033333333333335	0.03738835365337124	-0.0055975861622526435	-0.21731635756218598	0.07957139025665254
19.066666666666666	0.023716244934330624	-0.0020314918706867274	-0.11686692942747058	0.07888851039214097
19.1	0.02959722502487322	-3.38352136109929E-4	0.005394413451197683	0.20760002509377037
19.133333333333333	0.024075872497743796	0.011808509802231248	-0.047690412388062965	0.14545941574406296
19.166666666666668	0.02641786419900236	0.009358942246827567	0.28769612412810386	0.017402083149021693
19.200000000000003	0.043255614106285006	0.012968648678832753	0.32337565702193466	-0.11473163100246064
19.233333333333334	0.04797624133379792	0.0017101668466635578	0.08730205959775958	-0.17542011572097663
19.26666666666667	0.04907575141280229	0.001273974297434352	-0.10351771504607098	-0.01997996326751084
19.3	0.041075060330726554	3.781692954961807E-4	-0.09896334502362206	-0.05043081197498252
19.333333333333336	0.042478195077894174	-0.002088079834231135	-0.009117506244845695	-0.05684128212139225
19.366666666666667	0.04046722658107017	-0.003411249512596623	0.0595633444565065	-0.09030851942519509
19.400000000000002	0.04644908470832792	-0.008108647795910778	-0.08117354593376842	0.21043442905425586
19.433333333333334	0.0350556568521523	0.01061771242435372	-0.22629070592937808	0.2289056939061265
19.46666666666667	0.03136303764636944	0.007151731797830935	-0.11925104602293099	0.15710740435152343
19.5	0.02710558711729026	0.021091539381121904	-0.012624940770196822	0.15827052077402057
19.533333333333335	0.03052137492835632	0.01770309984943226	-0.017038859818452677	-0.23471846152706988
19.566666666666666	0.025969663129393417	0.005443641945983971	-0.07483170589629805	-0.28658995457157754
19.6	0.0255325945352698	-0.001402897122006183	0.2211539571899851	-0.09318921088192254
19.633333333333333	0.04071326027539238	-7.689721128108506E-4	0.3425233511762542	-0.04518862503362433
19.666666666666668	0.048367484613686666	-0.004415472124247796	0.18805964565254255	-0.07636379600106041
19.700000000000003	0.053250569985562504	-0.005859891846215132	0.05527911499103244	-0.07726223756023333
19.733333333333334	0.05205275894642215	-0.00956628796159667	-0.009092685175027409	0.08786499125766133
19.76666666666667	0.052644390973894006	-2.2257623710636443E-6	-0.14205708087787355	0.11604535267138935
19.8	0.042582286887897274	-0.0018299311168374216	-0.3070209321178026	0.12052474980598779
19.833333333333336	0.03217632883270723	0.008032757558028097	-0.22203453237862208	0.26941319351224163
19.866666666666667	0.02777998472932253	0.01613094845064529	-0.18784449920296126	0.04840564379359893
19.900000000000002	0.019653362219176525	0.011259800477601348	-0.17975651311200713	-0.09518439723081511
19.933333333333334	0.015796217188522102	0.009785321968590971	0.11857710872221428	0.022525536746277525
19.96666666666667	0.027558502800657445	0.012761502927353174	0.1533973003783844	0.006860910966279969
20.0	0.02602270388041436	0.010242716033009636	0.1091743156745778	-0.12441982608380593
20.033333333333335	0.03483679051229594	0.004466847855099473	0.1482343796178886	-0.23222881023976977
20.066666666666666	0.03590499585494023	-0.005239204649641616		
