质量_B
t	x	y
0.067	-1.978E-2	-6.421E-2
0.100	-1.587E-2	-6.605E-2
0.133	-1.623E-2	-6.609E-2
0.167	-1.364E-2	-5.694E-2
0.200	-1.661E-2	-6.690E-2
0.233	-1.647E-2	-6.650E-2
0.267	-1.642E-2	-6.703E-2
0.300	-1.641E-2	-6.697E-2
0.333	-1.199E-2	-7.142E-2
0.367	-8.878E-3	-5.850E-2
0.400	-1.289E-2	-5.497E-2
0.433	-1.326E-2	-5.126E-2
0.467	-8.970E-3	-4.001E-2
0.500	-2.678E-3	-6.455E-3
0.533	4.106E-3	-1.236E-2
0.567	1.028E-2	3.045E-3
0.600	1.376E-2	1.730E-2
0.633	1.764E-2	2.973E-2
0.667	1.751E-2	3.955E-2
0.700	1.831E-2	4.627E-2
0.733	1.803E-2	5.006E-2
0.767	2.741E-2	4.859E-2
0.800	1.802E-2	4.645E-2
0.833	1.429E-2	4.022E-2
0.867	1.788E-2	2.776E-2
0.900	1.047E-2	1.594E-2
0.933	8.545E-3	6.903E-4
0.967	2.739E-3	-1.436E-2
1.000	4.237E-3	-2.845E-2
1.033	-4.302E-4	-4.115E-2
1.067	-1.172E-2	-5.256E-2
1.100	-1.522E-2	-6.135E-2
1.133	-1.764E-2	-6.761E-2
1.167	-1.679E-2	-7.157E-2
1.200	-1.545E-2	-7.283E-2
1.233	-1.401E-2	-7.129E-2
1.267	-1.134E-2	-6.699E-2
1.300	-7.348E-3	-6.036E-2
1.333	-1.684E-3	-5.156E-2
1.367	2.851E-3	-4.066E-2
1.400	1.084E-2	-2.841E-2
1.433	1.680E-2	-1.494E-2
1.467	1.933E-2	-6.208E-4
1.500	1.775E-2	1.508E-2
1.533	2.399E-2	2.539E-2
1.567	2.453E-2	3.545E-2
1.600	2.435E-2	4.285E-2
1.633	2.190E-2	4.723E-2
1.667	2.633E-2	4.847E-2
1.700	1.730E-2	4.456E-2
1.733	1.309E-2	3.952E-2
1.767	8.071E-3	3.055E-2
1.800	4.353E-3	1.794E-2
1.833	-1.358E-3	3.508E-3
1.867	-6.608E-3	-1.188E-2
1.900	-1.348E-2	-2.583E-2
1.933	-1.029E-2	-3.665E-2
1.967	-1.405E-2	-4.796E-2
2.000	-2.364E-2	-5.657E-2
2.033	-2.112E-2	-6.252E-2
2.067	-1.868E-2	-6.613E-2
2.100	-1.536E-2	-6.699E-2
2.133	-1.263E-2	-6.389E-2
2.167	-5.001E-3	-6.101E-2
2.200	4.381E-3	-5.756E-2
2.233	1.020E-2	-4.798E-2
2.267	1.747E-2	-3.795E-2
2.300	2.538E-2	-2.736E-2
2.333	2.534E-2	-1.067E-2
2.367	2.953E-2	1.396E-3
2.400	3.221E-2	1.253E-2
2.433	3.371E-2	2.259E-2
2.467	3.401E-2	3.097E-2
2.500	3.076E-2	3.908E-2
2.533	2.953E-2	4.138E-2
2.567	2.441E-2	4.248E-2
2.600	1.783E-2	4.021E-2
2.633	9.431E-3	3.490E-2
2.667	-9.829E-4	2.723E-2
2.700	-8.215E-3	1.441E-2
2.733	-8.396E-3	2.014E-3
2.767	-1.512E-2	-1.196E-2
2.800	-1.939E-2	-2.458E-2
2.833	-2.244E-2	-3.458E-2
2.867	-2.259E-2	-4.365E-2
2.900	-1.994E-2	-5.095E-2
2.933	-1.658E-2	-5.506E-2
2.967	-1.094E-2	-5.732E-2
3.000	-3.921E-3	-5.742E-2
3.033	4.084E-3	-5.522E-2
3.067	1.253E-2	-5.074E-2
3.100	2.124E-2	-4.449E-2
3.133	2.934E-2	-3.640E-2
3.167	3.730E-2	-2.772E-2
3.200	4.525E-2	-1.960E-2
3.233	4.801E-2	-6.562E-3
3.267	5.198E-2	4.026E-3
3.300	5.179E-2	1.395E-2
3.333	5.119E-2	2.228E-2
3.367	4.826E-2	2.882E-2
3.400	4.328E-2	3.444E-2
3.433	3.717E-2	3.699E-2
3.467	2.958E-2	3.680E-2
3.500	2.041E-2	3.398E-2
3.533	8.857E-3	3.910E-2
3.567	-1.414E-3	3.032E-2
3.600	-1.131E-2	1.956E-2
3.633	-1.984E-2	8.005E-3
3.667	-2.644E-2	-1.469E-2
3.700	-2.948E-2	-2.567E-2
3.733	-3.005E-2	-3.470E-2
3.767	-2.811E-2	-4.180E-2
3.800	-2.394E-2	-4.697E-2
3.833	-1.771E-2	-5.019E-2
3.867	-7.849E-3	-3.641E-2
3.900	5.370E-6	-4.991E-2
3.933	-1.568E-3	-4.185E-2
3.967	7.754E-3	-3.627E-2
4.000	1.804E-2	-2.945E-2
4.033	3.060E-2	-2.516E-2
4.067	3.649E-2	-1.406E-2
4.100	5.210E-2	-8.158E-3
4.133	5.499E-2	2.565E-3
4.167	5.962E-2	2.153E-2
4.200	5.104E-2	3.279E-2
4.233	5.029E-2	3.934E-2
4.267	4.878E-2	4.367E-2
4.300	3.755E-2	3.760E-2
4.333	3.870E-2	4.049E-2
4.367	3.065E-2	3.688E-2
4.400	2.186E-2	3.519E-2
4.433		
4.500	-1.948E-2	2.876E-3
4.533	-1.875E-2	1.465E-3
4.567	-2.451E-2	-5.563E-3
4.600	-4.445E-2	-1.122E-2
4.633	-4.853E-2	-2.496E-2
4.667	-4.846E-2	-2.442E-2
4.700	-4.483E-2	-2.748E-2
4.733	-2.408E-2	-1.970E-2
4.767	-1.758E-2	-1.868E-2
4.800	-1.792E-2	-2.356E-2
4.833	-6.855E-3	-1.799E-2
4.867	1.946E-2	-3.421E-3
4.900		
4.933	3.170E-2	1.105E-2
4.967	4.617E-2	1.729E-2
5.000	4.046E-2	1.794E-2
5.033	4.314E-2	2.872E-2
5.067	4.593E-2	3.151E-2
5.100	4.436E-2	3.134E-2
5.133	5.967E-2	4.103E-2
5.167	5.715E-2	3.751E-2
5.200	5.108E-2	3.456E-2
5.233	4.147E-2	3.209E-2
5.267	2.386E-2	2.608E-2
5.300	9.579E-3	2.340E-2
5.333	-6.061E-3	7.150E-3
5.367	-1.837E-2	-1.713E-3
5.400	-2.497E-2	-3.571E-3
5.433	-3.209E-2	-7.881E-3
5.467	-3.862E-2	-1.814E-2
5.500	-5.073E-2	-2.549E-2
5.533	-5.018E-2	-2.920E-2
5.567	-4.607E-2	-2.385E-2
5.600	-4.049E-2	-2.152E-2
5.633	-3.470E-2	-2.235E-2
5.667	-2.317E-2	-9.737E-3
5.700	-2.505E-3	6.822E-3
5.733	1.473E-2	8.065E-3
5.767	2.653E-2	1.476E-2
5.800	2.786E-2	2.650E-2
5.833	3.307E-2	3.101E-2
5.867	3.666E-2	3.243E-2
5.900	4.631E-2	3.584E-2
5.933	5.709E-2	3.238E-2
5.967	5.045E-2	3.998E-2
6.000	4.969E-2	3.715E-2
6.033	4.858E-2	2.944E-2
6.067	3.587E-2	2.038E-2
6.100	4.175E-2	9.628E-3
6.133	2.837E-2	8.903E-3
6.167	2.615E-2	-1.788E-3
6.200	3.341E-3	-4.698E-3
6.233	-3.422E-3	-1.413E-2
6.267	-9.204E-3	-1.372E-2
6.300	-3.118E-2	-2.288E-2
6.333	-3.467E-2	-2.645E-2
6.367	-2.883E-2	-2.464E-2
6.400	-3.308E-2	-3.042E-2
6.433	-3.400E-2	-2.751E-2
6.467	-3.448E-2	-4.055E-3
6.500	-3.376E-2	-3.258E-3
6.533	-2.129E-2	4.266E-3
6.567	-9.535E-3	1.139E-2
6.600	9.153E-4	2.116E-2
6.633	1.040E-2	2.655E-2
6.667	2.041E-2	3.595E-2
6.700	3.384E-2	4.218E-2
6.733		
6.767	5.176E-2	4.021E-2
6.800	5.476E-2	3.756E-2
6.833	5.444E-2	3.460E-2
6.867	4.885E-2	1.206E-2
6.900	4.818E-2	6.683E-4
6.933	3.233E-2	6.802E-3
6.967	2.625E-2	-2.004E-3
7.000	1.747E-2	-1.420E-2
7.033	1.407E-2	-1.455E-2
7.067	3.887E-3	-2.084E-2
7.100	-1.635E-3	-2.274E-2
7.133	-1.005E-2	-2.536E-2
7.167	-1.889E-2	-2.604E-2
7.200	-2.612E-2	-2.468E-2
7.233	-3.125E-2	-2.122E-2
7.267	-3.420E-2	-1.586E-2
7.300	-3.465E-2	-8.705E-3
7.333	-3.243E-2	-6.117E-5
7.367	-2.762E-2	9.639E-3
7.400	-1.568E-2	1.987E-2
7.433	-7.187E-4	2.767E-2
7.467	7.139E-3	3.088E-2
7.500	7.528E-3	4.494E-2
7.533	1.871E-2	4.058E-2
7.567	2.301E-2	4.777E-2
7.600	4.018E-2	4.109E-2
7.633	2.858E-2	3.205E-2
7.667	3.339E-2	2.829E-2
7.700	3.484E-2	2.047E-2
7.733	3.428E-2	1.113E-2
7.767	4.675E-2	1.255E-3
7.800	3.403E-2	-4.111E-3
7.833	2.537E-2	-1.054E-2
7.867	1.321E-2	-2.602E-2
7.900	5.932E-3	-3.412E-2
7.933	-1.122E-3	-3.980E-2
7.967	-7.805E-3	-4.432E-2
8.000	-7.165E-3	-3.321E-2
8.033	-1.908E-2	-4.543E-2
8.067	-2.297E-2	-4.232E-2
8.100	-2.910E-2	-3.626E-2
8.133	-2.508E-2	-1.956E-2
8.167	-2.904E-2	-1.778E-2
8.200	-2.375E-2	-2.575E-4
8.233	-1.476E-2	9.840E-3
8.267	-3.762E-4	2.344E-2
8.300	3.675E-3	3.037E-2
8.333	-2.606E-3	4.141E-2
8.367	2.110E-3	5.059E-2
8.400	6.786E-3	5.274E-2
8.433	2.233E-2	4.463E-2
8.467	2.524E-2	3.855E-2
8.500	1.621E-2	3.812E-2
8.533	1.763E-2	3.005E-2
8.567	1.806E-2	1.948E-2
8.600	3.192E-2	2.705E-3
8.633	2.900E-2	-8.661E-3
8.667	2.644E-2	-1.285E-2
8.700	2.060E-2	-2.205E-2
8.733	1.527E-2	-2.955E-2
8.767	9.418E-3	-3.415E-2
8.800	4.897E-3	-3.810E-2
8.833	7.573E-4	-3.996E-2
8.867	-2.180E-3	-3.963E-2
8.900	-3.334E-3	-3.701E-2
8.933	-3.929E-3	-3.233E-2
8.967	-2.858E-3	-2.559E-2
9.000	-1.618E-3	-2.279E-2
9.033	6.975E-4	-1.220E-2
9.067	-4.343E-3	5.326E-3
9.100	9.037E-3	1.439E-2
9.133	7.286E-3	2.327E-2
9.167	9.940E-3	3.401E-2
9.200	1.210E-2	4.262E-2
9.233	1.383E-2	4.894E-2
9.267	9.675E-3	5.587E-2
9.300	1.177E-2	5.073E-2
9.333	1.177E-2	5.078E-2
9.367	1.434E-2	4.539E-2
9.400	1.382E-2	3.360E-2
9.433	1.782E-2	1.613E-2
9.467	1.604E-2	2.795E-3
9.500	6.778E-3	-5.050E-3
9.533	-4.074E-3	-1.523E-2
9.567	3.759E-3	-2.535E-2
9.600	-4.357E-3	-3.763E-2
9.633	-2.911E-3	-4.266E-2
9.667	-2.336E-3	-3.841E-2
9.700	-1.245E-2	-4.289E-2
9.733		
9.767	5.112E-3	-3.554E-2
9.800	8.022E-3	-2.889E-2
9.833	5.939E-3	-3.498E-2
9.867	9.955E-3	-2.518E-2
9.900	1.456E-2	-1.575E-2
9.933	1.873E-2	-5.297E-3
9.967	2.045E-2	7.919E-3
10.000	8.871E-3	3.096E-2
10.033	6.907E-3	3.951E-2
10.067	5.360E-3	4.464E-2
10.100	3.153E-3	4.784E-2
10.133	1.085E-4	4.899E-2
10.167	-2.000E-3	4.658E-2
10.200	-5.614E-3	4.222E-2
10.233	3.376E-3	2.114E-2
10.267	-1.240E-2	2.823E-2
10.300	-1.437E-2	1.733E-2
10.333	-8.149E-3	-1.556E-2
10.367	-1.069E-2	-2.614E-2
10.400	-4.407E-3	-2.865E-2
10.433	-4.018E-3	-3.552E-2
10.467	-1.820E-3	-3.784E-2
10.500	1.569E-3	-4.204E-2
10.533	5.700E-3	-4.334E-2
10.567	3.111E-3	-4.884E-2
10.600	1.003E-2	-4.465E-2
10.633	1.351E-2	-4.074E-2
10.667	2.033E-2	-3.526E-2
10.700	2.560E-2	-2.786E-2
10.733	3.049E-2	-1.898E-2
10.767	3.338E-2	-8.562E-3
10.800	3.489E-2	1.913E-3
10.833	3.452E-2	1.176E-2
10.867	3.243E-2	2.012E-2
10.900	2.875E-2	2.685E-2
10.933	2.387E-2	3.118E-2
10.967	1.742E-2	3.342E-2
11.000	1.041E-2	3.244E-2
11.033	3.120E-3	2.827E-2
11.067	-3.985E-3	2.074E-2
11.100	-1.026E-2	1.064E-2
11.133	-2.732E-2	1.335E-2
11.167	-3.071E-2	1.639E-3
11.200	-3.094E-2	-6.072E-3
11.233	-3.134E-2	-1.680E-2
11.267	-2.959E-2	-2.572E-2
11.300	-2.538E-2	-3.216E-2
11.333	-1.962E-2	-3.623E-2
11.367	-5.624E-3	-2.965E-2
11.400	1.121E-4	-2.870E-2
11.433	8.061E-3	-2.600E-2
11.467	1.574E-2	-2.048E-2
11.500	3.256E-2	-1.495E-2
11.533	2.974E-2	-1.687E-2
11.567	3.436E-2	1.015E-3
11.600	3.364E-2	7.943E-3
11.633	4.347E-2	1.348E-3
11.667	4.246E-2	1.075E-2
11.700	3.215E-2	2.716E-2
11.733	3.381E-2	3.830E-2
11.767	2.962E-2	4.131E-2
11.800	2.161E-2	4.212E-2
11.833	6.166E-3	3.072E-2
11.867	2.553E-3	1.941E-2
11.900	1.969E-3	2.295E-2
11.933	-1.300E-2	2.468E-2
11.967	-1.374E-2	9.883E-3
12.000	-2.047E-2	2.499E-3
12.033	-3.256E-2	-5.894E-3
12.067	-3.799E-2	-1.277E-2
12.100	-3.589E-2	-1.924E-2
12.133	-3.002E-2	-2.268E-2
12.167	-2.489E-2	-2.957E-2
12.200	-1.685E-2	-2.892E-2
12.233	-5.968E-3	-1.840E-2
12.267	5.201E-3	-1.468E-2
12.300	1.227E-2	-6.086E-3
12.333	2.452E-2	2.935E-4
12.367	3.287E-2	-1.141E-3
12.400	3.261E-2	6.573E-3
12.433	4.225E-2	7.178E-3
12.467	3.575E-2	2.583E-2
12.500	3.377E-2	1.388E-2
12.533	4.432E-2	2.113E-2
12.567	4.134E-2	2.639E-2
12.600	3.501E-2	2.164E-2
12.633	2.349E-2	2.060E-2
12.667	1.105E-2	1.528E-2
12.700	6.741E-3	1.624E-2
12.733	-4.780E-3	1.063E-2
12.767	-1.570E-2	-3.149E-3
12.800	-2.877E-2	-1.443E-2
12.833	-3.449E-2	-6.240E-3
12.867	-3.821E-2	-1.153E-2
12.900	-2.457E-2	-1.911E-2
12.933	-3.563E-2	-2.316E-2
12.967	-3.202E-2	-2.169E-2
13.000	-2.568E-2	-1.855E-2
13.033	-1.348E-2	-7.554E-3
13.067	-1.763E-3	7.100E-4
13.100	1.500E-2	7.165E-3
13.133	2.422E-2	2.879E-3
13.167	2.873E-2	1.932E-2
13.200	3.327E-2	1.967E-2
13.233	3.730E-2	2.438E-2
13.267	4.342E-2	2.167E-2
13.300	3.234E-2	1.804E-2
13.333	3.026E-2	2.538E-2
13.367		
13.400	3.783E-2	1.456E-2
13.433	3.258E-2	8.764E-3
13.467	2.385E-2	1.661E-2
13.500	1.094E-2	1.074E-2
13.533	-2.071E-3	4.419E-3
13.567	-2.648E-3	2.553E-3
13.600	-2.110E-2	-9.753E-3
13.633	-1.568E-2	-1.339E-2
13.667	-2.142E-2	-2.012E-2
13.700	-2.326E-2	-1.973E-2
13.733	-2.344E-2	-1.792E-2
13.767	-3.705E-2	-7.080E-3
13.800	-2.827E-2	-1.385E-3
13.833	-1.849E-2	-8.623E-3
13.867	-1.457E-2	1.073E-2
13.900	6.276E-3	1.831E-2
13.933	7.228E-3	2.475E-2
13.967	2.623E-2	2.282E-2
14.000	2.778E-2	3.523E-2
14.033	2.454E-2	1.958E-2
14.067	2.799E-2	1.774E-2
14.100	3.025E-2	1.518E-2
14.133	3.117E-2	1.257E-2
14.167	3.462E-2	1.417E-2
14.200	3.063E-2	5.961E-3
14.233	2.390E-2	4.730E-3
14.267		
14.300	1.129E-2	-3.096E-3
14.333	2.501E-3	-7.365E-3
14.367	4.308E-3	-8.371E-3
14.400	-4.054E-3	-1.183E-2
14.433	-2.086E-2	-1.812E-2
14.467	-2.949E-2	-1.647E-2
14.500	-3.364E-2	-1.327E-2
14.533	-3.514E-2	-7.619E-3
14.567	-3.065E-2	-1.718E-3
14.600	-2.870E-2	5.753E-3
14.633	-1.919E-2	1.371E-2
14.667	-1.231E-2	2.269E-2
14.700	-2.252E-3	2.841E-2
14.733	-9.689E-4	3.219E-2
14.767	1.955E-2	3.309E-2
14.800	1.469E-2	3.632E-2
14.833	1.932E-2	2.194E-2
14.867	2.024E-2	2.435E-2
14.900	2.186E-2	2.027E-2
14.933	2.583E-2	4.386E-3
14.967	2.730E-2	-6.939E-3
15.000	3.247E-2	-2.339E-3
15.033	3.156E-2	-1.027E-2
15.067	2.864E-2	-2.106E-2
15.100	1.642E-2	-1.573E-2
15.133	1.360E-2	-2.275E-2
15.167	8.729E-3	-2.336E-2
15.200	-3.318E-3	-2.247E-2
15.233	-5.599E-3	-2.381E-2
15.267	-1.272E-2	-2.068E-2
15.300	-7.572E-3	-1.245E-2
15.333	-1.745E-2	-7.869E-3
15.367	-1.980E-2	1.528E-4
15.400	-1.856E-2	9.090E-3
15.433	-1.642E-2	1.823E-2
15.467	-1.496E-2	1.778E-2
15.500	5.019E-3	3.383E-2
15.533	2.550E-3	3.645E-2
15.567	4.586E-3	3.435E-2
15.600	1.031E-2	4.044E-2
15.633	1.656E-2	3.368E-2
15.667	1.717E-2	3.539E-2
15.700	2.055E-2	1.558E-2
15.733	1.028E-2	8.575E-3
15.767	1.003E-2	8.805E-5
15.800	1.470E-2	-1.906E-3
15.833	1.902E-2	-1.558E-2
15.867	1.669E-2	-1.943E-2
15.900	1.047E-2	-3.119E-2
15.933	6.929E-3	-2.996E-2
15.967	1.113E-2	-3.716E-2
16.000	3.188E-3	-2.908E-2
16.033	7.734E-4	-2.848E-2
16.067	-3.907E-4	-2.465E-2
16.100	-9.618E-4	-1.874E-2
16.133	-1.271E-3	-8.816E-3
16.167	-5.873E-4	3.802E-4
16.200	-4.000E-3	9.959E-3
16.233	6.390E-3	1.630E-2
16.267	8.442E-3	2.095E-2
16.300	3.194E-3	3.328E-2
16.333	3.994E-3	4.011E-2
16.367	3.432E-3	4.212E-2
16.400	6.278E-4	4.442E-2
16.433		
16.467	-4.641E-3	3.727E-2
16.500	1.013E-2	3.092E-2
16.533	-6.184E-3	1.526E-2
16.567	-6.956E-3	4.110E-3
16.600	-6.538E-3	-7.920E-3
16.633	-7.513E-3	-1.597E-2
16.667	7.102E-3	-2.269E-2
16.700	7.164E-3	-2.903E-2
16.733	7.544E-3	-2.760E-2
16.767	8.649E-3	-3.703E-2
16.800	3.140E-3	-3.898E-2
16.833	9.319E-3	-2.813E-2
16.867	7.841E-4	-2.260E-2
16.900	4.369E-3	-2.723E-2
16.933	3.360E-3	-2.466E-2
16.967	8.006E-3	-1.026E-2
17.000	8.013E-3	-1.579E-3
17.033	7.312E-3	2.210E-2
17.067	9.656E-3	2.777E-2
17.100	1.343E-2	3.147E-2
17.133	7.204E-3	3.884E-2
17.167	5.584E-3	4.532E-2
17.200	1.358E-3	4.398E-2
17.233	-1.039E-2	2.722E-2
17.267	4.811E-3	3.009E-2
17.300	-8.100E-3	2.568E-2
17.333	-6.608E-3	1.644E-2
17.367	-9.143E-3	7.516E-3
17.400	-2.060E-3	-1.133E-2
17.433	-7.299E-3	-1.316E-2
17.467	-2.287E-3	-2.669E-2
17.500	-1.061E-3	-2.506E-2
17.533	1.776E-3	-2.951E-2
17.567	-4.187E-3	-2.476E-2
17.600	8.152E-3	-3.020E-2
17.633	1.954E-2	-2.590E-2
17.667	1.117E-2	-2.687E-2
17.700	1.537E-2	-1.956E-2
17.733	2.556E-2	-6.329E-3
17.767	2.559E-2	-4.125E-3
17.800	3.281E-2	4.102E-3
17.833		
17.867	1.191E-2	2.235E-2
17.900	7.700E-3	2.639E-2
17.933	3.787E-3	2.785E-2
17.967	-3.709E-3	3.292E-2
18.000	-1.054E-2	3.058E-2
18.033	-1.733E-2	2.898E-2
18.067	-2.356E-2	2.803E-2
18.100	-2.679E-2	2.296E-2
18.133	-2.815E-2	1.663E-2
18.167	-2.759E-2	9.676E-3
18.200	-2.508E-2	3.274E-3
18.233	-1.618E-2	-2.140E-2
18.267	-1.230E-2	-2.798E-2
18.300	-3.870E-3	-2.465E-2
18.333	3.259E-3	-2.517E-2
18.367	1.778E-2	-2.145E-2
18.400	2.480E-2	-1.920E-2
18.433	3.120E-2	-1.584E-2
18.467	3.672E-2	-1.101E-2
18.500	3.889E-2	-1.074E-3
18.533	4.261E-2	-2.078E-3
18.567	4.446E-2	1.256E-2
18.600	4.279E-2	1.859E-2
18.633	3.872E-2	2.414E-2
18.667	3.435E-2	2.043E-2
18.700	2.869E-2	2.329E-2
18.733	2.158E-2	2.410E-2
18.767	1.364E-2	2.326E-2
18.800	5.326E-3	2.110E-2
18.833	-4.853E-3	2.417E-2
18.867	-1.170E-2	1.917E-2
18.900	-1.767E-2	1.408E-2
18.933	-2.135E-2	9.678E-3
18.967		
19.000	-2.747E-2	-2.775E-3
19.033	-2.372E-2	-4.821E-3
19.067	-1.757E-2	-5.736E-3
19.100	-6.025E-3	-2.333E-3
19.133	1.177E-2	-8.409E-3
19.167	2.051E-2	-5.242E-3
19.200	1.867E-2	5.478E-3
19.233	2.241E-2	6.887E-3
19.267	2.944E-2	1.054E-2
19.300	3.481E-2	1.124E-2
19.333	3.524E-2	1.258E-2
19.367	3.906E-2	2.420E-2
19.400	4.008E-2	1.593E-2
19.433	3.549E-2	1.546E-2
19.467	3.168E-2	1.521E-2
19.500	2.677E-2	1.470E-2
19.533	1.911E-2	1.523E-2
19.567	8.593E-3	8.704E-3
19.600	1.423E-3	8.583E-3
19.633	-1.717E-3	-4.394E-4
19.667		
19.700	-4.100E-2	-1.867E-2
19.733	-3.355E-2	-1.892E-2
19.767		
19.800	-4.142E-2	-2.399E-2
19.833	-4.143E-2	-2.401E-2
19.867	-4.601E-2	-2.324E-2
19.900	-3.693E-2	-2.259E-2
19.933	-8.339E-3	3.256E-3
19.967	-1.756E-4	6.163E-3
20.000	7.494E-3	1.020E-2
20.033	2.067E-2	1.434E-2
20.067	2.311E-2	1.646E-2
20.100		
20.167	2.968E-2	1.045E-2
20.200	2.862E-2	6.727E-3
20.233		
20.267	1.951E-2	-1.815E-3
20.300	1.336E-2	-6.454E-3
20.333	9.894E-3	-3.992E-3
20.367	5.911E-3	1.806E-3
20.400		
20.433	-1.188E-2	-1.782E-2
20.467	-2.194E-2	-1.049E-2
20.500		
20.533	-2.456E-2	-2.108E-3
20.567	-3.113E-2	1.148E-3
20.600	-2.777E-2	1.667E-3
20.633	-2.301E-2	5.079E-3
20.667	-1.713E-2	6.997E-3
20.700	-1.132E-2	1.550E-2
20.733	-8.092E-3	1.900E-2
20.767	8.294E-4	2.068E-2
20.800	1.062E-2	2.187E-2
20.833	1.911E-2	1.611E-2
20.867	2.538E-2	1.645E-2
20.900	2.425E-2	8.654E-3
20.933	2.372E-2	9.599E-3
20.967	2.283E-2	8.674E-3
21.000	2.270E-2	3.464E-3
21.033	2.222E-2	-2.447E-3
21.067	1.712E-2	-5.786E-3
21.100	9.619E-3	-5.093E-3
21.133	1.842E-3	-7.010E-3
21.167	-5.739E-4	-1.505E-2
21.200	-2.208E-3	-2.142E-2
21.233	-5.977E-3	-1.967E-2
21.267	-8.939E-3	-1.315E-2
21.300	-1.921E-2	3.580E-3
21.333	-2.339E-2	8.973E-3
21.367	-7.831E-3	6.965E-3
21.400	-5.456E-3	1.323E-2
21.433	-2.469E-3	1.734E-2
21.467	-1.324E-2	2.770E-2
21.500	-5.527E-3	2.921E-2
21.533	-2.857E-3	1.831E-2
21.567	8.963E-3	9.948E-3
21.600	1.662E-2	1.822E-2
21.633	1.451E-2	7.441E-3
21.667	1.399E-2	1.350E-3
21.700	1.527E-2	-3.642E-3
21.733	1.535E-2	-9.135E-3
21.767	1.385E-2	-1.415E-2
21.800	1.097E-2	-1.839E-2
21.833	1.099E-2	-2.018E-2
21.867	7.064E-3	-2.158E-2
21.900	3.413E-3	-2.678E-2
21.933	4.318E-3	-1.088E-2
21.967	-9.451E-3	-1.806E-2
22.000	9.008E-4	-2.627E-3
22.033	-4.130E-3	-9.768E-3
22.067	-5.457E-3	-5.535E-3
22.100	-2.638E-3	1.984E-3
22.133	-6.509E-3	1.061E-2
22.167	-1.185E-2	2.514E-2
22.200	-9.995E-3	2.932E-2
22.233	-9.200E-3	3.177E-2
22.267	-9.572E-3	1.622E-2
22.300	-7.458E-3	2.145E-2
22.333	1.034E-3	9.166E-3
22.367	3.401E-3	8.888E-3
22.400	1.977E-3	1.730E-3
22.433	3.530E-3	-3.855E-3
22.467	2.788E-3	-8.981E-3
22.500	3.710E-3	-1.348E-2
22.533	8.090E-3	-1.781E-2
22.567	3.772E-3	-1.985E-2
22.600	5.026E-3	-2.211E-2
22.633	1.085E-2	-1.641E-2
22.667	1.182E-2	-1.043E-2
22.700		
22.733	-1.047E-2	1.317E-2
22.767	-1.045E-2	1.317E-2
22.800	-1.044E-2	1.318E-2
22.833	-1.042E-2	1.316E-2
22.867	-1.683E-2	1.157E-2
22.900	-1.048E-2	1.318E-2
22.933	-1.097E-2	1.274E-2
22.967	-1.695E-2	1.153E-2
23.000	-1.085E-2	1.295E-2
23.033	-1.574E-2	1.140E-2
23.067	-1.353E-2	1.041E-2
23.100	-8.318E-3	6.515E-3
23.133	-5.763E-3	1.453E-2
23.167		
23.200	-1.033E-2	1.334E-2
23.233	-1.034E-2	1.339E-2
23.267	-1.034E-2	1.342E-2
23.300	-1.040E-2	1.332E-2
23.333	-1.041E-2	1.333E-2
23.367	-1.041E-2	1.333E-2
23.400	-1.041E-2	1.333E-2
23.433	-1.041E-2	1.333E-2
23.467	-1.041E-2	1.333E-2
23.500	-1.041E-2	1.333E-2
23.533	-1.041E-2	1.333E-2
23.567	-1.041E-2	1.333E-2
23.600	-1.041E-2	1.333E-2
23.633	-1.041E-2	1.333E-2
23.667	-1.196E-2	2.129E-2
23.700	-1.567E-2	1.568E-2
23.733	-1.931E-2	2.070E-2
23.767	-2.566E-2	1.977E-2
23.800	-3.144E-2	1.649E-2
23.833	-3.769E-2	1.687E-2
23.867	-3.701E-2	1.207E-2
23.900	-3.485E-2	9.963E-3
23.933	-3.477E-2	9.144E-3
23.967	-3.132E-2	2.086E-3
24.000	-2.654E-2	2.485E-3
24.033	-2.168E-2	-2.695E-3
24.067	-1.651E-2	-4.631E-3
24.100	-1.161E-2	-4.960E-3
24.133	-7.090E-3	-3.586E-3
24.167	-3.008E-3	-3.746E-3
24.200	5.837E-3	3.278E-3
24.233	8.670E-3	5.044E-3
24.267	8.762E-3	4.451E-3
24.300	3.396E-3	-2.107E-3
24.333	1.913E-2	7.893E-3
24.367	1.447E-2	1.047E-2
24.400	1.256E-2	9.984E-3
24.433	1.980E-3	1.349E-2
24.467	2.312E-3	1.021E-2
24.500	-7.416E-3	8.902E-3
24.533	-1.048E-2	7.388E-3
24.567	-1.837E-2	5.988E-3
24.600	-1.849E-2	9.189E-3
24.633	-2.662E-2	1.018E-2
24.667	-2.857E-2	4.154E-3
24.700		
24.733	-1.276E-2	-4.904E-3
24.767	-6.416E-3	-6.070E-3
24.800	-7.219E-3	1.882E-3
24.833	5.016E-3	1.341E-4
24.867	1.240E-2	1.898E-3
24.900		
24.933	2.017E-2	1.293E-3
24.967		
25.067	2.362E-2	-5.001E-3
25.100	2.082E-2	-3.203E-3
25.133	1.715E-2	-2.168E-3
25.167	1.254E-2	-2.803E-3
25.200	5.982E-3	-1.421E-3
25.233	-6.373E-4	-1.645E-3
25.267	-7.150E-3	-2.267E-3
25.300	-1.068E-2	-5.504E-3
25.333	-1.550E-2	-3.296E-3
25.367	-1.601E-2	-3.291E-3
25.400	-1.455E-2	-1.408E-3
25.433	-1.267E-2	2.016E-4
25.467	-9.043E-3	9.541E-4
25.500	-5.629E-3	-3.855E-3
25.533	1.689E-3	-2.772E-3
25.567	6.738E-3	-2.685E-3
25.600	1.194E-2	-3.765E-3
25.633	1.430E-2	-5.750E-3
25.667	1.456E-2	-7.699E-3
25.700	1.261E-2	-8.701E-3
25.733	1.303E-2	-7.008E-3
25.767	2.002E-2	-8.348E-3
25.800	2.496E-2	-7.028E-3
25.833	2.168E-2	-7.483E-4
25.867	1.701E-2	3.274E-3
25.900	1.509E-2	7.562E-3
25.933	9.784E-3	5.605E-3
25.967	6.891E-3	5.026E-3
26.000	2.120E-3	6.892E-3
26.033	-3.365E-4	1.025E-2
26.067	-8.674E-3	1.425E-2
26.100	-1.233E-2	1.615E-2
26.133	-7.597E-3	1.367E-2
26.167	-1.078E-3	8.222E-3
26.200	-2.872E-3	5.848E-3
26.233	-2.242E-3	6.328E-3
26.267	4.580E-3	1.219E-2
26.300	-4.180E-3	9.560E-3
26.333	4.302E-4	7.165E-3
26.367	3.934E-3	4.672E-3
26.400	1.545E-2	2.073E-3
26.433	6.365E-3	8.172E-4
26.467	1.863E-2	2.354E-3
26.500	1.788E-2	-4.145E-3
26.533	1.652E-2	-8.113E-3
26.567	1.257E-2	-9.651E-3
26.600	1.252E-3	-1.159E-3
26.633	-1.121E-3	-1.085E-3
26.667	-8.260E-4	-9.218E-3
26.700	-6.998E-3	-9.384E-3
26.733	1.162E-3	-8.205E-3
26.767	-8.452E-3	8.599E-5
26.800	-6.101E-3	4.781E-3
26.833	-6.586E-3	7.970E-3
26.867	-6.849E-3	1.040E-2
26.900	-6.247E-3	1.108E-2
26.933	-4.168E-3	9.766E-3
26.967	2.025E-5	7.300E-3
27.000	-2.909E-3	6.719E-3
27.033	1.109E-2	1.192E-2
27.067	3.006E-3	1.842E-3
27.100	1.147E-3	1.136E-2
27.133	-1.491E-3	7.514E-3
27.167	-1.665E-3	3.142E-3
27.200	-2.146E-3	-1.101E-4
27.233	-3.294E-3	-2.451E-3
27.267	-5.173E-3	-3.488E-3
27.300	-6.913E-3	-3.015E-3
27.333	-2.327E-5	-1.479E-2
27.367	-6.553E-3	-1.480E-2
27.400	-6.189E-3	2.210E-3
27.433	-1.471E-2	-5.470E-3
27.467	-3.817E-3	-6.286E-3
27.500	-5.685E-3	-9.520E-4
27.533	-6.263E-3	4.624E-3
27.567	-1.635E-3	1.276E-2
27.600	-5.643E-3	1.372E-2
27.633	-1.443E-3	1.646E-2
27.667	8.813E-4	1.640E-2
27.700	1.575E-3	1.470E-2
27.733	6.320E-3	1.315E-2
27.767	1.376E-2	1.396E-2
27.800	1.069E-2	1.394E-2
27.833	1.582E-2	-1.687E-3
27.867	3.401E-4	-3.826E-3
27.900	1.642E-2	-1.322E-3
27.933	9.694E-3	-1.138E-2
27.967	6.907E-3	-1.480E-2
28.000	5.452E-3	-1.527E-2
28.033	1.139E-3	-3.653E-3
28.067	6.852E-4	-2.067E-3
28.100	-4.257E-4	2.445E-4
28.133	3.862E-3	8.570E-4
28.167	-6.802E-3	6.907E-4
28.200	-8.784E-4	3.245E-3
28.233	-7.533E-3	1.801E-2
28.267		
28.300	-2.688E-3	9.452E-3
28.333	-1.820E-4	1.003E-2
28.367	1.612E-3	1.093E-2
28.400	3.521E-3	1.018E-2
28.433	5.845E-3	7.198E-3
28.467	8.198E-3	2.420E-3
28.500	9.666E-3	-2.368E-3
28.533	1.019E-2	-6.665E-3
28.567	1.011E-2	-1.069E-2
28.600	1.022E-2	-1.474E-2
28.633	9.874E-3	-1.800E-2
28.667	8.908E-3	-2.029E-2
28.700	7.583E-3	-2.141E-2
28.733	5.936E-3	-2.130E-2
28.767	5.493E-3	-2.076E-2
28.800	2.964E-3	-1.615E-2
28.833	2.212E-3	-1.194E-2
28.867	3.876E-4	-5.654E-3
28.900	-5.114E-4	-1.888E-4
28.933	-1.245E-3	5.013E-3
28.967	-1.744E-3	9.527E-3
29.000	-1.807E-3	1.232E-2
29.033	-1.288E-3	1.340E-2
29.067	3.292E-4	1.250E-2
29.100	-1.153E-2	2.437E-2
29.133	-1.075E-2	2.273E-2
29.167	-1.045E-2	1.590E-2
29.200	-2.027E-3	1.898E-2
29.233	-1.858E-3	1.466E-2
29.267	-1.667E-3	1.011E-2
29.300	-1.156E-3	6.079E-3
29.333	-1.069E-2	-6.949E-3
29.367	-1.017E-2	-6.376E-3
29.400	-9.239E-3	-5.097E-3
29.433	-9.160E-3	-5.993E-3
29.467	2.371E-3	-1.700E-2
29.500	1.989E-3	-1.351E-2
29.533	8.172E-3	2.003E-3
29.567	6.095E-3	1.249E-2
29.600	6.236E-3	1.491E-2
29.633	6.573E-3	1.875E-2
29.667	8.015E-3	1.447E-2
29.700	-4.761E-3	2.164E-2
29.733	1.890E-3	1.194E-2
29.767	2.360E-3	1.047E-2
29.800	1.079E-3	2.121E-2
29.833	-2.406E-3	2.700E-2
29.867	-2.172E-3	1.868E-2
29.900	-3.810E-3	1.603E-2
29.933	-3.297E-3	9.603E-3
29.967	2.625E-3	9.024E-3
30.000	1.845E-3	5.670E-3
30.033	1.737E-3	2.846E-3
30.067	-3.427E-3	-1.524E-3
30.100	-1.248E-2	-3.564E-3
30.133	-1.076E-2	-1.425E-3
30.167	-6.648E-3	1.815E-3
30.200	1.683E-4	5.618E-3
30.233	4.036E-3	5.485E-3
30.267	8.392E-3	7.908E-3
30.300	5.100E-3	1.046E-2
30.333	1.279E-3	2.103E-2
30.367	7.504E-3	2.634E-2
30.400	8.853E-3	2.783E-2
30.433	8.264E-3	2.841E-2
30.467	1.552E-2	1.700E-2
30.500	8.769E-3	2.008E-2
30.533	9.291E-3	1.475E-2
30.567	3.621E-3	1.403E-2
30.600	2.183E-3	1.265E-2
30.633	4.044E-3	5.440E-3
30.667		
30.700	-1.678E-2	1.145E-2
30.733	-1.681E-2	-6.146E-3
30.767	-1.712E-2	-7.173E-3
30.800	-1.706E-2	-6.699E-3
30.833	-1.649E-2	-4.896E-3
30.867	-1.561E-2	-1.615E-3
30.900	-1.433E-2	2.939E-3
30.933	-1.085E-2	1.258E-2
30.967	-7.437E-3	1.747E-2
31.000	-7.491E-3	2.038E-2
31.033	-2.709E-3	2.525E-2
31.067	-2.832E-3	2.849E-2
31.100	-4.436E-3	2.227E-2
31.133	-1.889E-3	2.439E-2
31.167	-1.431E-3	2.278E-2
31.200	-2.502E-3	1.927E-2
31.233	-3.010E-3	1.583E-2
31.267	-5.267E-3	1.041E-2
31.300	-7.457E-3	4.299E-3
31.333	-9.657E-3	6.928E-3
31.367	-1.303E-3	4.120E-3
31.400	-3.993E-3	2.445E-3
31.433	-5.732E-3	1.666E-3
31.467	-8.421E-3	3.952E-4
31.500	-8.432E-3	2.213E-3
31.533	-8.443E-3	4.605E-3
31.567	-7.461E-3	8.535E-3
31.600	-6.156E-3	1.310E-2
31.633	-3.090E-3	1.843E-2
31.667	-5.387E-4	2.253E-2
31.700	-2.205E-3	2.676E-2
31.733	-5.739E-3	2.626E-2
31.767	-2.818E-3	3.165E-2
31.800	-6.904E-3	2.156E-2
31.833	-6.760E-3	1.999E-2
31.867	-2.219E-3	2.630E-2
31.900	-5.176E-3	2.228E-2
31.933	-7.458E-3	8.606E-3
31.967	-8.069E-3	2.569E-3
32.000	-3.779E-3	7.221E-3
32.033	5.245E-3	5.370E-3
32.067	2.073E-3	2.241E-3
32.100	-5.938E-3	4.612E-4
32.133	-4.963E-3	9.641E-4
32.167	-3.640E-3	2.690E-3
32.200	-1.540E-3	5.479E-3
32.233	4.944E-3	6.573E-3
32.267	6.086E-3	9.699E-3
32.300	2.257E-4	1.911E-2
32.333	1.595E-3	2.346E-2
32.367	2.094E-3	2.696E-2
32.400	1.229E-3	2.949E-2
32.433	6.665E-3	2.582E-2
32.467	3.687E-3	2.712E-2
32.500	3.231E-3	2.667E-2
32.533	2.503E-3	2.467E-2
32.567	-1.952E-3	2.192E-2
32.600	-2.121E-3	1.749E-2
32.633	-4.140E-3	1.377E-2
32.667	-4.992E-3	1.017E-2
32.700	-5.069E-3	7.028E-3
32.733	-4.772E-3	4.787E-3
32.767	-5.399E-3	4.499E-3
32.800	-1.326E-2	-5.599E-3
32.833	-1.878E-3	-3.191E-3
32.867	4.509E-3	4.159E-3
32.900	-9.754E-4	8.288E-3
32.933	-3.234E-3	1.157E-2
32.967	-2.735E-3	8.010E-3
33.000	8.470E-3	1.893E-2
33.033	9.560E-3	2.151E-2
33.067	9.580E-3	2.386E-2
33.100	7.836E-3	1.533E-2
33.133	8.530E-3	1.273E-2
33.167	1.482E-3	2.232E-2
33.200	6.306E-3	1.601E-2
33.233	2.513E-3	1.935E-2
33.267	-1.238E-3	1.363E-2
33.300	-6.380E-3	8.847E-3
33.333	-1.114E-2	5.690E-3
33.367	-1.216E-2	3.481E-3
33.400	-1.309E-2	1.731E-3
33.433	-1.211E-2	1.104E-3
33.467	-8.784E-3	2.189E-3
33.500	-6.521E-3	6.592E-3
33.533	-7.884E-4	6.802E-3
33.567	2.154E-3	5.626E-3
33.600	4.664E-3	1.141E-2
33.633	2.062E-4	1.416E-2
33.667	4.616E-4	4.031E-3
33.700	-1.969E-3	9.873E-3
33.733	6.323E-3	1.356E-2
33.767	6.965E-3	1.363E-2
33.800	1.012E-2	1.398E-2
33.833	9.840E-3	1.246E-2
33.867	5.482E-3	1.733E-2
33.900	1.135E-3	1.542E-2
33.933	4.512E-4	7.906E-3
33.967	1.041E-3	3.975E-3
34.000	-7.135E-3	3.504E-3
34.033	-1.009E-3	4.446E-3
34.067	-6.894E-3	-2.189E-4
34.100	-8.277E-3	-6.938E-4
34.133	-8.617E-3	-7.920E-5
34.167	-3.820E-3	4.791E-3
34.200	-1.020E-2	5.317E-3
34.233	-5.002E-3	5.516E-3
34.267	-7.550E-3	1.594E-2
34.300	-2.892E-3	1.694E-2
34.333	-3.728E-4	9.725E-3
34.367	9.019E-4	8.147E-3
34.400	7.270E-3	1.501E-2
34.433	8.945E-3	1.475E-2
34.467	1.023E-2	1.386E-2
34.500	7.231E-3	8.632E-3
34.533	7.366E-3	8.624E-3
34.567	8.485E-3	1.010E-2
34.600	6.366E-3	4.332E-3
34.633	1.745E-3	1.772E-3
34.667	4.772E-3	3.158E-4
34.700	2.415E-3	-1.052E-3
34.733	1.325E-3	-1.656E-3
34.767		
34.800	-3.824E-3	-1.390E-2
34.833	-5.099E-3	-1.121E-2
34.867	-5.400E-3	-8.232E-3
34.900	-8.209E-3	-2.290E-3
34.933	-5.646E-3	3.806E-3
34.967	-2.821E-3	9.099E-3
35.000	-2.747E-3	9.106E-3
35.033	-1.429E-5	1.400E-2
35.067	2.616E-3	7.840E-3
35.100	1.209E-2	8.852E-3
35.133	1.210E-2	8.847E-3
35.167		
35.200	8.839E-3	7.978E-3
35.233	7.743E-3	4.929E-3
35.267	6.812E-3	1.956E-3
35.300	6.624E-3	3.065E-4
35.333	6.446E-3	-1.907E-3
35.367	7.267E-3	-5.740E-4
35.400	1.121E-3	-7.010E-3
35.433	-2.049E-3	-2.833E-3
35.467	6.505E-3	-7.048E-3
35.500	1.807E-2	-6.260E-3
35.533	3.642E-2	-1.163E-2
35.600	5.321E-4	-5.583E-3
35.633	3.241E-3	-5.103E-3
35.667	6.245E-3	-5.052E-3
35.700	7.313E-3	-2.499E-3
35.733	8.741E-3	-7.138E-4
35.767	-3.091E-3	1.076E-2
35.800	-2.570E-3	1.166E-2
35.833	-3.068E-3	9.183E-3
35.867	-4.031E-3	6.883E-3
35.900	-5.180E-3	5.476E-3
35.933	-6.250E-3	4.880E-3
35.967	-8.249E-3	1.188E-3
36.000	-9.762E-3	9.877E-4
36.033	8.647E-5	-1.497E-2
36.067	-2.405E-3	-1.402E-2
36.100	-3.785E-3	-1.275E-2
36.133	-4.041E-3	-1.107E-2
36.167	-3.294E-3	-9.851E-3
36.200	-1.923E-3	-8.461E-3
36.233	-2.681E-4	-7.119E-3
36.267	1.617E-3	-5.880E-3
36.300	3.698E-3	-4.858E-3
36.333	6.202E-3	-4.469E-3
36.367	8.787E-3	-4.378E-3
36.400	-1.964E-3	8.532E-3
36.433	-3.112E-3	8.437E-3
36.467	-1.068E-3	2.599E-3
36.500	-1.923E-3	1.789E-3
36.533	-3.687E-3	1.225E-3
36.567	-5.937E-3	1.147E-3
36.600	-9.201E-3	5.759E-3
36.633	-1.069E-2	6.672E-3
36.667	-1.184E-3	-9.206E-3
36.700	-3.423E-3	-9.602E-3
36.733	-3.249E-4	-4.474E-3
36.767	-1.291E-3	-6.561E-3
36.800	-1.418E-3	-7.600E-3
36.833	-5.735E-4	-7.787E-3
36.867	1.318E-3	-6.973E-3
36.900	4.012E-3	-5.647E-3
36.933	6.781E-3	-3.409E-3
36.967	6.576E-3	1.564E-3
37.000	8.051E-3	-6.605E-3
37.033	1.102E-2	-6.283E-3
37.067	1.055E-2	6.518E-3
37.100	1.426E-2	1.152E-2
37.133	1.326E-2	1.194E-2
37.167	1.230E-2	1.202E-2
37.200	1.086E-2	1.144E-2
37.233	7.277E-3	-4.933E-3
37.267	4.083E-3	-4.852E-3
37.300	6.652E-3	5.102E-3
37.333	-1.391E-3	3.389E-3
37.367	3.156E-5	4.863E-3
37.400	-5.385E-3	-3.818E-3
37.433	-2.839E-3	6.279E-3
37.467	-7.534E-3	-6.653E-3
37.500	-6.530E-3	-7.147E-3
37.533	-3.232E-3	-7.239E-3
37.567	6.948E-3	-3.827E-3
37.600	4.659E-3	2.367E-4
37.633	5.972E-3	-7.858E-3
37.667	9.524E-3	-7.532E-3
37.700	1.265E-2	6.815E-3
37.733	1.283E-2	7.854E-3
37.767	1.672E-2	-5.138E-3
37.800	1.539E-2	9.947E-3
37.833	1.357E-2	9.337E-3
37.867	1.243E-2	-2.849E-3
37.900	1.223E-2	-5.144E-3
37.933	1.790E-3	-6.186E-3
37.967	1.448E-3	-2.493E-3
38.000	-1.517E-3	-3.373E-3
38.033	-4.417E-3	-4.265E-3
38.067	-4.425E-3	-5.251E-3
38.100	-1.913E-3	1.168E-3
38.133	-2.333E-3	-6.590E-5
38.167	-6.279E-3	-8.668E-3
38.200	1.749E-3	-9.165E-3
38.233	-9.847E-4	-8.760E-3
38.267	3.497E-3	-7.685E-3
38.300	6.019E-3	-7.703E-3
38.333	1.156E-2	-4.340E-3
38.367	1.401E-2	-3.357E-3
38.400	1.323E-2	-1.937E-3
38.433		
38.467	1.527E-2	3.140E-3
38.500	1.423E-2	5.445E-3
38.533	1.220E-2	5.642E-3
38.567	6.376E-3	5.656E-3
38.600	-1.696E-3	6.045E-3
38.633	-3.863E-3	5.626E-3
38.667	-6.030E-3	5.206E-3
38.700	-3.819E-3	1.212E-3
38.733	-8.050E-3	-2.629E-3
38.767		
38.800	-1.615E-2	-5.141E-4
38.833	-1.625E-2	9.932E-4
38.867	-1.360E-2	1.229E-3
38.900		
38.933	-1.122E-2	1.138E-2
38.967	-9.128E-3	1.261E-2
39.000	-6.396E-3	1.437E-2
39.033	-3.584E-3	1.636E-2
39.067	-6.639E-4	1.825E-2
39.100	2.325E-3	1.957E-2
39.133	4.956E-3	1.993E-2
39.167	6.707E-3	1.919E-2
39.200	1.674E-3	2.037E-2
39.233	1.513E-3	1.891E-2
39.267	1.923E-4	1.701E-2
39.300	-2.041E-3	1.477E-2
39.333	-5.159E-3	1.266E-2
39.367	-5.619E-4	5.851E-3
39.400	-3.408E-3	5.391E-3
39.433	-3.680E-3	4.957E-3
39.467	-1.943E-3	5.304E-3
39.500	-5.628E-3	6.578E-3
39.533	-5.507E-3	8.207E-3
39.567	-4.903E-3	1.025E-2
39.600	-3.535E-3	1.259E-2
39.633	-1.729E-3	1.498E-2
39.667	3.539E-4	1.720E-2
39.700	3.196E-3	1.891E-2
39.733	4.394E-3	2.002E-2
39.767	5.104E-3	2.030E-2
39.800	-1.243E-3	2.247E-2
39.833	7.271E-4	2.146E-2
39.867	6.993E-3	1.647E-2
39.900	6.049E-3	1.417E-2
39.933	4.684E-3	1.161E-2
39.967	3.180E-3	9.062E-3
40.000	3.749E-4	6.971E-3
40.033	-1.080E-3	5.014E-3
40.067	-2.970E-3	3.815E-3
40.100	-4.168E-3	3.286E-3
40.133	-4.381E-3	3.473E-3
40.167	-3.540E-3	4.372E-3
40.200	-3.012E-3	6.021E-3
40.233	-1.743E-3	8.167E-3
40.267	-2.519E-4	1.072E-2
40.300	1.689E-3	1.332E-2
40.333	2.439E-3	1.601E-2
40.367	4.037E-3	1.818E-2
40.400	4.501E-3	1.984E-2
40.433	3.853E-3	2.078E-2
40.467	2.752E-3	2.067E-2
40.500	4.403E-3	2.001E-2
40.533	3.800E-3	1.837E-2
40.567	2.364E-3	1.621E-2
40.600	1.085E-3	1.367E-2
40.633	1.687E-4	1.097E-2
40.667	-2.385E-4	8.315E-3
40.700	5.592E-4	5.787E-3
40.733	-1.001E-2	6.925E-3
