质量_A
t	x	y	v	v_{y}	v_{x}
0.000000000E0	4.703125000E-2	-4.505859375E-2			
3.333333333E-2	4.640625000E-2	-4.568359375E-2	8.290653351E-2	1.304690482E-3	8.289626699E-2
6.666666667E-2	5.255766780E-2	-4.497161438E-2	1.995337231E-1	-4.386276148E-2	1.946529343E-1
1.000000000E-1	5.938311229E-2	-4.860777785E-2	3.132078731E-1	-5.556804172E-2	3.082391352E-1
1.333333333E-1	7.310694348E-2	-4.867615050E-2	3.835185654E-1	9.575047833E-2	3.713735800E-1
1.666666667E-1	8.414135095E-2	-4.222441263E-2	2.965390148E-1	1.874029997E-1	2.298162375E-1
2.000000000E-1	8.842802598E-2	-3.618261719E-2	1.008225257E-1	9.077956860E-2	4.386629240E-2
2.333333333E-1	8.706577045E-2	-3.617244139E-2	4.293210914E-2	1.693324285E-2	-3.945163218E-2
2.666666667E-1	8.579791717E-2	-3.505373433E-2	1.430414688E-1	1.368029294E-1	-4.178301455E-2
3.000000000E-1	8.428023614E-2	-2.705224609E-2	2.441318721E-1	2.006370230E-1	-1.390868649E-1
3.333333333E-1	7.652545951E-2	-2.167793280E-2	3.913603400E-1	2.502172852E-1	-3.009222922E-1
3.666666667E-1	6.421875000E-2	-1.037109375E-2	2.726318568E-1	8.817924585E-2	-2.579778090E-1
4.000000000E-1	5.932693891E-2	-1.579931641E-2	4.282749681E-1	-2.375417476E-1	-3.563612864E-1
4.333333333E-1	4.046133091E-2	-2.620721025E-2	5.720527451E-1	-2.583727383E-1	-5.103801243E-1
4.666666667E-1	2.530159729E-2	-3.302416563E-2	4.784703392E-1	8.234944731E-3	-4.783994682E-1
5.000000000E-1	8.568033027E-3	-2.565821394E-2	1.961976597E-1	5.625146165E-2	-1.879608861E-1
5.333333333E-1	1.277087155E-2	-2.927406818E-2	1.248810628E-1	-1.240384333E-1	-1.448264186E-2
5.666666667E-1	7.602523570E-3	-3.392744283E-2	3.527267310E-1	-3.487239218E-1	-5.298842482E-2
6.000000000E-1	9.238309892E-3	-5.252232963E-2	2.436184118E-1	-2.422119860E-1	2.613970975E-2
6.333333333E-1	9.345170887E-3	-5.007490856E-2	4.035323093E-2	-3.900246521E-2	1.035330643E-2
6.666666667E-1	9.928530321E-3	-5.512249398E-2	2.688573355E-1	-2.391206009E-1	1.229048619E-1
7.000000000E-1	1.753882834E-2	-6.601628195E-2	3.485282190E-1	-2.836548296E-1	2.025138442E-1
7.333333333E-1	2.342945327E-2	-7.403281596E-2	2.747932433E-1	-1.854129895E-1	2.028135841E-1
7.666666667E-1	3.105973395E-2	-7.837714792E-2	1.792098843E-1	-8.417572942E-2	1.582107114E-1
8.000000000E-1	3.397683403E-2	-7.964453125E-2	1.061980951E-1	-5.034263499E-3	1.060787047E-1
8.333333333E-1	3.813164760E-2	-7.871276549E-2	3.343023466E-1	3.340046348E-1	1.410541951E-2
8.666666667E-1	3.491719533E-2	-5.737755560E-2	3.238614523E-1	3.202587740E-1	-4.817216991E-2
9.000000000E-1	3.492016960E-2	-5.736218056E-2	5.062979393E-1	-3.306444451E-1	3.834212491E-1
9.333333333E-1	6.047861194E-2	-7.942051860E-2	6.051143759E-1	-3.135175817E-1	5.175617199E-1
9.666666667E-1	6.942428426E-2	-7.826335267E-2	2.253502462E-1	-3.360189709E-3	2.253251929E-1
1.000000000E0	7.550029147E-2	-7.964453125E-2	1.506437475E-1	6.730482830E-2	1.347723961E-1
1.033333333E0	7.840911067E-2	-7.377636412E-2	2.417908438E-1	2.411294145E-1	1.787225833E-2
1.066666667E0	7.669177536E-2	-6.356923695E-2	2.281463722E-1	2.264926072E-1	-2.742017570E-2
1.100000000E0	7.658109895E-2	-5.867685697E-2	1.340408315E-1	1.751548720E-2	-1.328915055E-1
1.133333333E0	6.783234166E-2	-6.240153780E-2	1.419441019E-1	7.161607040E-2	-1.225531171E-1
1.166666667E0	6.841089115E-2	-5.390245228E-2	3.561071019E-1	3.394843921E-1	-1.075296029E-1
1.200000000E0	6.066370146E-2	-3.976924500E-2	4.250528080E-1	3.841352651E-1	-1.819615007E-1
1.233333333E0	5.628012444E-2	-2.829343461E-2	4.786917503E-1	4.778020438E-1	-2.917188350E-2
1.266666667E0	5.871890923E-2	-7.915775413E-3	5.182887202E-1	5.104507300E-1	-8.979559936E-2
1.300000000E0	5.029375115E-2	5.736614060E-3	2.878152239E-1	8.644364474E-2	-2.745270468E-1
1.333333333E0	4.041710611E-2	-2.152865763E-3	9.929672089E-2	2.488822857E-2	-9.612707661E-2
1.366666667E0	4.388527937E-2	7.395829299E-3	1.236514681E-1	-1.091469921E-1	5.810868859E-2
1.400000000E0	4.429101868E-2	-9.429331903E-3	3.924902169E-1	-3.803021517E-1	-9.705072809E-2
1.433333333E0	3.741523083E-2	-1.795764748E-2	2.168538185E-1	-1.884362363E-1	1.073189797E-1
1.466666667E0	5.144561733E-2	-2.199174766E-2	5.005283215E-1	-3.905469298E-1	3.130522261E-1
1.500000000E0	5.828537924E-2	-4.399410946E-2	3.817296295E-1	-3.142960062E-1	2.166460951E-1
1.533333333E0	6.588869034E-2	-4.294481474E-2	3.442710409E-1	-3.005415706E-1	1.679205584E-1
1.566666667E0	6.948008314E-2	-6.403021417E-2	4.168513772E-1	-4.097679743E-1	7.651978798E-2
1.600000000E0	7.099000954E-2	-7.026267969E-2	1.953693542E-1	-1.290780837E-1	1.466561723E-1
1.633333333E0	7.925716129E-2	-7.263541975E-2	1.023586436E-1	2.126129838E-2	1.001261660E-1
1.666666667E0	7.766508727E-2	-6.884525980E-2	4.604493790E-2	4.507081017E-2	-9.421166446E-3
1.700000000E0	7.862908352E-2	-6.963069908E-2	8.790370480E-2	-4.932218379E-2	-7.276251441E-2
1.733333333E0	7.281425298E-2	-7.213340539E-2	2.311644633E-1	-2.003838305E-2	-2.302943166E-1
1.766666667E0	6.327612908E-2	-7.096659128E-2	2.957677255E-1	-4.266109201E-2	-2.926748686E-1
1.800000000E0	5.330259507E-2	-7.497747819E-2	1.784028781E-1	5.990716041E-2	-1.680438009E-1
1.833333333E0	5.207320902E-2	-6.697278059E-2	2.906260070E-2	-1.244934527E-2	-2.626116071E-2
1.866666667E0	5.155185103E-2	-7.580743454E-2	1.557902937E-1	1.523882490E-1	-3.237957952E-2
1.900000000E0	4.991457038E-2	-5.681356398E-2	4.242602028E-1	3.870425995E-1	-1.737663541E-1
1.933333333E0	3.996742742E-2	-5.000459457E-2	2.139601763E-1	1.307525364E-1	-1.693597687E-1
1.966666667E0	3.862391914E-2	-4.809672823E-2	2.098504441E-1	1.927436136E-1	-8.298860357E-2
2.000000000E0	3.443485385E-2	-3.715502033E-2	3.511209305E-1	2.325318503E-1	-2.630871461E-1
2.033333333E0	2.108477606E-2	-3.259460487E-2	2.882105094E-1	2.879751138E-1	-1.164609466E-2
2.066666667E0	3.365844754E-2	-1.795667941E-2	3.676537090E-1	2.785769111E-1	2.399253099E-1
2.100000000E0	3.707979673E-2	-1.402281080E-2	2.198112110E-1	1.104946522E-1	1.900207892E-1
2.133333333E0	4.632650015E-2	-1.059036926E-2	3.042754552E-1	1.257018234E-1	2.770967416E-1
2.166666667E0	5.555291283E-2	-5.642689238E-3	2.949266085E-1	1.458512175E-1	2.563379152E-1
2.200000000E0	6.341569450E-2	-8.669547628E-4	3.474046904E-1	-6.173849850E-2	3.418747969E-1
2.233333333E0	7.834456596E-2	-9.758589138E-3	3.742003616E-1	-2.814834188E-1	2.465623562E-1
2.266666667E0	7.985318491E-2	-1.963251602E-2	1.892136373E-1	-1.860025497E-1	3.471097851E-2
2.300000000E0	8.065863119E-2	-2.215875912E-2	2.690129428E-1	-2.641342294E-1	5.100070831E-2
2.333333333E0	8.325323213E-2	-3.724146465E-2	4.885187018E-1	-4.478822851E-1	-1.950691691E-1
2.366666667E0	6.765401992E-2	-5.201757812E-2	4.069538186E-1	-3.096120784E-1	-2.641056065E-1
2.400000000E0	6.564619170E-2	-5.788226987E-2	2.416080861E-1	-1.933316595E-1	-1.449045780E-1
2.433333333E0	5.799371472E-2	-6.490635542E-2	1.964534835E-1	4.866619229E-2	-1.903301681E-1
2.466666667E0	5.295751383E-2	-5.463785705E-2	4.745479569E-1	9.882883248E-2	-4.641428932E-1
2.500000000E0	2.705085517E-2	-5.831776659E-2	4.039104517E-1	4.173157439E-2	-4.017488378E-1
2.533333333E0	2.617425797E-2	-5.185575209E-2	8.013994513E-2	-2.736368267E-2	7.532356655E-2
2.566666667E0	3.207242627E-2	-6.014201210E-2	1.671159869E-1	3.544187781E-2	-1.633145014E-1
2.600000000E0	1.528662454E-2	-4.949296024E-2	2.462944509E-1	1.696715886E-1	-1.785287332E-1
2.633333333E0	2.017051073E-2	-4.883057287E-2	6.495807657E-2	8.413709089E-3	6.441087805E-2
2.666666667E0	1.958068308E-2	-4.893204630E-2	5.435221079E-2	5.183872916E-2	-1.633734914E-2
2.700000000E0	1.908135412E-2	-4.537465759E-2	2.495456487E-1	1.133834065E-1	-2.222998738E-1
2.733333333E0	4.760691492E-3	-4.137315253E-2	1.667672374E-1	1.006746899E-1	-1.329508115E-1
2.766666667E0	1.021796668E-2	-3.866301160E-2	3.457359135E-1	1.069237400E-1	3.287866112E-1
2.800000000E0	2.667979891E-2	-3.424490320E-2	3.730530261E-1	1.532716051E-2	3.727380292E-1
2.833333333E0	3.506716863E-2	-3.764120090E-2	1.882509277E-1	-2.165813569E-2	1.870009009E-1
2.866666667E0	3.914652563E-2	-3.568877891E-2	2.635661408E-1	9.361342627E-2	2.463810808E-1
2.900000000E0	5.149257402E-2	-3.140030581E-2	4.004127991E-1	9.135167918E-2	3.898528958E-1
2.933333333E0	6.513671869E-2	-2.959866697E-2	4.158173932E-1	1.747822518E-1	3.772999721E-1
2.966666667E0	7.664590549E-2	-1.974815569E-2	3.756187911E-1	1.973608671E-1	3.195906200E-1
3.000000000E0	8.644276002E-2	-1.644127582E-2	1.246457517E-1	-2.987503440E-2	1.210125851E-1
3.033333333E0	8.471341116E-2	-2.173982465E-2	6.552471612E-2	-6.368916667E-2	-1.540059970E-2
3.066666667E0	8.541605337E-2	-2.068722027E-2	7.406026787E-2	-7.275949730E-2	-1.381950901E-2
3.100000000E0	8.379211056E-2	-2.659045781E-2	1.464609778E-1	-6.547431773E-2	-1.310111893E-1
3.133333333E0	7.668197409E-2	-2.505217478E-2	2.705228388E-1	4.943111477E-2	-2.659683650E-1
3.166666667E0	6.606088623E-2	-2.329505015E-2	3.241762030E-1	-3.158813527E-2	-3.226335387E-1
3.200000000E0	5.517307150E-2	-2.715805047E-2	4.895449299E-1	-1.831923129E-1	-4.539766677E-1
3.233333333E0	3.579577505E-2	-3.550787101E-2	3.349704036E-1	-1.038514209E-1	-3.184651530E-1
3.266666667E0	3.394206130E-2	-3.408147853E-2	1.175882309E-1	2.199550661E-2	-1.155127254E-1
3.300000000E0	2.809492669E-2	-3.404150390E-2	3.256403220E-1	-1.063386908E-1	-3.077884048E-1
3.333333333E0	1.342283431E-2	-4.117072458E-2	2.139378498E-1	-3.352061294E-2	-2.112954616E-1
3.366666667E0	1.400856258E-2	-3.627621143E-2	1.818822097E-1	-5.453371126E-2	1.735143007E-1
3.400000000E0	2.499045436E-2	-4.480630533E-2	1.344872240E-1	-1.344521726E-1	-3.070296551E-3
3.433333333E0	1.380387614E-2	-4.523968960E-2	1.094838766E-1	1.362119279E-2	-1.086332470E-1
3.466666667E0	1.774823789E-2	-4.389822581E-2	3.453775356E-1	-5.767109835E-2	3.405285400E-1
3.500000000E0	3.650577881E-2	-4.908442949E-2	3.068107014E-1	-4.923416684E-2	3.028346138E-1
3.533333333E0	3.793721214E-2	-4.718050360E-2	2.398726924E-1	-1.218121085E-1	2.066415225E-1
3.566666667E0	5.028188031E-2	-5.720523673E-2	3.147395844E-1	-5.235541908E-3	3.146960361E-1
3.600000000E0	5.891694788E-2	-4.752953973E-2	3.387020397E-1	2.843176640E-1	1.840720989E-1
3.633333333E0	6.255335357E-2	-3.825072579E-2			
3.666666667E0		-3.492381189E-2		1.416319806E-1	
3.700000000E0	7.140625000E-2	-2.880859375E-2			
3.733333333E0	7.471177642E-2	-1.974453525E-2	2.514155098E-1	2.473821052E-1	4.485367991E-2
3.766666667E0	7.439649533E-2	-1.231645340E-2	1.868022957E-1	1.603824384E-1	-9.577354072E-2
3.800000000E0	6.832687371E-2	-9.052372691E-3	2.336024822E-1	8.203959546E-2	-2.187227114E-1
3.833333333E0	5.981498124E-2	-6.847147038E-3	3.121593545E-1	4.654187112E-2	-3.086702397E-1
3.866666667E0	4.774885773E-2	-5.949581284E-3	3.242879434E-1	-9.594025537E-2	-3.097711053E-1
3.900000000E0	3.916357422E-2	-1.324316406E-2	2.416395240E-1	-1.859681911E-1	-1.542902831E-1
3.933333333E0	3.746283886E-2	-1.834746069E-2	2.410774480E-1	-2.409801767E-1	6.847653970E-3
3.966666667E0	3.962008448E-2	-2.930850918E-2	3.631272063E-1	-3.591825768E-1	5.337831477E-2
4.000000000E0	4.102139317E-2	-4.229296581E-2	3.591917630E-1	-3.514131523E-1	-7.434728640E-2
4.033333333E0	3.466359872E-2	-5.273605266E-2	3.132195287E-1	-3.022277069E-1	-8.224892908E-2
4.066666667E0	3.553813124E-2	-6.244147961E-2	2.846442195E-1	-2.761512435E-1	6.901320471E-2
4.100000000E0	3.926447904E-2	-7.114613556E-2	2.071508632E-1	-1.026596613E-1	1.799235228E-1
4.133333333E0	4.753303276E-2	-6.928545703E-2	1.618834461E-1	-7.950125933E-2	1.410170198E-1
4.166666667E0	4.866561369E-2	-7.644621952E-2	4.593729389E-2	-1.364545473E-2	4.386384086E-2
4.200000000E0	5.045728881E-2	-7.019515401E-2	1.236847164E-1	1.152596957E-1	4.486771248E-2
4.233333333E0	5.165679452E-2	-6.876223980E-2	6.305337665E-2	3.270792604E-2	5.390658477E-2
4.266666667E0	5.405106113E-2	-6.801462561E-2	9.848425267E-2	1.591360163E-2	9.719004737E-2
4.300000000E0	5.813613101E-2	-6.770133303E-2	1.361036526E-1	1.328023922E-1	-2.979477918E-2
4.333333333E0	5.206474252E-2	-5.916113279E-2	1.084145987E-1	7.104742460E-2	8.189010121E-2
4.366666667E0	6.359547109E-2	-6.296483805E-2	1.887516562E-1	1.137683382E-1	1.506119284E-1
4.400000000E0	6.210553774E-2	-5.157657692E-2	2.873278229E-1	2.866016967E-1	-2.041434063E-2
4.433333333E0	6.223451505E-2	-4.385805828E-2	2.768127937E-1	2.766522434E-1	-9.426502982E-3
4.466666667E0	6.147710421E-2	-3.313309402E-2	4.607645655E-1	4.550269348E-1	-7.248774673E-2
4.500000000E0	5.740199860E-2	-1.352292929E-2	4.514385547E-1	4.428085191E-1	-8.784864329E-2
4.533333333E0	5.562052799E-2	-3.612526084E-3	2.499769155E-1	1.694243821E-1	-1.838038004E-1
4.566666667E0	4.514841191E-2	-2.227970483E-3	1.034357097E-1	7.877887140E-2	6.702861677E-2
4.600000000E0	6.008910244E-2	1.639398676E-3	2.260833386E-1	9.694845683E-3	2.258753771E-1
4.633333333E0	6.020677038E-2	-1.581647437E-3	1.782688863E-1	-1.782072362E-1	4.687940949E-3
4.666666667E0	6.040163184E-2	-1.024108374E-2	3.113511397E-1	-3.100319530E-1	2.863075819E-2
4.700000000E0	6.211548760E-2	-2.225044430E-2	4.057145870E-1	-4.027141682E-1	4.925063251E-2
4.733333333E0	6.368500734E-2	-3.708869495E-2	4.553188163E-1	-4.539359721E-1	3.545923908E-2
4.766666667E0	6.447943687E-2	-5.251284245E-2	3.710493271E-1	-3.710330279E-1	3.477838900E-3
4.800000000E0	6.391686327E-2	-6.182423015E-2	6.671869338E-2	-4.884810545E-2	-4.544498476E-2
4.833333333E0	6.144977122E-2	-5.576938281E-2	9.183173765E-2	-7.531229792E-2	5.254641589E-2
4.866666667E0	6.741995766E-2	-6.684505001E-2	1.713859457E-1	-1.691439412E-1	2.763095281E-2
4.900000000E0	6.329183474E-2	-6.704564556E-2	1.967483220E-1	3.760085358E-2	-1.931219253E-1
4.933333333E0	5.454516264E-2	-6.433832643E-2	2.297802328E-1	5.228821375E-2	-2.237518673E-1
4.966666667E0	4.837504359E-2	-6.355976464E-2	1.124919004E-1	-1.112505403E-1	-1.666568125E-2
5.000000000E0	5.343411722E-2	-7.175502912E-2	6.320674879E-2	-6.025472671E-2	1.909086172E-2
5.033333333E0	4.964776770E-2	-6.757674642E-2	1.552402933E-1	8.818489400E-2	-1.277613914E-1
5.066666667E0	4.491669113E-2	-6.587603619E-2	3.357722989E-1	2.958373314E-1	-1.588184815E-1
5.100000000E0	3.905986894E-2	-4.785425766E-2	4.092921354E-1	3.930998736E-1	-1.139848302E-1
5.133333333E0	3.731770245E-2	-3.966937795E-2	9.656579132E-2	7.786807574E-2	5.710967373E-2
5.166666667E0	4.286718052E-2	-4.266305261E-2	2.841057684E-1	2.740768738E-1	7.481948218E-2
5.200000000E0	4.230566793E-2	-2.139758637E-2	2.683733424E-1	2.681325026E-1	-1.136714480E-2
5.233333333E0	4.210937087E-2	-2.478755244E-2	2.587651830E-1	1.879197906E-1	1.778920241E-1
5.266666667E0	5.416513620E-2	-8.869600328E-3	4.156455791E-1	2.880740369E-1	2.996240923E-1
5.300000000E0	6.208431035E-2	-5.582616640E-3	2.619170095E-1	7.715654872E-2	2.502946001E-1
5.333333333E0	7.085144288E-2	-3.725830413E-3	1.397215455E-1	1.426468378E-2	1.389914712E-1
5.366666667E0	7.135040843E-2	-4.631637722E-3	2.468634677E-1	-2.118149102E-1	1.267912280E-1
5.400000000E0	7.930419141E-2	-1.784682443E-2	3.118034145E-1	-3.067952686E-1	5.565997188E-2
5.433333333E0	7.506107322E-2	-2.508465563E-2	4.118461200E-1	-3.346958023E-1	-2.399915551E-1
5.466666667E0	6.330475440E-2	-4.015987791E-2	3.832566573E-1	-2.896746957E-1	-2.509466797E-1
5.500000000E0	5.833129458E-2	-4.439630201E-2	1.254135247E-1	-8.345170563E-2	-9.361818733E-2
5.533333333E0	5.706354191E-2	-4.572332496E-2	1.338667584E-1	-1.167516414E-2	-1.333566630E-1
5.566666667E0	4.944085038E-2	-4.517464629E-2	3.155206402E-1	6.513188861E-2	-3.087249771E-1
5.600000000E0	3.648187677E-2	-4.138119905E-2	2.049785431E-1	-9.559854156E-2	-1.813204952E-1
5.633333333E0	3.735281737E-2	-5.154788239E-2	1.481054867E-1	-1.355098392E-1	-5.976887714E-2
5.666666667E0	3.249728496E-2	-5.041518833E-2	1.516503984E-1	1.462496398E-1	-4.011092368E-2
5.700000000E0	3.467875579E-2	-4.179790641E-2	1.285109358E-1	1.270041921E-1	1.962130992E-2
5.733333333E0	3.380537229E-2	-4.194824219E-2	3.476821844E-2	1.456421754E-2	3.157075515E-2
5.766666667E0	3.678347280E-2	-4.082695857E-2	4.092166199E-2	-1.660631070E-2	3.740070674E-2
5.800000000E0	3.629875274E-2	-4.305532957E-2	2.479925535E-1	1.695177859E-1	1.810083614E-1
5.833333333E0	4.885069689E-2	-2.952577285E-2	4.102151583E-1	2.307316909E-1	3.391745316E-1
5.866666667E0	5.891038818E-2	-2.767321684E-2	3.075781777E-1	1.437462929E-1	2.719215672E-1
5.900000000E0	6.697880137E-2	-1.994268665E-2	2.877031226E-1	1.418572102E-1	2.502990585E-1
5.933333333E0	7.559699208E-2	-1.821606950E-2	1.871386002E-1	2.332435348E-2	1.856793748E-1
5.966666667E0	7.935742636E-2	-1.838772975E-2	1.055791801E-1	8.488171048E-2	6.278581452E-2
6.000000000E0	7.978271305E-2	-1.255728880E-2	3.573928227E-2	-1.637166938E-2	-3.176892725E-2
6.033333333E0	7.723949787E-2	-1.947917438E-2	1.805901233E-1	-1.098346651E-1	-1.433497086E-1
6.066666667E0	7.022606581E-2	-1.987959981E-2	2.109426872E-1	-5.439202653E-2	-2.038095306E-1
6.100000000E0	6.365219584E-2	-2.310530948E-2	3.422322065E-1	-1.996719996E-1	-2.779459942E-1
6.133333333E0	5.169633286E-2	-3.319106645E-2	2.682462103E-1	-7.527577460E-2	-2.574676428E-1
6.166666667E0	4.648768632E-2	-2.812369445E-2	1.534142173E-1	-4.324304171E-3	-1.533532603E-1
6.200000000E0	4.147278217E-2	-3.347935339E-2	1.396385732E-1	-9.674299283E-2	-1.006961988E-1
6.233333333E0	3.977460640E-2	-3.457322731E-2	2.432882239E-1	-1.637279323E-1	-1.799508935E-1
6.266666667E0	2.947605594E-2	-4.439454888E-2	1.791735581E-1	-1.539008416E-1	-9.174799655E-2
6.300000000E0	3.365807330E-2	-4.483328342E-2	1.574227207E-1	-3.564864060E-2	1.533332560E-1
6.333333333E0	3.969827301E-2	-4.677112492E-2	2.439633543E-1	1.255306010E-1	2.091893554E-1
6.366666667E0	4.760403033E-2	-3.646457668E-2	1.328942965E-1	2.753811451E-2	1.300097930E-1
6.400000000E0	4.836559254E-2	-4.493525062E-2	1.794319460E-1	-6.190738372E-3	1.793251182E-1
6.433333333E0	5.955903821E-2	-3.687729257E-2	4.171623475E-1	2.033464816E-1	3.642452918E-1
6.466666667E0	7.264861200E-2	-3.137881851E-2	2.441985411E-1	2.225051287E-1	1.006200535E-1
6.500000000E0	6.626704177E-2	-2.204361733E-2	2.335357651E-1	2.327166626E-1	1.954247986E-2
6.533333333E0	7.395144399E-2	-1.586437434E-2	1.720014647E-1	1.147008997E-1	1.281725690E-1
6.566666667E0	7.481187971E-2	-1.439689068E-2	1.335327498E-1	5.426234199E-3	-1.334224540E-1
6.600000000E0	6.505661372E-2	-1.550262539E-2	2.675342478E-1	-5.228604170E-3	-2.674831498E-1
6.633333333E0	5.697966972E-2	-1.474546429E-2	3.175535903E-1	-1.417130567E-1	-2.841789792E-1
6.666666667E0	4.611134843E-2	-2.495016251E-2	1.821177427E-1	-1.240352063E-1	-1.333496899E-1
6.700000000E0	4.808969039E-2	-2.301447804E-2	5.673025544E-2	-2.210083254E-2	-5.224820651E-2
6.733333333E0	4.262813467E-2	-2.642355134E-2	2.868735980E-1	-1.758833532E-1	-2.266307731E-1
6.766666667E0	3.298097218E-2	-3.474003492E-2	2.472935448E-1	-1.841775364E-1	-1.650234298E-1
6.800000000E0	3.162657268E-2	-3.870205377E-2	2.066213383E-1	-1.489715932E-1	1.431776583E-1
6.833333333E0	4.252614940E-2	-4.467147447E-2	1.918013382E-1	-1.721475598E-1	8.457523879E-2
6.866666667E0	3.726492193E-2	-5.017855776E-2	8.827167116E-2	-5.580614617E-2	6.839270413E-2
6.900000000E0	4.708566301E-2	-4.839188421E-2	1.112045889E-1	2.391889954E-2	1.086017810E-1
6.933333333E0	4.450504066E-2	-4.858396445E-2	2.465296640E-1	6.309417510E-2	2.383191144E-1
6.966666667E0	6.297360397E-2	-4.418560587E-2	3.676592549E-1	1.122480748E-1	3.501052662E-1
7.000000000E0	6.784539174E-2	-4.110075947E-2	1.914610768E-1	1.425897588E-1	1.277712981E-1
7.033333333E0	7.149169051E-2	-3.467962195E-2	1.956417220E-1	1.618713371E-1	1.098788133E-1
7.066666667E0	7.517064596E-2	-3.030933700E-2	2.027330371E-1	1.970036300E-1	-4.785659915E-2
7.100000000E0	6.830125057E-2	-2.154604662E-2	3.147757718E-1	2.292418009E-1	-2.157127331E-1
7.133333333E0	6.078979708E-2	-1.502655027E-2	2.336156294E-1	9.132748749E-2	-2.150245389E-1
7.166666667E0	5.396628131E-2	-1.545754745E-2	9.797870788E-2	8.724778177E-2	-4.458308842E-2
7.200000000E0	5.781759119E-2	-9.210031486E-3	9.836993653E-2	-2.085236724E-3	-9.834783272E-2
7.233333333E0	4.740975913E-2	-1.559656323E-2	2.502605450E-1	-1.521217167E-1	-1.987192081E-1
7.266666667E0	4.456964398E-2	-1.935147927E-2			-4.322913903E-3
7.300000000E0	4.712156487E-2				1.817409032E-2
7.333333333E0	4.578125000E-2	-3.287109375E-2			1.698433886E-2
7.366666667E0	4.825385412E-2	-3.428372928E-2	1.017466279E-1	-6.789560450E-2	7.577970169E-2
7.400000000E0	5.083323011E-2	-3.739746738E-2	1.925203914E-1	-1.521527522E-1	1.179560982E-1
7.433333333E0	5.611759400E-2	-4.442724609E-2	2.042792666E-1	-1.655858408E-1	1.196300467E-1
7.466666667E0	5.880856656E-2	-4.843652344E-2	1.856210766E-1	-1.718261719E-2	1.848240832E-1
7.500000000E0	6.843919955E-2	-4.557275391E-2	3.151217383E-1	2.772400322E-1	1.497987801E-1
7.533333333E0	6.879515190E-2	-2.995385463E-2	5.584073445E-1	5.554028320E-1	-5.784856556E-2
7.566666667E0	6.458262851E-2	-8.545898437E-3	1.286344786E-1	-4.129484362E-3	-1.285681782E-1
7.600000000E0	6.022394003E-2	-3.022915358E-2	2.733591767E-1	-2.310702529E-1	-1.460540232E-1
7.633333333E0	5.484569363E-2	-2.395058196E-2	2.255087148E-1	1.606425753E-1	-1.582660528E-1
7.666666667E0	4.967286984E-2	-1.951964856E-2	1.557522408E-1	8.827684794E-2	-1.283197516E-1
7.700000000E0	4.629104353E-2	-1.806545877E-2	6.570622419E-2	-5.921296508E-3	-6.543887335E-2
7.733333333E0	4.531027828E-2	-1.991440166E-2	1.231751442E-1	8.262895292E-2	9.134863047E-2
7.766666667E0	5.238095223E-2	-1.255686191E-2	1.813613960E-1	-1.574627454E-1	8.998577537E-2
7.800000000E0	5.130932997E-2	-3.041191803E-2	1.492643403E-1	-1.491258198E-1	-6.429085409E-3
7.833333333E0	5.195234653E-2	-2.249858323E-2	1.971505362E-1	-1.935010199E-1	3.775829974E-2
7.866666667E0	5.382654996E-2	-4.331198602E-2	4.046280250E-1	-3.528156120E-1	1.981034643E-1
7.900000000E0	6.515924415E-2	-4.601962403E-2	1.590127918E-1	-1.138072244E-1	1.110539672E-1
7.933333333E0	6.123014777E-2	-5.089913432E-2	1.325857355E-1	-1.291071504E-1	-3.017152555E-2
7.966666667E0	6.314780911E-2	-5.462676739E-2	6.167851590E-2	-3.155297956E-2	5.299668673E-2
8.000000000E0	6.476326022E-2	-5.300266629E-2	2.337462191E-1	1.539828040E-1	1.758595775E-1
8.033333333E0	7.487178095E-2	-4.436124713E-2	1.617419270E-1	1.429559843E-1	7.565736913E-2
8.066666667E0	6.980708483E-2	-4.347226734E-2	3.285039157E-1	1.739844730E-1	-2.786471350E-1
8.100000000E0	5.629530528E-2	-3.276228226E-2	2.754954819E-1	1.785394039E-1	-2.098128733E-1
8.133333333E0	5.581955994E-2	-3.156964041E-2	1.870812626E-1	1.328269511E-1	-1.317436901E-1
8.166666667E0	4.751239261E-2	-2.390715219E-2	2.088059651E-1	2.034296978E-1	-4.707747986E-2
8.200000000E0	5.268106129E-2	-1.800766055E-2	2.571297026E-1	2.545432436E-1	3.637885504E-2
8.233333333E0	4.993764961E-2	-6.937602614E-3	9.456851102E-2	9.091985738E-2	-2.601504969E-2
8.266666667E0	5.094672464E-2	-1.194633673E-2	2.463512625E-1	-2.153096745E-1	-1.197108542E-1
8.300000000E0	4.195692600E-2	-2.129158091E-2	1.961424097E-1	-1.910420337E-1	-4.443856714E-2
8.333333333E0	4.798415350E-2	-2.468247231E-2	2.325935706E-1	-4.609891502E-2	2.279795147E-1
8.366666667E0	5.715556031E-2	-2.436484191E-2	2.662534522E-1	-1.111251197E-1	2.419547655E-1
8.400000000E0	6.411447120E-2	-3.209081362E-2	1.592002953E-1	-7.212809742E-2	1.419234708E-1
8.433333333E0	6.661712503E-2	-2.917338174E-2	1.832099339E-1	-1.007520779E-1	1.530192755E-1
8.466666667E0	7.431575623E-2	-3.880761882E-2	2.279824445E-1	-2.257459623E-1	-3.185522737E-2
8.500000000E0	6.449344321E-2	-4.422311256E-2	2.113171547E-1	1.511833230E-1	-1.476432955E-1
8.533333333E0	6.447286987E-2	-2.872873061E-2	2.910719015E-1	2.891658157E-1	3.325632006E-2
8.566666667E0	6.671053121E-2	-2.494539151E-2	7.792214539E-2	-7.422764318E-2	-2.370902213E-2
8.600000000E0	6.289226839E-2	-3.367724016E-2	2.078734109E-1	1.578097296E-1	-1.353050043E-1
8.633333333E0	5.769019759E-2	-1.442474287E-2	2.626164133E-1	1.717835263E-1	-1.986398767E-1
8.666666667E0	4.964960995E-2	-2.222500507E-2	2.064536998E-1	9.033849679E-2	-1.856396675E-1
8.700000000E0	4.531421976E-2	-8.402176422E-3	5.815458234E-2	3.030113478E-2	4.963664652E-2
8.733333333E0	5.295871972E-2	-2.020492942E-2	1.187144839E-1	-1.099311374E-1	-4.481376718E-2
8.766666667E0	4.232663528E-2	-1.573091891E-2	1.531676269E-1	-1.357045717E-1	7.102528534E-2
8.800000000E0	5.769373874E-2	-2.925190087E-2	3.546295833E-1	-3.004213627E-1	1.884387067E-1
8.833333333E0	5.488921573E-2	-3.575900976E-2	1.469014940E-1	-1.171496892E-1	8.863407496E-2
8.866666667E0	6.360267707E-2	-3.706188015E-2	2.008506186E-1	-7.380570103E-2	1.867985264E-1
8.900000000E0	6.734245083E-2	-4.067938983E-2	6.550093350E-2	4.494965931E-2	-4.764347193E-2
8.933333333E0	6.042644561E-2	-3.406523619E-2	6.846822593E-2	-6.286750779E-2	2.712147539E-2
8.966666667E0	6.915054919E-2	-4.487055701E-2	1.665188923E-1	-1.021695885E-1	1.314911277E-1
9.000000000E0	6.919252079E-2	-4.087654209E-2	2.084707717E-1	1.686845234E-1	-1.224973233E-1
9.033333333E0	6.098406097E-2	-3.362492212E-2	2.134649073E-1	1.816710764E-1	-1.120842837E-1
9.066666667E0	6.172023520E-2	-2.876513700E-2	2.449388868E-1	1.394218271E-1	-2.013867234E-1
9.100000000E0	4.755827940E-2	-2.433013364E-2	1.522453335E-1	6.973293657E-2	-1.353364663E-1
9.133333333E0	5.269780412E-2	-2.411627456E-2	2.942613334E-1	2.725692958E-1	1.108860285E-1
9.166666667E0	5.495068130E-2	-6.158847255E-3	2.262949919E-1	2.023811762E-1	-1.012486191E-1
9.200000000E0	4.594789618E-2	-1.062419615E-2	2.980073092E-1	-2.947223580E-1	-4.412582014E-2
9.233333333E0	5.200895996E-2	-2.580700446E-2	3.615561300E-1	-3.114514668E-1	1.836322928E-1
9.266666667E0	5.819004903E-2	-3.138762727E-2	2.265397879E-1	-1.508821551E-1	1.689818061E-1
9.300000000E0	6.327441370E-2	-3.586581480E-2	1.785980860E-1	-1.404314314E-1	1.103462250E-1
9.333333333E0	6.554646403E-2	-4.074972270E-2	1.004577965E-1	-8.687962482E-2	5.043510352E-2
9.366666667E0	6.663675393E-2	-4.165778978E-2	5.938426683E-2	-5.849293119E-2	1.025027550E-2
9.400000000E0	6.622981573E-2	-4.464925145E-2	1.042624817E-1	3.577993271E-2	9.793090165E-2
9.433333333E0	7.316548071E-2	-3.927246094E-2	5.681904292E-2	4.278810756E-2	3.738424119E-2
9.466666667E0	6.872209848E-2	-4.179671094E-2	1.705920808E-1	-6.532866295E-3	-1.704669460E-1
9.500000000E0	6.180101764E-2	-3.970798536E-2	2.256591984E-1	1.012395875E-1	-2.016745392E-1
9.533333333E0	5.527712920E-2	-3.504740511E-2	1.863795135E-1	1.426337625E-1	-1.199705500E-1
9.566666667E0	5.380298097E-2	-3.019906786E-2	1.688680241E-1	1.581346449E-1	-5.924393332E-2
9.600000000E0	5.132753365E-2	-2.450509545E-2	3.227252260E-1	3.143268411E-1	-7.314511930E-2
9.633333333E0	4.892663969E-2	-9.243945120E-3	2.305546335E-1	2.294194369E-1	-2.285084285E-2
9.666666667E0	4.980414412E-2	-9.210466326E-3	2.162441359E-1	-2.040212283E-1	7.167192423E-2
9.700000000E0	5.370476797E-2	-2.284536034E-2	3.080036136E-1	-2.820791358E-1	1.236834150E-1
9.733333333E0	5.804970512E-2	-2.801574204E-2	1.963345737E-1	-1.577312313E-1	1.169107501E-1
9.766666667E0	6.149881798E-2	-3.336077575E-2	1.534136332E-2	-1.236060064E-2	-9.086967611E-3
9.800000000E0	5.744390728E-2	-2.883978209E-2	1.858619642E-1	-8.680334164E-2	1.643467359E-1
9.833333333E0	7.245526704E-2	-3.914766520E-2	2.816624343E-1	-1.191606120E-1	2.552145675E-1
9.866666667E0	7.445821178E-2	-3.678382289E-2	1.770194251E-1	-8.489681895E-2	-1.553332128E-1
9.900000000E0	6.209971952E-2	-4.480745313E-2	2.187565410E-1	-8.466103921E-2	-2.017100212E-1
9.933333333E0	6.101087703E-2	-4.242789217E-2			-9.882400969E-2
9.966666667E0	5.551145221E-2				-1.300069054E-1
1.000000000E1	5.234375000E-2	-2.443359375E-2			-9.035015872E-2
1.003333333E1	4.948810829E-2	-2.038458698E-2	1.321651759E-1	1.307519252E-1	-1.927609378E-2
1.006666667E1	5.105867708E-2	-1.571679874E-2	4.452714456E-2	4.394778014E-2	7.159554721E-3
1.010000000E1	4.996541194E-2	-1.745473497E-2	5.611161214E-2	-5.041528861E-2	2.463354810E-2
1.013333333E1	5.270091362E-2	-1.907781798E-2	6.874984221E-2	-5.993951947E-2	3.367186970E-2
1.016666667E1	5.221020325E-2	-2.145070294E-2	4.056906561E-2	-2.502065998E-2	3.193455274E-2
1.020000000E1	5.482988380E-2	-2.074586198E-2	7.698245134E-2	6.216240245E-2	4.541072049E-2
1.023333333E1	5.523758462E-2	-1.730654277E-2	8.282507218E-2	3.918841793E-2	7.296753033E-2
1.026666667E1	5.969438583E-2	-1.813330078E-2	6.474184183E-2	2.253838923E-2	6.069206780E-2
1.030000000E1	5.928372247E-2	-1.580398349E-2	2.991654927E-2	2.969957568E-2	-3.596543421E-3
1.033333333E1	5.945461626E-2	-1.615332907E-2	1.087020804E-1	-1.082185680E-1	1.024128066E-2
1.036666667E1	5.996647452E-2	-2.301855469E-2	2.333587272E-1	-2.055964761E-1	1.103919590E-1
1.040000000E1	6.681408019E-2	-2.985976081E-2	1.836271503E-1	-1.806557213E-1	3.290046640E-2
1.043333333E1	6.215983894E-2	-3.506226944E-2	2.483962362E-1	-5.024858505E-2	-2.432607034E-1
1.046666667E1	5.059669997E-2	-3.320966648E-2	1.578316382E-1	1.088015707E-1	-1.143374140E-1
1.050000000E1	5.453734468E-2	-2.780883139E-2	1.644789282E-1	1.550442787E-1	-5.490527732E-2
1.053333333E1	4.693634814E-2	-2.287338123E-2	2.572272642E-1	2.326327931E-1	-1.097626941E-1
1.056666667E1	4.721983174E-2	-1.229997852E-2	1.361531222E-1	1.290981434E-1	4.325901133E-2
1.060000000E1	4.982028223E-2	-1.426683834E-2	1.914822941E-1	-1.913745642E-1	-6.422234484E-3
1.063333333E1	4.679168277E-2	-2.505828280E-2	2.495036909E-1	-8.091494223E-2	2.360187786E-1
1.066666667E1	6.555486748E-2	-1.966116782E-2	3.222118436E-1	3.699304095E-2	3.200812195E-1
1.070000000E1	6.813043074E-2	-2.259208007E-2	2.921608113E-1	-2.605309527E-1	-1.322178594E-1
1.073333333E1	5.674034352E-2	-3.702989800E-2	7.216514761E-1	-5.222587704E-1	-4.980227200E-1
1.076666667E1	3.492891607E-2	-5.740933144E-2	2.326239931E-1	1.805514964E-1	1.466801939E-1
1.080000000E1	6.651902311E-2	-2.499313157E-2	4.534266101E-1	3.426520874E-1	2.969599935E-1
1.083333333E1	5.472624897E-2	-3.456585895E-2	2.166431511E-1	-1.500132255E-1	-1.563019101E-1
1.086666667E1	5.609889577E-2	-3.499401327E-2	4.105226375E-2	2.623214880E-2	3.157788354E-2
1.090000000E1	5.683144121E-2	-3.281704903E-2	9.883165624E-2	7.009024388E-2	-6.967821746E-2
1.093333333E1	5.145368127E-2	-3.032133034E-2	1.957807803E-1	6.191148138E-2	-1.857339021E-1
1.096666667E1	4.444918107E-2	-2.868961693E-2	1.370296830E-1	5.048586645E-2	-1.273903894E-1
1.100000000E1	4.296098864E-2	-2.695560591E-2	3.585606108E-2	3.273317178E-2	1.463545631E-2
1.103333333E1	4.542487815E-2	-2.650740548E-2	1.431264515E-1	1.338128663E-2	1.424995519E-1
1.106666667E1	5.246095877E-2	-2.606352014E-2	1.792076045E-1	-3.120064896E-2	1.764706350E-1
1.110000000E1	5.718958715E-2	-2.858744875E-2	4.375098582E-2	-4.081747949E-2	1.575062311E-2
1.113333333E1	5.351100031E-2	-2.878468543E-2	5.492079391E-2	-5.164035323E-2	-1.869672489E-2
1.116666667E1	5.594313883E-2	-3.203013896E-2	8.435873183E-2	3.419217499E-2	7.711868000E-2
1.120000000E1	5.865224564E-2	-2.650520710E-2	1.622416237E-1	-1.399279085E-1	8.211287891E-2
1.123333333E1	6.141733076E-2	-4.135866619E-2	2.614714519E-1	-2.494876965E-1	7.825093899E-2
1.126666667E1	6.386897491E-2	-4.313772020E-2	2.859616718E-2	-2.354550063E-2	1.622806758E-2
1.130000000E1	6.249920193E-2	-4.292836624E-2	1.663436179E-1	1.577752010E-1	5.269900545E-2
1.133333333E1	6.738224194E-2	-3.261937347E-2	1.524986545E-1	1.523667953E-1	6.340292184E-3
1.136666667E1	6.292188807E-2	-3.277057988E-2	1.836674070E-1	1.187548972E-2	-1.832830847E-1
1.140000000E1	5.516336962E-2	-3.182767416E-2	1.364071918E-1	8.734384852E-2	-1.047758279E-1
1.143333333E1	5.593683288E-2	-2.694765665E-2	9.622587261E-2	6.973275980E-2	-6.630807469E-2
1.146666667E1	5.074283131E-2	-2.717882350E-2	1.642547809E-1	-1.547877567E-4	-1.642547080E-1
1.150000000E1	4.498651902E-2	-2.695797583E-2	1.021510713E-1	2.044285960E-2	1.000846185E-1
1.153333333E1	5.741513921E-2	-2.581596620E-2	2.169944602E-1	-2.731567811E-2	2.152683197E-1
1.156666667E1	5.933774033E-2	-2.877902104E-2	1.034501086E-1	-7.699139176E-2	6.909595183E-2
1.160000000E1	6.202153600E-2	-3.094872565E-2	1.366771831E-1	-5.185948522E-2	1.264564991E-1
1.163333333E1	6.776817361E-2	-3.223632006E-2	7.230563842E-2	-7.038344785E-2	-1.656126858E-2
1.166666667E1	6.091745143E-2	-3.564095550E-2	1.235377440E-1	-7.461921830E-2	-9.845580963E-2
1.170000000E1	6.120445297E-2	-3.721093461E-2	6.851546256E-2	3.455812234E-2	-5.916168346E-2
1.173333333E1	5.697333920E-2	-3.333708068E-2	1.667688108E-1	1.603919839E-1	4.567546124E-2
1.176666667E1	6.424948371E-2	-2.651813568E-2	8.186489545E-2	3.272216961E-3	8.179947251E-2
1.180000000E1	6.242663737E-2	-3.311893288E-2	2.139171731E-1	-1.270850052E-1	-1.720754439E-1
1.183333333E1	5.277778745E-2	-3.499046936E-2	1.411225164E-1	-1.386892606E-3	-1.411157013E-1
1.186666667E1	5.301892394E-2	-3.321139239E-2	2.616532716E-1	2.573795646E-1	4.709770942E-2
1.190000000E1	5.591763475E-2	-1.783183172E-2	1.338958060E-1	6.809318454E-2	-1.152883562E-1
1.193333333E1	4.533303353E-2	-2.867184676E-2	1.954975316E-1	-1.530044660E-1	-1.216918989E-1
1.196666667E1	4.780484149E-2	-2.803212945E-2	9.110825037E-2	1.591198841E-2	8.970798131E-2
1.200000000E1	5.131356561E-2	-2.761104753E-2	2.202888775E-1	-4.129477016E-2	2.163837598E-1
1.203333333E1	6.223042547E-2	-3.078511413E-2	1.948199525E-1	-8.801417087E-2	1.738054074E-1
1.206666667E1	6.290059277E-2	-3.347865892E-2	1.458775680E-1	1.232292171E-1	-7.806935958E-2
1.210000000E1	5.702580150E-2	-2.256983299E-2	2.696853108E-2	-1.467791015E-2	2.262433695E-2
1.213333333E1	6.440888190E-2	-3.445718626E-2	2.388239015E-1	-2.317230781E-1	5.780372827E-2
1.216666667E1	6.087938339E-2	-3.801803820E-2	8.194694192E-3	8.064402376E-3	-1.455481783E-3
1.220000000E1	6.431184978E-2	-3.391955944E-2	5.305910284E-2	4.384168993E-2	-2.988602714E-2
1.223333333E1	5.888698158E-2	-3.509525887E-2	2.054508685E-1	-4.204736899E-2	-2.011021584E-1
1.226666667E1	5.090503922E-2	-3.672271737E-2	1.586444976E-1	3.811130550E-3	-1.585987135E-1
1.230000000E1	4.831373401E-2	-3.484118350E-2	7.980302379E-2	7.295862441E-2	-3.233514699E-2
1.233333333E1	4.874936275E-2	-3.185880908E-2	1.042043061E-1	9.651302022E-2	3.929089377E-2
1.236666667E1	5.093312693E-2	-2.840698215E-2	5.942938247E-2	5.753451429E-2	-1.488728206E-2
1.240000000E1	4.775687728E-2	-2.802317479E-2	1.864002354E-1	1.226983582E-1	1.403216329E-1
1.243333333E1	6.028790246E-2	-2.022709161E-2	1.868100890E-1	-4.887540672E-2	1.803030892E-1
1.246666667E1	5.977708323E-2	-3.128153524E-2	1.703787511E-1	-1.674674498E-1	3.136195265E-2
1.250000000E1	6.237869930E-2	-3.139158826E-2	1.890390329E-2	-1.830120189E-2	4.735353093E-3
1.253333333E1	6.009277344E-2	-3.250161536E-2	1.143270901E-1	1.141699335E-1	-5.992480338E-3
1.256666667E1	6.197920061E-2	-2.378025936E-2	4.728918780E-2	-4.637409946E-2	-9.257979369E-3
1.260000000E1	5.947557481E-2	-3.559322200E-2	2.091131086E-1	-2.020425699E-1	-5.391745672E-2
1.263333333E1	5.838470350E-2	-3.724976402E-2	8.911861153E-2	-1.142827040E-2	-8.838281256E-2
1.266666667E1	5.358338731E-2	-3.635510669E-2	9.176839301E-2	1.620616802E-2	-9.032606531E-2
1.270000000E1	5.236296581E-2	-3.616935282E-2	5.871730706E-2	5.729772598E-2	1.283326717E-2
1.273333333E1	5.443893845E-2	-3.253525829E-2	7.654143147E-2	5.793801610E-2	-5.001776707E-2
1.276666667E1	4.902844801E-2	-3.230681841E-2	2.783115925E-1	1.707030147E-1	-2.198131554E-1
1.280000000E1	3.978472809E-2	-2.115505731E-2	1.579570538E-1	8.735383914E-2	-1.316044742E-1
1.283333333E1	4.025481639E-2	-2.648322914E-2	1.468903499E-1	-1.119496937E-1	9.510016283E-2
1.286666667E1	4.612473895E-2	-2.861837022E-2	1.298341313E-1	-1.618259040E-2	1.288216807E-1
1.290000000E1	4.884292844E-2	-2.756206850E-2	1.123065009E-1	5.081455672E-3	1.121914834E-1
1.293333333E1	5.360417118E-2	-2.827960651E-2	1.070573941E-1	7.446008490E-4	1.070548047E-1
1.296666667E1	5.597991541E-2	-2.751242844E-2	7.690962699E-2	-4.964068110E-3	7.674925896E-2
1.300000000E1	5.872078844E-2	-2.861054439E-2	1.065923411E-1	9.544693124E-2	4.745324530E-2
1.303333333E1	5.914346510E-2	-2.114929969E-2	1.318249786E-1	-1.089208470E-1	7.425681167E-2
1.306666667E1	6.367124255E-2	-3.587193419E-2	2.057724933E-1	-1.996992089E-1	-4.962403640E-2
1.310000000E1	5.583519601E-2	-3.446258028E-2	1.718637590E-1	7.676097330E-3	-1.716922514E-1
1.313333333E1	5.222509246E-2	-3.536019436E-2	9.787698684E-2	-2.560623940E-2	-9.446811661E-2
1.316666667E1	4.953732157E-2	-3.616966291E-2	7.029972387E-2	-1.285944733E-3	-7.028796144E-2
1.320000000E1	4.753922836E-2	-3.544592401E-2	3.117812394E-2	2.301330673E-2	2.103480747E-2
1.323333333E1	5.093964207E-2	-3.463544246E-2	8.896116845E-2	8.424684861E-2	-2.857547883E-2
1.326666667E1	4.563419644E-2	-2.982946744E-2	1.502955138E-1	1.059931511E-1	1.065560575E-1
1.330000000E1	5.804337923E-2	-2.756923239E-2	1.498138299E-1	1.360754410E-1	6.267102996E-2
1.333333333E1	4.981226510E-2	-2.075777137E-2	6.488589393E-2	2.564309454E-3	-6.483520300E-2
1.336666667E1	5.372103236E-2	-2.739827842E-2	1.342080218E-1	-1.052094437E-1	8.332326243E-2
1.340000000E1	5.536714927E-2	-2.777173428E-2	8.655061408E-2	8.214828699E-2	-2.725193098E-2
1.343333333E1	5.190423697E-2	-2.192172596E-2	1.598208339E-1	-2.554945763E-2	1.577654087E-1
1.346666667E1	6.588484318E-2	-2.947503146E-2	1.781060474E-1	-1.382491826E-1	1.122894813E-1
1.350000000E1	5.939020239E-2	-3.113833813E-2	1.434650937E-1	-3.044892261E-2	-1.401966341E-1
1.353333333E1	5.653840090E-2	-3.150495963E-2	1.428527011E-1	4.415002367E-3	-1.427844598E-1
1.356666667E1	4.987123840E-2	-3.084400464E-2	1.070272478E-1	-1.470819281E-4	-1.070271467E-1
1.360000000E1	4.940325779E-2	-3.151476510E-2	1.091537640E-1	5.211258050E-2	-9.591049551E-2
1.363333333E1	4.347720537E-2	-2.736983261E-2	1.333490659E-1	1.164694990E-1	-6.493711712E-2
1.366666667E1	4.507411665E-2	-2.375013183E-2	1.965144714E-1	-2.636246980E-2	1.947381772E-1
1.370000000E1	5.645975051E-2	-2.912733060E-2	2.197633643E-1	7.583641385E-2	2.062638472E-1
1.373333333E1	5.882503979E-2	-1.869437091E-2	1.595305699E-1	1.548693540E-1	3.828166586E-2
1.376666667E1	5.901186157E-2	-1.880270700E-2	3.724384706E-2	-2.974661715E-3	3.712486406E-2
1.380000000E1	6.130003073E-2	-1.889268169E-2	1.751296371E-1	-1.666473702E-1	-5.384276931E-2
1.383333333E1	5.542234362E-2	-2.991253167E-2	1.981448772E-1	-1.950235578E-1	-3.503147544E-2
1.386666667E1	5.896459903E-2	-3.189425221E-2	1.794367589E-1	-3.936874204E-2	1.750647097E-1
1.390000000E1	6.709332427E-2	-3.253711448E-2	1.213749297E-1	1.361832876E-2	1.206085183E-1
1.393333333E1	6.700516692E-2	-3.098636362E-2	7.038012438E-2	4.031906925E-2	-5.768651976E-2
1.396666667E1	6.324755628E-2	-2.984917653E-2	2.880888849E-1	1.290477477E-1	-2.575691838E-1
1.400000000E1	4.983388800E-2	-2.238318044E-2	3.028887807E-1	1.130047358E-1	-2.810187595E-1
1.403333333E1	4.451297232E-2	-2.231552747E-2	1.311971456E-1	-1.311369606E-1	-3.973484211E-3
1.406666667E1	4.956898905E-2	-3.112564448E-2	1.628695435E-1	-1.621605851E-1	1.518001500E-2
1.410000000E1	4.552497332E-2	-3.312623314E-2	7.127826214E-2	-3.312878194E-2	-6.311160322E-2
1.413333333E1	4.536154884E-2	-3.333422994E-2	2.014560987E-1	1.946452283E-1	-5.194030069E-2
1.416666667E1	4.206228660E-2	-2.014988459E-2	1.646978168E-1	2.305337301E-2	1.630764018E-1
1.420000000E1	5.623330896E-2	-3.179733841E-2	3.469587195E-1	-1.325733997E-1	3.206316371E-1
1.423333333E1	6.343772908E-2	-2.898811124E-2	1.764932927E-1	1.165747800E-1	1.325149163E-1
1.426666667E1	6.506763671E-2	-2.402568641E-2	7.318546042E-2	-6.104835883E-2	-4.036346741E-2
1.430000000E1	6.074683125E-2	-3.305800183E-2	1.341302759E-1	-1.331630523E-1	1.607894355E-2
1.433333333E1	6.613956628E-2	-3.290322323E-2			
1.436666667E1		-3.091340835E-2		1.176694422E-1	
1.440000000E1	6.109375000E-2	-2.505859375E-2			
1.443333333E1					
1.446666667E1	6.073795490E-2	-1.548751428E-2			
1.450000000E1	6.107258318E-2	-1.678237737E-2	1.015558696E-1	-5.814821390E-2	-8.326091436E-2
1.453333333E1	5.518722727E-2	-1.936406187E-2	1.080761308E-1	-6.466468666E-2	-8.659635296E-2
1.456666667E1	5.529949299E-2	-2.109335648E-2	1.582022510E-1	-1.576860446E-1	1.276963409E-2
1.460000000E1	5.603853621E-2	-2.987646484E-2	1.817325215E-1	-1.806591794E-1	-1.972232939E-2
1.463333333E1	5.398467103E-2	-3.313730177E-2	7.646585303E-2	-6.602834104E-2	-3.856533236E-2
1.466666667E1	5.346751406E-2	-3.427835425E-2	2.609829687E-2	-1.684018775E-2	1.993813372E-2
1.470000000E1	5.531387994E-2	-3.425998096E-2	8.765668417E-2	1.809078408E-2	8.576956227E-2
1.473333333E1	5.918548487E-2	-3.307230197E-2	9.470456897E-2	2.538645456E-2	9.123860646E-2
1.476666667E1	6.139645371E-2	-3.256755065E-2	1.560074513E-1	1.090874593E-1	1.115269074E-1
1.480000000E1	6.662061204E-2	-2.579980469E-2	1.899705497E-1	1.773795707E-1	6.800954087E-2
1.483333333E1	6.593042310E-2	-2.074224594E-2	1.399823321E-1	1.196149292E-1	-7.271397409E-2
1.486666667E1	6.177301376E-2	-1.782547608E-2	2.518678917E-1	-4.043655850E-3	-2.518354299E-1
1.490000000E1	4.914139444E-2	-2.101182299E-2	2.549124918E-1	-1.226650605E-1	-2.234584109E-1
1.493333333E1	4.687578637E-2	-2.600314678E-2	1.299669320E-1	-1.213098824E-1	-4.664028133E-2
1.496666667E1	4.603204235E-2	-2.909914849E-2	6.854841648E-2	-6.572781610E-2	-1.946123305E-2
1.500000000E1	4.557837083E-2	-3.038500119E-2	1.181671552E-2	-4.116782948E-3	-1.107641025E-2
1.503333333E1	4.529361500E-2	-2.937360068E-2	6.370213984E-2	6.176555190E-2	1.558779070E-2
1.506666667E1	4.661755688E-2	-2.626729773E-2	2.310768043E-1	1.078478810E-1	2.043656627E-1
1.510000000E1	5.891799251E-2	-2.218374195E-2	2.667858376E-1	-9.970401170E-3	2.665994641E-1
1.513333333E1	6.439085448E-2	-2.693199114E-2	8.834814099E-2	-1.271556544E-2	8.742830441E-2
1.516666667E1	6.474654614E-2	-2.303144632E-2	6.931730195E-2	-6.712492832E-2	-1.729544296E-2
1.520000000E1	6.323782495E-2	-3.140698636E-2	1.484652277E-1	-1.306150578E-1	-7.058066658E-2
1.523333333E1	6.004116837E-2	-3.173911684E-2	8.867021439E-2	9.614928854E-3	-8.814737695E-2
1.526666667E1	5.736133316E-2	-3.076599110E-2	1.279581116E-1	1.201415418E-1	4.403735080E-2
1.530000000E1	6.297699176E-2	-2.372968072E-2	1.259143699E-1	1.143785363E-1	5.264958672E-2
1.533333333E1	6.087130560E-2	-2.314075535E-2	1.292634214E-1	-8.251010223E-2	-9.950434739E-2
1.536666667E1	5.634336860E-2	-2.923035420E-2	2.261826441E-1	1.038505801E-1	-2.009319425E-1
1.540000000E1	4.747584277E-2	-1.621738334E-2	6.392487420E-2	5.128414116E-2	3.816184491E-2
1.543333333E1	5.888749159E-2	-2.581141146E-2	1.972647891E-1	-1.643967144E-1	1.090280575E-1
1.546666667E1	5.474437994E-2	-2.717716430E-2	1.407771168E-1	-1.326096311E-1	4.725338449E-2
1.550000000E1	6.203771722E-2	-3.465205353E-2	1.542878396E-1	-1.111221166E-1	1.070355673E-1
1.553333333E1	6.188008442E-2	-3.458530540E-2	7.774167772E-2	5.315538513E-2	5.672982890E-2
1.556666667E1	6.581970582E-2	-3.110836119E-2	1.043730803E-1	6.178567005E-2	8.412057345E-2
1.560000000E1	6.748812265E-2	-3.046626073E-2	5.249697187E-2	3.473747678E-2	3.936038316E-2
1.563333333E1	6.844373136E-2	-2.879252940E-2	8.795005579E-2	5.283012711E-2	-7.031493428E-2
1.566666667E1	6.280046037E-2	-2.694425226E-2	9.144775826E-2	8.714007750E-2	-2.773624677E-2
1.570000000E1	6.659464824E-2	-2.298319091E-2	1.252518757E-1	1.163390487E-1	-4.640321247E-2
1.573333333E1	5.970691287E-2	-1.918831568E-2	9.737598129E-2	1.845238024E-2	-9.561166977E-2
1.576666667E1	6.022053692E-2	-2.175303222E-2	7.465497595E-2	5.329769624E-2	-5.227543409E-2
1.580000000E1	5.622188393E-2	-1.563513593E-2	2.410857244E-1	8.371518795E-2	-2.260842626E-1
1.583333333E1	4.514825275E-2	-1.617201969E-2	1.696877949E-1	-2.036411809E-2	-1.684614212E-1
1.586666667E1	4.499112252E-2	-1.699274380E-2	3.374574259E-2	-3.230115969E-2	9.767815816E-3
1.590000000E1	4.579944047E-2	-1.832543034E-2	5.237914171E-2	-5.012485418E-2	1.520110125E-2
1.593333333E1	4.600452927E-2	-2.033440075E-2	6.425875427E-2	-6.112312809E-2	1.982802847E-2
1.596666667E1	4.712130904E-2	-2.240030554E-2	3.256985845E-1	-1.448510688E-1	2.917151621E-1
1.600000000E1	6.545220674E-2	-2.999113867E-2	3.057604782E-1	-1.230185520E-1	2.799212494E-1
1.603333333E1	6.578272567E-2	-3.060154234E-2	6.975793332E-2	-6.910172588E-2	-9.545718476E-3
1.606666667E1	6.481582551E-2	-3.459792039E-2	4.860785983E-2	3.737986350E-2	3.107201058E-2
1.610000000E1	6.785419304E-2	-2.810955144E-2	1.261754844E-1	1.094264243E-1	6.281807489E-2
1.613333333E1	6.900369717E-2	-2.730282544E-2	6.979197260E-2	6.605110703E-2	-2.254264180E-2
1.616666667E1	6.635135025E-2	-2.370614431E-2	8.464326555E-2	5.886678639E-2	-6.082091633E-2
1.620000000E1	6.494896941E-2	-2.337837302E-2	6.083995247E-2	-3.909588796E-2	-4.661556995E-2
1.623333333E1	6.324364559E-2	-2.631253684E-2	2.603315307E-1	-2.501091247E-2	-2.591273049E-1
1.626666667E1	4.767381575E-2	-2.504576718E-2	1.837808131E-1	-4.471117079E-2	-1.782590768E-1
1.630000000E1	5.135970713E-2	-2.929328156E-2	1.699090190E-1	1.000509829E-1	1.373276213E-1
1.633333333E1	5.682899051E-2	-1.837570166E-2	1.545636895E-1	1.508530615E-1	-3.366434277E-2
1.636666667E1	4.911541762E-2	-1.923641079E-2	8.321739382E-2	-4.959529892E-2	-6.682395498E-2
1.640000000E1	5.237406018E-2	-2.168205492E-2	8.911790452E-2	-3.872287162E-2	8.026543539E-2
1.643333333E1	5.446644664E-2	-2.181793557E-2	9.601681447E-2	-9.536991882E-2	-1.112687049E-2
1.646666667E1	5.163226881E-2	-2.804004951E-2	1.171134891E-1	1.179194021E-2	1.165183225E-1
1.650000000E1	6.223433481E-2	-2.103180622E-2	1.991445256E-1	1.521581732E-1	1.284773615E-1
1.653333333E1	6.019742624E-2	-1.789617130E-2	2.037700139E-1	-6.883178715E-2	-1.917926058E-1
1.656666667E1	4.944816109E-2	-2.562059203E-2	2.200767243E-1	-1.583228890E-1	-1.528647357E-1
1.660000000E1	5.000644386E-2	-2.845103056E-2	2.192117989E-1	5.718724498E-2	2.116209625E-1
1.663333333E1	6.355622525E-2	-2.180810903E-2	2.020334375E-1	9.404846741E-2	1.788082650E-1
1.666666667E1	6.192699487E-2	-2.218113274E-2	5.831794470E-2	4.382742105E-2	-3.847258554E-2
1.670000000E1	6.099138622E-2	-1.888628096E-2	8.832583600E-2	6.599647922E-2	-5.870194235E-2
1.673333333E1	5.801353204E-2	-1.778136745E-2	5.677531950E-2	-5.439454765E-2	1.626868434E-2
1.676666667E1	6.207596517E-2	-2.251258414E-2	1.946703644E-1	-1.752494306E-1	8.475958862E-2
1.680000000E1	6.366417128E-2	-2.946466283E-2	7.866196873E-2	-6.838392301E-2	3.887601315E-2
1.683333333E1	6.466769938E-2	-2.707151234E-2	1.676300999E-2	-1.205342943E-2	1.164960698E-2
1.686666667E1	6.444081175E-2	-3.026822479E-2	1.165754472E-1	-1.120001457E-1	-3.233886588E-2
1.690000000E1	6.251177499E-2	-3.453818872E-2	2.304677565E-1	1.505102916E-1	-1.745337758E-1
1.693333333E1	5.280522669E-2	-2.023420535E-2	1.759678143E-1	1.759228586E-1	-3.977373150E-3
1.696666667E1	6.224661678E-2	-2.280999815E-2	1.147068068E-1	-1.020073795E-1	-5.246090017E-2
1.700000000E1	4.930783335E-2	-2.703469732E-2	1.790851772E-1	8.347525664E-2	-1.584404690E-1
1.703333333E1	5.168391885E-2	-1.724498104E-2	1.726077221E-1	1.721485287E-1	-1.258212134E-2
1.706666667E1	4.846902526E-2	-1.555812873E-2	2.067412492E-1	-1.488233360E-1	1.435045602E-1
1.710000000E1	6.125088952E-2	-2.716653677E-2	1.876442064E-1	-1.812673300E-1	4.850261118E-2
1.713333333E1	5.170253267E-2	-2.764261740E-2	7.154824910E-2	6.542018786E-2	2.897155449E-2
1.716666667E1	6.318232649E-2	-2.280519092E-2	1.878282980E-1	-5.264240115E-2	1.803004357E-1
1.720000000E1	6.372256172E-2	-3.115211081E-2	8.873007538E-2	-8.630562550E-2	2.060012828E-2
1.723333333E1	6.455566838E-2	-2.855889928E-2	3.251840018E-2	2.633604465E-2	1.907509114E-2
1.726666667E1	6.499423446E-2	-2.939637450E-2	3.419399625E-2	-3.213696891E-2	1.168095068E-2
1.730000000E1	6.533439842E-2	-3.070136388E-2	1.848806302E-1	6.956768163E-2	-1.712926884E-1
1.733333333E1	5.357472190E-2	-2.475852906E-2	1.644380530E-2	1.517730192E-2	6.328367805E-3
1.736666667E1	6.575628961E-2	-2.968954375E-2	1.613007460E-1	-3.706205247E-2	1.569851424E-1
1.740000000E1	6.404039806E-2	-2.722933255E-2	3.262935886E-2	2.027904454E-2	-2.556238275E-2
1.743333333E1	6.405213076E-2	-2.833760744E-2	2.024341187E-1	1.698615229E-1	-1.101210037E-1
1.746666667E1	5.669899781E-2	-1.590523103E-2	3.267582768E-1	1.806712902E-1	-2.722661499E-1
1.750000000E1	4.590105410E-2	-1.629285477E-2	2.000304101E-1	-1.988080167E-1	2.208024968E-2
1.753333333E1	5.817101446E-2	-2.915909881E-2	1.749941592E-2	1.103333600E-2	1.358289565E-2
1.756666667E1	4.680658048E-2	-1.555729903E-2	2.512689175E-1	1.927651210E-1	-1.611759194E-1
1.760000000E1	4.742595316E-2	-1.630809074E-2	3.962981787E-2	-3.338096728E-2	2.135962283E-2
1.763333333E1	4.823055533E-2	-1.778269685E-2	7.047513617E-2	-6.749537037E-2	2.027608930E-2
1.766666667E1	4.877769245E-2	-2.080778210E-2	3.250495964E-1	-1.821769546E-1	2.692002921E-1
1.770000000E1	6.617724147E-2	-2.992782716E-2	2.899671425E-1	-1.228806790E-1	2.626428801E-1
1.773333333E1	6.628721779E-2	-2.899982737E-2	5.102074028E-2	-4.781117424E-2	-1.781032162E-2
1.776666667E1	6.498988670E-2	-3.311523878E-2	4.001457255E-2	-2.585993644E-2	-3.053571194E-2
1.780000000E1	6.425150366E-2	-3.072382313E-2	7.040806214E-2	6.789803183E-2	-1.863202855E-2
1.783333333E1	6.374775146E-2	-2.858870332E-2	1.993048002E-2	6.845910019E-4	-1.991871906E-2
1.786666667E1	6.292358905E-2	-3.067818373E-2	1.429782772E-2	2.233160225E-3	-1.412235366E-2
1.790000000E1	6.280626122E-2	-2.843982597E-2	1.166098062E-1	1.159710394E-1	1.218872117E-2
1.793333333E1	6.373617046E-2	-2.294678110E-2	7.245473976E-2	7.244536858E-2	1.165283473E-3
1.796666667E1	6.288394678E-2	-2.361013474E-2	5.974971320E-2	-5.923011846E-2	-7.862651940E-3
1.800000000E1	6.321199367E-2	-2.689545567E-2	1.497026542E-1	-9.948122883E-2	-1.118676441E-1
1.803333333E1	5.542610385E-2	-3.024221666E-2	1.879425184E-1	-2.096464874E-2	-1.867695739E-1
1.806666667E1	5.076068874E-2	-2.829309892E-2	8.771290735E-2	5.616200375E-2	-6.737494676E-2
1.810000000E1	5.093444073E-2	-2.649808307E-2	4.543762627E-2	7.871410156E-3	4.475062886E-2
1.813333333E1	5.374406400E-2	-2.776833824E-2	6.316709155E-2	-4.156895432E-2	4.756157579E-2
1.816666667E1	5.410521245E-2	-2.926934670E-2	1.436887551E-1	-9.350478746E-2	1.091023055E-1
1.820000000E1	6.101755103E-2	-3.400199074E-2	1.564367779E-1	1.467803754E-1	5.411087598E-2
1.823333333E1	5.771260418E-2	-1.948398834E-2	1.138910441E-1	1.107571962E-1	2.653325112E-2
1.826666667E1	6.278643444E-2	-2.661817766E-2	1.985807581E-1	-1.885980659E-1	6.216982409E-2
1.830000000E1	6.185725912E-2	-3.205719273E-2	2.158278877E-2	-2.113870036E-2	4.355699511E-3
1.833333333E1	6.307681441E-2	-2.802742435E-2	1.020172490E-1	9.428453612E-2	3.896081799E-2
1.836666667E1	6.445464699E-2	-2.577155699E-2	4.816413047E-2	3.770657762E-2	2.996660589E-2
1.840000000E1	6.507458814E-2	-2.551365251E-2	2.920031441E-2	4.547103685E-3	-2.884410182E-2
1.843333333E1	6.253170686E-2	-2.546841674E-2	1.847461484E-1	-2.140063344E-2	-1.835024584E-1
1.846666667E1	5.284109091E-2	-2.694036140E-2	6.919545197E-2	2.134794860E-2	6.582002479E-2
1.850000000E1	6.691970852E-2	-2.404522017E-2	8.074773540E-3	-6.487601631E-3	-4.807597405E-3
1.853333333E1	5.252058441E-2	-2.737286818E-2	1.523396048E-1	9.841002714E-2	-1.162876681E-1
1.856666667E1	5.916719731E-2	-1.748455169E-2	1.517747702E-1	-8.569699024E-2	1.252661435E-1
1.860000000E1	6.087166065E-2	-3.308600086E-2	2.501138159E-1	-2.501115835E-1	-1.056726249E-3
1.863333333E1	5.909674890E-2	-3.415865726E-2	1.687111415E-1	8.943549514E-2	-1.430550296E-1
1.866666667E1	5.133465868E-2	-2.712363452E-2	2.974147831E-1	2.096921642E-1	-2.109140809E-1
1.870000000E1	4.503581017E-2	-2.017917965E-2	1.218779790E-1	-6.049956983E-2	1.058019084E-1
1.873333333E1	5.838811924E-2	-3.115693917E-2	2.647958442E-1	-1.143908273E-1	2.388128509E-1
1.876666667E1	6.095666689E-2	-2.780523481E-2	9.843660205E-2	7.813310295E-2	5.987472627E-2
1.880000000E1	6.237976765E-2	-2.594806564E-2	6.583800370E-2	5.583236657E-2	3.489111025E-2
1.883333333E1	6.328274091E-2	-2.408307703E-2	9.696682660E-2	-9.313830316E-2	2.697817534E-2
1.886666667E1	6.417831268E-2	-3.215728585E-2	3.965138658E-2	-3.595874397E-2	1.670931445E-2
1.890000000E1	6.439669521E-2	-2.648032663E-2	8.115203033E-2	8.073937653E-2	8.173438934E-3
1.893333333E1	6.472320861E-2	-2.677466075E-2	4.246270775E-2	-1.920627479E-2	3.787084047E-2
1.896666667E1	6.692141791E-2	-2.776074495E-2	1.817956234E-1	7.966243427E-2	-1.634121943E-1
1.900000000E1	5.382906232E-2	-2.146383180E-2	2.522975476E-2	1.534664183E-2	-2.002551148E-2
1.903333333E1	6.558638381E-2	-2.673763550E-2	1.705684190E-1	-7.919622180E-2	1.510680112E-1
1.906666667E1	6.390026307E-2	-2.674357992E-2	5.923213086E-2	-1.921440089E-2	-5.602902931E-2
1.910000000E1	6.185111519E-2	-2.801859556E-2	5.971753629E-2	-3.519123915E-2	-4.824687375E-2
1.913333333E1	6.068380482E-2	-2.908966253E-2	7.497971096E-2	-4.483687613E-2	-6.009668538E-2
1.916666667E1	5.784466950E-2	-3.100772063E-2	7.379256499E-2	-4.966388850E-2	-5.457875802E-2
1.920000000E1	5.704522095E-2	-3.240058843E-2	1.910354455E-2	-1.910254601E-2	1.953211266E-4
1.923333333E1	5.785769090E-2	-3.228122370E-2	8.388788291E-2	7.443684328E-3	-8.355697735E-2
1.926666667E1	5.147475579E-2	-3.190434281E-2	2.227968658E-1	2.223078444E-1	1.475349784E-2
1.930000000E1	5.884125743E-2	-1.746070074E-2	2.547273572E-1	2.354388756E-1	9.723457398E-2
1.933333333E1	5.795706072E-2	-1.620841777E-2	1.713859750E-1	-1.201688811E-1	1.221989870E-1
1.936666667E1	6.698785656E-2	-2.547195948E-2	1.940105168E-1	-1.319494508E-1	1.422301763E-1
1.940000000E1	6.743907248E-2	-2.500504782E-2	1.161630112E-1	-1.068722668E-1	-4.552102560E-2
1.943333333E1	6.395312152E-2	-3.259677726E-2	5.350347851E-2	-4.264183783E-2	-3.231556713E-2
1.946666667E1	6.528470134E-2	-2.784783701E-2	7.730049180E-2	7.463243629E-2	2.013369033E-2
1.950000000E1	6.529536754E-2	-2.762128151E-2	2.079072754E-2	-5.584322431E-3	-2.002672451E-2
1.953333333E1	6.394958637E-2	-2.822012517E-2	1.169122009E-1	-8.924915892E-2	-7.551854305E-2
1.956666667E1	6.026079800E-2	-3.357122544E-2	1.890943377E-1	1.111446928E-1	-1.529821095E-1
1.960000000E1	5.375077907E-2	-2.081047898E-2	9.248766355E-2	8.060335779E-2	4.535489633E-2
1.963333333E1	6.328445776E-2	-2.819766825E-2	1.975718872E-1	-1.544925085E-1	1.231532193E-1
1.966666667E1	6.196099369E-2	-3.110997955E-2	8.431232354E-2	-7.293579769E-2	-4.229583094E-2
1.970000000E1	6.046473570E-2	-3.306005477E-2	2.549941223E-1	1.983325389E-1	-1.602691687E-1
1.973333333E1	5.127638244E-2	-1.788781029E-2	1.795247606E-1	1.789995652E-1	1.372207502E-2
1.976666667E1	6.137954070E-2	-2.112675042E-2	1.451718241E-2	1.054263323E-2	9.980053603E-3
1.980000000E1	5.194171935E-2	-1.718496808E-2	1.736791682E-1	4.998714167E-2	-1.663302111E-1
1.983333333E1	5.029085995E-2	-1.779427431E-2	2.410201120E-1	-1.753944789E-1	1.653102270E-1
1.986666667E1	6.296240115E-2	-2.887793334E-2	1.580393210E-1	-1.566237905E-1	2.110486275E-2
1.990000000E1	5.169785080E-2	-2.823586034E-2	5.319031088E-2	5.058185695E-2	1.645250495E-2
1.993333333E1	6.405923482E-2	-2.550580954E-2	1.207572525E-1	1.181924044E-1	-2.475620269E-2
1.996666667E1	5.004743729E-2	-2.035636672E-2	3.201341588E-2	2.940722530E-2	-1.265203131E-2
2.000000000E1	6.321576606E-2	-2.354532785E-2	2.046576106E-1	-5.382875685E-2	1.974517726E-1
2.003333333E1	6.321088880E-2	-2.394495051E-2	2.403672886E-2	-2.321433383E-2	6.233701875E-3
2.006666667E1	6.363134619E-2	-2.509295011E-2	1.732780664E-1	-1.732591856E-1	2.557905215E-3
2.010000000E1	6.338141582E-2	-3.549556289E-2	1.561923103E-1	6.671427455E-2	-1.412276296E-1
2.013333333E1	5.421617088E-2	-2.064533181E-2	8.478067272E-2	8.292412223E-2	1.764518119E-2
2.016666667E1	6.455776123E-2	-2.996728807E-2	2.078113930E-1	-1.384526845E-1	1.549723498E-1
2.020000000E1	6.454766086E-2	-2.987551078E-2	3.760409022E-2	-6.249383742E-3	-3.708116508E-2
2.023333333E1	6.208568356E-2	-3.038391365E-2	6.468264425E-2	-5.064506713E-3	-6.448406965E-2
2.026666667E1	6.024872288E-2	-3.021314456E-2	4.347274322E-2	9.086978706E-3	-4.251242432E-2
2.030000000E1	5.925152194E-2	-2.977811507E-2	2.238481087E-2	9.025235651E-3	-2.048474748E-2
2.033333333E1	5.888307305E-2	-2.961146218E-2	5.799119810E-3	3.813501786E-3	4.368866523E-3
2.036666667E1	5.954277970E-2	-2.952388162E-2	3.366770276E-2	5.974869095E-3	3.313329365E-2
2.040000000E1	6.109195930E-2	-2.921313757E-2	3.083048873E-2	8.557315363E-3	2.961910513E-2
2.043333333E1	6.151738671E-2	-2.895339393E-2	3.620336220E-2	1.775131843E-2	3.155271983E-2
2.046666667E1	6.319547395E-2	-2.802971634E-2	4.625055590E-2	5.226780048E-3	4.595426739E-2
2.050000000E1	6.458100454E-2	-2.860494193E-2	3.552698641E-2	-1.214243370E-2	3.338754360E-2
2.053333333E1	6.542131019E-2	-2.883921193E-2	1.080343473E-1	-1.077751513E-1	-7.479100404E-3
2.056666667E1	6.408239784E-2	-3.578995202E-2	9.814518813E-2	-9.420948450E-2	-2.751455946E-2
2.060000000E1	6.358700623E-2	-3.511984422E-2	2.042906275E-1	9.823676427E-2	-1.791206260E-1
2.063333333E1	5.214102278E-2	-2.924083440E-2	1.638472971E-1	1.628095814E-1	1.841132712E-2
2.066666667E1	6.481442803E-2	-2.426587213E-2	1.992531517E-1	7.231514253E-2	1.856672794E-1
2.070000000E1	6.451884140E-2	-2.441982490E-2	3.452281247E-2	-1.886415328E-2	-2.891311643E-2
2.073333333E1	6.288688694E-2	-2.552348235E-2	5.049239130E-2	-3.481197212E-2	-3.657332602E-2
2.076666667E1	6.208061967E-2	-2.674062304E-2	2.743391539E-1	1.024016690E-1	-2.545110401E-1
2.080000000E1	4.591948427E-2	-1.869670441E-2	2.681822224E-1	1.338888002E-1	-2.323693044E-1
2.083333333E1	4.658933271E-2	-1.781470303E-2	2.067154898E-2	1.737333404E-3	2.059841280E-2
2.086666667E1	4.729271179E-2	-1.858088219E-2	2.346798531E-1	-2.202672295E-1	8.097518774E-2
2.090000000E1	5.198767856E-2	-3.249918500E-2	1.870308349E-1	-6.143209294E-2	1.766539871E-1
2.093333333E1	5.906964426E-2	-2.267635505E-2	1.530514533E-1	1.872743817E-2	1.519013839E-1
2.096666667E1	6.211443748E-2	-3.125068912E-2	1.124640648E-1	-9.082738710E-2	6.632157745E-2
2.100000000E1	6.349108276E-2	-2.873151419E-2	7.052715196E-2	6.454713986E-2	2.842087085E-2
2.103333333E1	6.400916221E-2	-2.694754646E-2	7.436336706E-2	-7.425275533E-2	-4.054464942E-3
2.106666667E1	6.322078510E-2	-3.368169788E-2	8.462587578E-3	-1.165006429E-3	-8.382013394E-3
2.110000000E1	6.345036131E-2	-2.702521356E-2	1.864278586E-1	1.856703036E-1	1.678942630E-2
2.113333333E1	6.434008018E-2	-2.130367764E-2	8.913919294E-2	8.722386982E-2	1.837912544E-2
2.116666667E1	6.467563634E-2	-2.121028890E-2	1.471229331E-2	-9.735263968E-3	1.103069398E-2
2.120000000E1	6.507545978E-2	-2.195269524E-2	3.522027700E-2	-3.510078891E-2	2.898711721E-3
2.123333333E1	6.486888379E-2	-2.355034150E-2	3.704388616E-2	-1.688421065E-2	-3.297230553E-2
2.126666667E1	6.287730608E-2	-2.307830928E-2	7.256985626E-2	-6.930951293E-2	-2.150756738E-2
2.130000000E1	6.343504597E-2	-2.817097569E-2	7.307140578E-2	3.749686380E-2	-6.271694785E-2
2.133333333E1	5.869617622E-2	-2.057851836E-2	2.559124027E-1	1.009309852E-1	-2.351682251E-1
2.136666667E1	4.775716430E-2	-2.144224335E-2	1.743581467E-1	-1.151562724E-2	-1.739774515E-1
2.140000000E1	4.709767945E-2	-2.134622684E-2	1.921196658E-1	-1.843962389E-1	5.392581075E-2
2.143333333E1	5.135221834E-2	-3.373532594E-2	1.394441726E-1	4.498832927E-2	1.319876036E-1
2.146666667E1	5.589685303E-2	-1.834700489E-2	1.610504319E-1	8.120446404E-2	1.390793897E-1
2.150000000E1	6.062417766E-2	-2.832169501E-2	1.316235404E-1	-9.834729952E-2	8.747894075E-2
2.153333333E1	6.172878241E-2	-2.490349153E-2	7.123849433E-2	6.668646056E-2	2.505671670E-2
2.156666667E1	6.229462544E-2	-2.387593097E-2	5.546557955E-2	2.390856986E-2	5.004808490E-2
2.160000000E1	6.506532140E-2	-2.330958687E-2	5.568369470E-2	1.332873108E-2	5.406494967E-2
2.163333333E1	6.589895542E-2	-2.298734890E-2	2.425201508E-2	6.977052443E-3	2.322672975E-2
2.166666667E1	6.661377005E-2	-2.284445004E-2	1.545487298E-1	-1.520402057E-1	-2.773239525E-2
2.170000000E1	6.405012907E-2	-3.312336261E-2	3.293976958E-2	-3.293719041E-2	-4.121988424E-4
2.173333333E1	6.658629013E-2	-2.504026273E-2	1.094383894E-1	1.090339033E-1	9.400479064E-3
2.176666667E1	6.467682767E-2	-2.585443572E-2	7.681420130E-2	1.126223984E-2	-7.598410014E-2
2.180000000E1	6.152068345E-2	-2.428944674E-2	5.169216337E-2	-3.554046545E-2	-3.753605026E-2
2.183333333E1	6.217442432E-2	-2.822380009E-2	7.853180400E-2	-7.812509942E-2	-7.982047420E-3
2.186666667E1	6.098854696E-2	-2.949778671E-2	1.723906703E-1	1.365865167E-1	-1.051792122E-1
2.190000000E1	5.516247684E-2	-1.911803231E-2	4.511518025E-2	-2.874486755E-2	-3.477228894E-2
2.193333333E1	5.867039436E-2	-3.141411121E-2	2.227089771E-2	2.221386923E-2	1.592764554E-3
2.196666667E1	5.526866114E-2	-1.763710769E-2	2.165292294E-1	2.129563018E-1	-3.917295886E-2
2.200000000E1	5.605886377E-2	-1.721702442E-2	2.209245192E-2	7.008266119E-3	2.095138749E-2
2.203333333E1	5.666542031E-2	-1.716988995E-2	1.861738708E-1	-1.516716753E-1	1.079648696E-1
2.206666667E1	6.325652175E-2	-2.732846944E-2	1.812976646E-1	-1.363171445E-1	1.195260613E-1
2.210000000E1	6.463382440E-2	-2.625769958E-2	7.552676731E-2	7.381920454E-2	1.596927114E-2
2.213333333E1	6.432113982E-2	-2.240718914E-2	3.980512692E-2	2.413913047E-2	3.165044248E-2
2.216666667E1	6.674385390E-2	-2.464842422E-2	2.045865930E-1	-9.009110251E-2	-1.836825177E-1
2.220000000E1	5.207563865E-2	-2.841326264E-2	2.363157907E-1	-7.041757826E-2	-2.255804017E-1
2.223333333E1	5.170516045E-2	-2.934292944E-2	1.695148075E-1	-8.319696077E-2	1.476940611E-1
2.226666667E1	6.192190939E-2	-3.395972669E-2	1.842599528E-1	5.590005621E-2	1.755759492E-1
2.230000000E1	6.341022373E-2	-2.561625902E-2	1.073504555E-1	1.062929144E-1	1.503118861E-2
2.233333333E1	6.292398863E-2	-2.687353239E-2	5.535785610E-2	1.273981469E-2	-5.387197188E-2
2.236666667E1	5.981875894E-2	-2.476693804E-2	4.433868697E-2	-3.940824163E-2	-2.032017849E-2
2.240000000E1	6.156931006E-2	-2.950074850E-2	8.429222133E-2	8.005111484E-2	-2.640071191E-2
2.243333333E1	5.805871148E-2	-1.943019705E-2	1.422125807E-1	-3.585777292E-2	-1.376177250E-1
2.246666667E1	5.239479507E-2	-3.189126670E-2	1.969566844E-1	-1.771554351E-1	-8.606908476E-2
2.250000000E1	5.232077249E-2	-3.124055939E-2	1.880725689E-2	1.421535747E-2	1.231407828E-2
2.253333333E1	5.321573362E-2	-3.094357620E-2	2.279650775E-1	2.043605025E-1	1.010191149E-1
2.256666667E1	5.905538015E-2	-1.761652589E-2	1.486063720E-1	4.879963460E-2	1.403654140E-1
2.260000000E1	6.257342789E-2	-2.769026723E-2	1.398376160E-1	-1.168342188E-1	7.683960019E-2
2.263333333E1	6.417802016E-2	-2.540547381E-2	4.630742818E-2	4.621219459E-2	2.968328743E-3
2.266666667E1	6.277131647E-2	-2.460945425E-2	7.650384944E-3	7.642879000E-3	-3.388072981E-4
2.270000000E1	6.415543301E-2	-2.489594855E-2	9.082523037E-2	-5.010000799E-2	-7.575758492E-2
2.273333333E1	5.772081081E-2	-2.794945479E-2	1.701513303E-3	6.651458205E-4	-1.566118947E-3
2.276666667E1	6.405102508E-2	-2.485160549E-2	9.568052757E-2	3.295758275E-2	8.982516961E-2
2.280000000E1	6.370915545E-2	-2.575228260E-2	2.431912940E-2	-2.430798044E-2	-7.363024916E-4
2.283333333E1	6.400193825E-2	-2.647213752E-2	3.698920600E-2	-3.069132365E-2	2.064567784E-2
2.286666667E1	6.508553397E-2	-2.779837085E-2	2.333237102E-1	2.344734585E-2	-2.321425762E-1
2.290000000E1	4.852576650E-2	-2.490898113E-2	1.054727852E-1	-2.910174994E-2	-1.013784818E-1
2.293333333E1	5.832696852E-2	-2.973848751E-2	2.046546342E-1	-6.554723691E-2	1.938738740E-1
2.296666667E1	6.145069143E-2	-2.927879693E-2	3.482062121E-2	7.059857810E-3	3.409742027E-2
2.300000000E1	6.060012987E-2	-2.926783032E-2	2.450823033E-2	4.089003890E-3	-2.416471396E-2
2.303333333E1	5.983971050E-2	-2.900619667E-2	1.520594802E-1	9.584185915E-2	-1.180526304E-1
2.306666667E1	5.272995451E-2	-2.287837305E-2	1.179420610E-2	1.049092823E-2	5.389222796E-3
2.310000000E1	6.019899202E-2	-2.830680145E-2	1.537710203E-1	-8.023541839E-2	1.311785208E-1
2.313333333E1	6.147518923E-2	-2.822740094E-2	3.101244588E-2	9.830804013E-3	2.941304289E-2
2.316666667E1	6.215986155E-2	-2.765141452E-2	3.448789237E-2	-6.548543708E-3	3.386046804E-2
2.320000000E1	6.373255377E-2	-2.866397052E-2	3.040333353E-2	-1.406757805E-2	2.695303207E-2
2.323333333E1	6.395673035E-2	-2.858925305E-2	1.845443271E-2	1.300344349E-2	1.309490527E-2
2.326666667E1	6.460554745E-2	-2.779707429E-2	3.266792764E-2	2.992164656E-2	1.311062786E-2
2.330000000E1	6.483077221E-2	-2.659447662E-2	2.722969587E-2	2.694882122E-2	3.900945001E-3
2.333333333E1	6.486561045E-2	-2.600048621E-2	1.931820340E-2	1.730647083E-2	8.583650140E-3
2.336666667E1	6.540301555E-2	-2.544071189E-2	1.748994593E-2	1.062572240E-2	-1.389216442E-2
2.340000000E1	6.393946616E-2	-2.529210471E-2	4.648205811E-2	1.969618655E-2	-4.210275480E-2
2.343333333E1	6.259616523E-2	-2.412763279E-2	8.270219304E-3	-9.835308124E-4	-8.211528145E-3
2.346666667E1	6.339203095E-2	-2.535767343E-2	4.898755277E-2	-4.652021888E-2	-1.535088145E-2
2.350000000E1	6.157277314E-2	-2.722898072E-2	6.257890264E-2	-5.574624328E-2	-2.843370211E-2
2.353333333E1	6.149645081E-2	-2.907408965E-2	1.342937607E-1	1.219498955E-1	-5.624088496E-2
2.356666667E1	5.782338081E-2	-1.909898768E-2	1.725961229E-1	1.635967199E-1	-5.500486215E-2
2.360000000E1	5.782946000E-2	-1.816764166E-2	3.740771784E-3	3.645718821E-3	-8.379187418E-4
2.363333333E1	5.776751956E-2	-1.885593976E-2	2.378606401E-2	-2.041504975E-2	-1.220666149E-2
2.366666667E1	5.701568256E-2	-1.952864497E-2	1.798311089E-1	-1.591149998E-1	8.379525386E-2
2.370000000E1	6.335386981E-2	-2.946360641E-2	1.717766857E-1	-1.313952329E-1	1.106459331E-1
2.373333333E1	6.439207811E-2	-2.828832717E-2	5.049106024E-2	4.890641768E-2	1.255027781E-2
2.376666667E1	6.419055500E-2	-2.620317857E-2	2.133480388E-1	1.128476767E-1	-1.810601765E-1
2.380000000E1	5.232139967E-2	-2.076514872E-2	1.042153477E-1	-9.711419572E-2	-3.781099953E-2
2.383333333E1	6.166982170E-2	-3.267745828E-2	2.105336347E-1	-1.465672951E-1	1.511371540E-1
2.386666667E1	6.239720994E-2	-3.053630173E-2	4.621384152E-2	3.822216769E-2	2.597662498E-2
2.390000000E1	6.340159670E-2	-3.012931377E-2	1.928998107E-2	1.464985514E-2	1.254930733E-2
2.393333333E1	6.323383043E-2	-2.955964472E-2	1.067394611E-1	1.064059737E-1	-8.430974143E-3
2.396666667E1	6.283953176E-2	-2.303558219E-2	4.550195043E-2	4.436781871E-2	1.009574940E-2
2.400000000E1	6.390688039E-2	-2.660179014E-2	8.556850463E-2	-8.543249745E-2	-4.822589016E-3
2.403333333E1	6.251802582E-2	-2.873108202E-2	7.078630044E-2	-6.315108942E-2	-3.197874662E-2
2.406666667E1	6.177496395E-2	-3.081186276E-2	1.668478647E-1	1.447171194E-1	-8.303713203E-2
2.410000000E1	5.698221702E-2	-1.908327406E-2	1.905425685E-1	1.756231715E-1	-7.391192081E-2
2.413333333E1	5.684750256E-2	-1.910365133E-2	1.971389797E-2	-1.906300681E-2	-5.023897343E-3
2.416666667E1	5.664729053E-2	-2.035414118E-2	3.812075081E-2	1.131496749E-2	-3.640279045E-2
2.420000000E1	5.442064986E-2	-1.834932017E-2	1.781417303E-1	-1.559880378E-1	-8.603608629E-2
2.423333333E1	5.091155144E-2	-3.075334370E-2	3.970989313E-2	-6.610459607E-3	-3.915580974E-2
2.426666667E1	5.181026255E-2	-1.879001747E-2	6.069614418E-2	-2.259304164E-2	5.633450442E-2
2.430000000E1	5.466718507E-2	-3.225954648E-2	2.295187153E-1	-2.077323306E-1	9.760184153E-2
2.433333333E1	5.831705198E-2	-3.263883952E-2	2.605045310E-2	-1.981928095E-3	2.597495078E-2
2.436666667E1	5.639884846E-2	-3.239167502E-2	8.437865856E-2	8.475485829E-3	8.395191577E-2
2.440000000E1	6.391384637E-2	-3.207380713E-2	9.365701936E-2	4.969682545E-3	9.352507435E-2
2.443333333E1	6.263385341E-2	-3.206036285E-2	1.341821036E-1	-5.823399462E-3	-1.340556785E-1
2.446666667E1	5.497680113E-2	-3.246203376E-2	7.225111117E-2	-3.533738158E-2	-6.301977887E-2
2.450000000E1	5.843253482E-2	-3.441618829E-2	1.589043851E-1	8.052844889E-2	1.369882204E-1
2.453333333E1	6.410934916E-2	-2.709347050E-2	1.281549731E-1	3.647049290E-2	-1.228560144E-1
2.456666667E1	5.024213386E-2	-3.198482209E-2	7.105641137E-2	1.251793738E-2	-6.994508446E-2
2.460000000E1	5.944634353E-2	-2.625894134E-2	1.476060444E-1	7.008698454E-2	1.299051921E-1
2.463333333E1	5.890248000E-2	-2.731235646E-2	1.824623721E-2	-1.694128889E-2	-6.776275018E-3
2.466666667E1	5.899459186E-2	-2.738836060E-2	1.125329602E-2	6.019927101E-3	9.507741526E-3
2.470000000E1	5.953632944E-2	-2.691102798E-2	5.601931064E-2	5.569861491E-2	5.985604555E-3
2.473333333E1	5.939363217E-2	-2.367511960E-2	1.344086227E-1	-4.601677752E-2	-1.262859218E-1
2.476666667E1	5.111726799E-2	-2.997881315E-2	1.064156669E-1	-4.754442331E-2	9.520410690E-2
2.480000000E1	6.574057263E-2	-2.684474783E-2	2.352305855E-1	6.212880774E-2	2.268775873E-1
2.483333333E1	6.624244047E-2	-2.583689264E-2	1.182883592E-1	-6.747584013E-2	-9.715527220E-2
2.486666667E1	5.926355448E-2	-3.134313717E-2	1.516622025E-1	-1.085294478E-1	-1.059376356E-1
2.490000000E1	5.917993143E-2	-3.307218915E-2	1.657967115E-2	5.399734731E-3	-1.567572519E-2
2.493333333E1	5.821850613E-2	-3.098315485E-2	3.491726533E-2	9.960283678E-4	-3.490305640E-2
2.496666667E1	5.685306100E-2	-3.300578726E-2	7.329956860E-2	-3.398487299E-2	-6.494501647E-2
2.500000000E1	5.388883837E-2	-3.324881305E-2	4.480676604E-2	1.200484783E-2	-4.316862184E-2
2.503333333E1	5.397515288E-2	-3.220546407E-2	5.281662574E-2	-3.198087931E-2	4.203354986E-2
2.506666667E1	5.669107502E-2	-3.538087167E-2	2.436099708E-2	6.385357027E-3	-2.350926189E-2
2.510000000E1	5.240786876E-2	-3.177977360E-2	1.502052616E-1	1.402255752E-1	5.383687079E-2
2.513333333E1	6.028019974E-2	-2.603249999E-2	1.383764614E-1	7.337708453E-2	1.173194295E-1
2.516666667E1	6.022916406E-2	-2.688796797E-2	1.246710862E-2	-1.242681827E-2	-1.001491414E-3
2.520000000E1	6.021343365E-2	-2.686095454E-2	1.269192338E-2	1.235232946E-2	2.916312018E-3
2.523333333E1	6.042358486E-2	-2.606447934E-2	3.156258819E-2	-2.473863996E-2	1.960093533E-2
2.526666667E1	6.152016267E-2	-2.851019721E-2	1.590615039E-1	-3.249003560E-2	-1.557079304E-1
2.530000000E1	5.004305616E-2	-2.823048171E-2	5.873804745E-2	4.233092750E-2	4.072162564E-2
2.533333333E1	6.423493771E-2	-2.568813537E-2	1.588455478E-1	1.317961536E-1	8.866612640E-2
2.536666667E1	5.595413125E-2	-1.944407147E-2	1.657305958E-1	-1.106214579E-1	-1.234079554E-1
2.540000000E1	5.600774069E-2	-3.306289923E-2	1.752893399E-1	-1.238524386E-1	1.240440492E-1
2.543333333E1	6.422373454E-2	-2.770090071E-2	1.123026181E-1	1.817737630E-2	1.108217534E-1
2.546666667E1	6.339585758E-2	-3.185107414E-2	7.210967564E-2	-7.099318118E-2	-1.264015612E-2
2.550000000E1	6.338105746E-2	-3.243377946E-2	1.979372879E-2	-1.696318009E-2	-1.020010885E-2
2.553333333E1	6.271585032E-2	-3.298195282E-2	1.187846886E-1	-2.560164189E-2	-1.159929230E-1
2.556666667E1	5.564819593E-2	-3.414055558E-2	1.385175058E-1	-1.858927406E-3	-1.385050316E-1
2.560000000E1	5.348218155E-2	-3.310588131E-2	5.818120506E-2	3.317670970E-2	-4.779496371E-2
2.563333333E1	5.246186502E-2	-3.192877494E-2	1.633048384E-1	1.174078310E-1	1.135071427E-1
2.566666667E1	6.104932440E-2	-2.527869258E-2	1.430213433E-1	5.812796142E-2	1.306761062E-1
2.570000000E1	6.117360543E-2	-2.805357751E-2	2.087016106E-2	-1.201268572E-2	-1.706631197E-2
2.573333333E1	5.991157026E-2	-2.607953829E-2	3.980448582E-2	3.511923798E-2	-1.873596049E-2
2.576666667E1	5.992454140E-2	-2.571229498E-2	1.422841413E-1	1.311705329E-1	-5.512774399E-2
2.580000000E1	5.623638733E-2	-1.733483609E-2	9.887726253E-3	7.295971156E-3	6.673524956E-3
2.583333333E1	6.036944306E-2	-2.522589690E-2	3.999255596E-2	-1.304882268E-2	-3.780387227E-2
2.586666667E1	5.371612918E-2	-1.820475761E-2	8.585108949E-2	6.079699323E-2	-6.061464493E-2
2.590000000E1	5.632846673E-2	-2.117276402E-2	1.901311281E-1	-1.264778053E-1	1.419620042E-1
2.593333333E1	6.318026279E-2	-2.663661129E-2	1.155703324E-1	-7.179618482E-2	9.056384253E-2
2.596666667E1	6.236605623E-2	-2.595917634E-2	1.794570518E-2	1.412945758E-2	-1.106375900E-2
2.600000000E1	6.244267886E-2	-2.569464745E-2	3.571114550E-2	1.191910948E-3	3.569124908E-2
2.603333333E1	6.474547284E-2	-2.587971561E-2	3.473871203E-2	4.151942800E-3	3.448970114E-2
2.606666667E1	6.474199227E-2	-2.541785127E-2	2.093504603E-2	3.194430434E-3	-2.068989527E-2
2.610000000E1	6.336614649E-2	-2.566675358E-2	2.764837516E-2	-8.879951981E-3	-2.618356549E-2
2.613333333E1	6.299642123E-2	-2.600984807E-2	4.818955104E-2	3.160964744E-2	-3.637393322E-2
2.616666667E1	6.094121761E-2	-2.355944375E-2	7.594582425E-2	-4.149538909E-2	-6.360739662E-2
2.620000000E1	5.875592813E-2	-2.877620734E-2	2.084136855E-1	4.466648734E-2	-2.035710422E-1
2.623333333E1	4.736981479E-2	-2.058167793E-2	3.529105743E-2	-1.276265213E-2	-3.290248388E-2
2.626666667E1	5.656242920E-2	-2.962705082E-2	1.477075708E-1	4.085102138E-2	1.419461888E-1
2.630000000E1	5.683289405E-2	-1.785827650E-2	1.699986599E-1	1.699868726E-1	2.001877978E-3
2.633333333E1	5.669588773E-2	-1.829459264E-2	2.065146748E-1	-1.933772080E-1	7.248148962E-2
2.636666667E1	6.166499336E-2	-3.075009037E-2	1.930354251E-1	-1.921678312E-1	1.828113805E-2
2.640000000E1	5.791463027E-2	-3.110578139E-2	4.523234507E-2	4.523195894E-2	-1.868997117E-4
2.643333333E1	6.165253338E-2	-2.773462644E-2	8.252348090E-2	5.337818554E-2	6.293563544E-2
2.646666667E1	6.211033930E-2	-2.754723568E-2	6.554781246E-2	-6.551980019E-2	1.916116269E-3
2.650000000E1	6.178027446E-2	-3.210261312E-2	6.601258201E-2	-6.490321105E-2	1.205131440E-2
2.653333333E1	6.291376026E-2	-3.187411642E-2	1.960477464E-2	1.944429561E-2	-2.503309237E-3
2.656666667E1	6.161338718E-2	-3.080632675E-2	1.313906235E-1	1.300623836E-1	-1.863524435E-2
2.660000000E1	6.167141064E-2	-2.320329085E-2	8.922485899E-2	8.107037814E-2	3.726485273E-2
2.663333333E1	6.409771069E-2	-2.540163487E-2	4.719679483E-2	-3.778558346E-2	2.828050787E-2
2.666666667E1	6.355677783E-2	-2.572232975E-2	1.217841966E-1	7.279370267E-2	-9.763435559E-2
2.670000000E1	5.758875365E-2	-2.054872136E-2	4.135450512E-2	-3.525676042E-2	-2.161379047E-2
2.673333333E1	6.211585846E-2	-2.807278044E-2	1.496453547E-1	-1.457071362E-1	-3.410517057E-2
2.676666667E1	5.531507562E-2	-3.026253044E-2	1.304805207E-1	-7.067812144E-2	-1.096803056E-1
2.680000000E1	5.480383809E-2	-3.278465521E-2	4.862600986E-2	-4.516209485E-2	-1.802426210E-2
2.683333333E1	5.411345814E-2	-3.327333676E-2	9.776447385E-2	7.721822425E-2	5.996030514E-2
2.686666667E1	5.880119176E-2	-2.763677359E-2	1.246181439E-1	1.046704291E-1	-6.762974982E-2
2.690000000E1	4.960480815E-2	-2.629530816E-2	1.392519394E-1	2.015980398E-2	-1.377849228E-1
2.693333333E1	4.961553025E-2	-2.629278666E-2	1.559037684E-1	-9.003487661E-2	1.272780656E-1
2.696666667E1	5.809001253E-2	-3.229763327E-2	1.720712468E-1	-8.281159028E-2	1.508335324E-1
2.700000000E1	5.967109907E-2	-3.181355934E-2	3.250532143E-2	2.104293459E-2	2.477480221E-2
2.703333333E1	5.974166601E-2	-3.089477096E-2	9.303779439E-2	7.558716321E-2	-5.424584725E-2
2.706666667E1	5.605470926E-2	-2.677441513E-2	1.049814780E-1	8.359099483E-2	6.351107229E-2
2.710000000E1	6.397573749E-2	-2.532203797E-2	1.242739927E-1	1.843457785E-2	1.228991115E-1
2.713333333E1	6.424798336E-2	-2.554544327E-2	3.892389580E-2	2.569645073E-2	-2.923631447E-2
2.716666667E1	6.202664986E-2	-2.360894126E-2	4.279152854E-2	1.969284383E-2	-3.799087808E-2
2.720000000E1	6.171525815E-2	-2.423258702E-2	1.284009581E-1	5.235372328E-2	-1.172428833E-1
2.723333333E1	5.421045764E-2	-2.011869304E-2	5.555941731E-2	1.029068132E-2	-5.459808357E-2
2.726666667E1	5.807538592E-2	-2.354654160E-2			
